Date,Open,High,Low,Close
1992-06-03,1.7230724076093253,1.7230724076093253,1.679995597419092,1.69435453414917
1992-06-04,1.6943518754814852,1.7230697038794767,1.6943518754814852,1.708710789680481
1992-06-05,1.6943518754814852,1.708710789680481,1.6943518754814852,1.708710789680481
1992-06-08,1.6943518754814852,1.708710789680481,1.6943518754814852,1.708710789680481
1992-06-09,1.7087134708792475,1.7087134708792475,1.69435453414917,1.69435453414917
1992-06-10,1.708710789680481,1.708710789680481,1.6943518754814852,1.708710789680481
1992-06-11,1.7087134708792475,1.7087134708792475,1.69435453414917,1.69435453414917
1992-06-12,1.7087134708792475,1.7087134708792475,1.679995597419092,1.69435453414917
1992-06-15,1.6943548337007182,1.6943548337007182,1.6799958944320679,1.6799958944320679
1992-06-16,1.6943548337007182,1.6943548337007182,1.6799958944320679,1.6799958944320679
1992-06-17,1.6943518754814852,1.708710789680481,1.6943518754814852,1.708710789680481
1992-06-18,1.69435453414917,1.7087134708792475,1.69435453414917,1.69435453414917
1992-06-19,1.679995597419092,1.69435453414917,1.679995597419092,1.69435453414917
1992-06-22,1.6943548337007182,1.6943548337007182,1.6799958944320679,1.6799958944320679
1992-06-23,1.69435453414917,1.69435453414917,1.679995597419092,1.69435453414917
1992-06-24,1.679995597419092,1.69435453414917,1.679995597419092,1.69435453414917
1992-06-25,1.6799960763290012,1.6799960763290012,1.6656371355056763,1.6656371355056763
1992-06-26,1.679995597419092,1.69435453414917,1.679995597419092,1.69435453414917
1992-06-29,1.6943518754814852,1.7230697038794767,1.6943518754814852,1.708710789680481
1992-06-30,1.6943518754814852,1.708710789680481,1.6943518754814852,1.708710789680481
1992-07-01,1.6943518754814852,1.708710789680481,1.6943518754814852,1.708710789680481
1992-07-02,1.6943561522687067,1.7517919540405273,1.6943561522687067,1.7517919540405273
1992-07-06,1.7374317646026611,1.7374317646026611,1.7374317646026611,1.7374317646026611
1992-07-07,1.7374330035975722,1.7661509044834824,1.7374330035975722,1.7517919540405273
1992-07-08,1.7517919540405273,1.7517919540405273,1.7374330035975722,1.7517919540405273
1992-07-09,1.7616102695465088,1.7616102695465088,1.747170841107603,1.7616102695465088
1992-07-10,1.7760496979854146,1.7760496979854146,1.7616102695465088,1.7616102695465088
1992-07-13,1.747170841107603,1.7616102695465088,1.747170841107603,1.7616102695465088
1992-07-14,1.761608294355191,1.776047706604004,1.761608294355191,1.776047706604004
1992-07-15,1.761608294355191,1.7904871188528169,1.761608294355191,1.776047706604004
1992-07-16,1.7760496979854146,1.7904891264243203,1.7616102695465088,1.7616102695465088
1992-07-17,1.776047706604004,1.776047706604004,1.7471688821063778,1.776047706604004
1992-07-20,1.776047706604004,1.776047706604004,1.761608294355191,1.776047706604004
1992-07-21,1.7760496979854146,1.7904891264243203,1.7616102695465088,1.7616102695465088
1992-07-22,1.761608294355191,1.776047706604004,1.761608294355191,1.776047706604004
1992-07-23,1.761608294355191,1.776047706604004,1.761608294355191,1.776047706604004
1992-07-24,1.776048230548059,1.7904876470565796,1.761608814039538,1.7904876470565796
1992-07-27,1.7904876470565796,1.8049270635651005,1.776048230548059,1.7904876470565796
1992-07-28,1.7760501537323,1.8049290180206299,1.7760501537323,1.8049290180206299
1992-07-29,1.8049275118207175,1.833806352009849,1.7904880917261519,1.8193669319152832
1992-07-30,1.8193669319152832,1.8193669319152832,1.8049275118207175,1.8193669319152832
1992-07-31,1.8049275118207175,1.833806352009849,1.8049275118207175,1.8193669319152832
1992-08-03,1.8193654375752126,1.8338048458099365,1.8049260293404887,1.8338048458099365
1992-08-04,1.8193654375752126,1.8338048458099365,1.8193654375752126,1.8338048458099365
1992-08-05,1.8338048458099365,1.8338048458099365,1.8049260293404887,1.8338048458099365
1992-08-06,1.8193665482103825,1.84824538230896,1.8193665482103825,1.84824538230896
1992-08-07,1.8338059652596712,1.84824538230896,1.8338059652596712,1.84824538230896
1992-08-10,1.843599796295166,1.8581163301242618,1.8290832624660702,1.843599796295166
1992-08-11,1.8290849475860596,1.8436014947891235,1.8145684003829956,1.8145684003829956
1992-08-12,1.8145684003829956,1.8436014947891235,1.8000518531799317,1.8145684003829956
1992-08-13,1.8290834426879883,1.8435999779474168,1.81456690742856,1.8290834426879883
1992-08-14,1.8435999779474168,1.8435999779474168,1.8290834426879883,1.8290834426879883
1992-08-17,1.8435982744539936,1.8435982744539936,1.8000487089157104,1.8000487089157104
1992-08-18,1.8145684003829956,1.8290849475860596,1.8000518531799317,1.8145684003829956
1992-08-19,1.8145684003829956,1.8290849475860596,1.8145684003829956,1.8145684003829956
1992-08-20,1.8145684003829956,1.8290849475860596,1.8000518531799317,1.8145684003829956
1992-08-21,1.8145652307618048,1.8145652307618048,1.785532187069616,1.8000487089157104
1992-08-24,1.7855355309658363,1.7855355309658363,1.7565024329013512,1.7710189819335938
1992-08-25,1.75650059886095,1.7855336666107178,1.741984064986066,1.7855336666107178
1992-08-26,1.7855355309658363,1.7855355309658363,1.7565024329013512,1.7710189819335938
1992-08-27,1.756501317024231,1.7710178568343486,1.756501317024231,1.756501317024231
1992-08-28,1.7710189819335938,1.7855355309658363,1.7565024329013512,1.7710189819335938
1992-08-31,1.7855336666107178,1.7855336666107178,1.771017132735834,1.7855336666107178
1992-09-01,1.7855336666107178,1.8000502004856016,1.7855336666107178,1.7855336666107178
1992-09-02,1.8000487089157104,1.8000487089157104,1.785532187069616,1.8000487089157104
1992-09-03,1.8000487089157104,1.8000487089157104,1.785532187069616,1.8000487089157104
1992-09-04,1.7855336666107178,1.8000502004856016,1.7855336666107178,1.7855336666107178
1992-09-08,1.8000487089157104,1.8000487089157104,1.7710156652235216,1.8000487089157104
1992-09-09,1.7953786917271153,1.809975266456604,1.7807821169976263,1.809975266456604
1992-09-10,1.7953786917271153,1.809975266456604,1.7953786917271153,1.809975266456604
1992-09-11,1.8099763412785725,1.8099763412785725,1.7953797578811646,1.7953797578811646
1992-09-14,1.809975266456604,1.8245718411860927,1.7953786917271153,1.809975266456604
1992-09-15,1.8099785241924349,1.8099785241924349,1.780785322189331,1.780785322189331
1992-09-16,1.7953786917271153,1.809975266456604,1.7807821169976263,1.809975266456604
1992-09-17,1.8245729246759803,1.8245729246759803,1.7953797578811646,1.7953797578811646
1992-09-18,1.7953797578811646,1.8099763412785725,1.7953797578811646,1.7953797578811646
1992-09-21,1.7807831744837568,1.8099763412785725,1.7807831744837568,1.7953797578811646
1992-09-22,1.8099763412785725,1.8099763412785725,1.7953797578811646,1.7953797578811646
1992-09-23,1.795381923190883,1.8099785241924349,1.780785322189331,1.780785322189331
1992-09-24,1.780785322189331,1.780785322189331,1.7661887211877794,1.780785322189331
1992-09-25,1.766186237335205,1.7807828178090497,1.766186237335205,1.766186237335205
1992-09-28,1.766186237335205,1.7807828178090497,1.766186237335205,1.766186237335205
1992-09-29,1.766186237335205,1.766186237335205,1.7515896568613605,1.766186237335205
1992-09-30,1.766186237335205,1.7807828178090497,1.766186237335205,1.766186237335205
1992-10-01,1.780785322189331,1.780785322189331,1.7661887211877794,1.780785322189331
1992-10-02,1.766186237335205,1.7807828178090497,1.766186237335205,1.766186237335205
1992-10-05,1.7661871979633967,1.7807837863763174,1.751590609550476,1.751590609550476
1992-10-06,1.7515896568613605,1.766186237335205,1.7515896568613605,1.766186237335205
1992-10-07,1.7661871979633967,1.7661871979633967,1.751590609550476,1.751590609550476
1992-10-08,1.7468930641810099,1.7615728378295898,1.7468930641810099,1.7615728378295898
1992-10-09,1.7615728378295898,1.7615728378295898,1.7468930641810099,1.7615728378295898
1992-10-12,1.7615716196909672,1.7615716196909672,1.7468918561935425,1.7468918561935425
1992-10-13,1.7468930641810099,1.7615728378295898,1.7468930641810099,1.7615728378295898
1992-10-14,1.7468927280961974,1.776252269744873,1.7468927280961974,1.776252269744873
1992-10-15,1.7762526114781698,1.7909323851267498,1.7468930641810099,1.7615728378295898
1992-10-16,1.7468918561935425,1.7615716196909672,1.7322120926961178,1.7468918561935425
1992-10-19,1.7322126626968384,1.7468924310247778,1.7322126626968384,1.7322126626968384
1992-10-20,1.7468924310247778,1.7468924310247778,1.7322126626968384,1.7322126626968384
1992-10-21,1.732212881756644,1.732212881756644,1.7028533413878872,1.7175331115722656
1992-10-22,1.7028531260409598,1.7322126626968384,1.7028531260409598,1.7322126626968384
1992-10-23,1.7322121344763657,1.7322121344763657,1.7028526067733765,1.7028526067733765
1992-10-26,1.7175347701362942,1.7175347701362942,1.6881752014160156,1.6881752014160156
1992-10-27,1.702854985776155,1.702854985776155,1.6734954170558765,1.6881752014160156
1992-10-28,1.6881721898129112,1.7028519479851973,1.6588126734683388,1.673492431640625
1992-10-29,1.673492431640625,1.6881721898129112,1.6588126734683388,1.673492431640625
1992-10-30,1.6881728429218819,1.7028526067733765,1.6881728429218819,1.7028526067733765
1992-11-02,1.7175328943688992,1.7322126626968384,1.7175328943688992,1.7322126626968384
1992-11-03,1.7175328943688992,1.7322126626968384,1.7028531260409598,1.7322126626968384
1992-11-04,1.7175331115722656,1.732212881756644,1.7175331115722656,1.7175331115722656
1992-11-05,1.7028533413878872,1.732212881756644,1.7028533413878872,1.7175331115722656
1992-11-06,1.7128089407215947,1.7128089407215947,1.6980433464050293,1.6980433464050293
1992-11-09,1.6980433464050293,1.6980433464050293,1.6832777520884639,1.6980433464050293
1992-11-10,1.7128082829662878,1.74233946025881,1.6980426943200266,1.7275738716125488
1992-11-11,1.7275740802288055,1.7275740802288055,1.7128084897994995,1.7128084897994995
1992-11-12,1.7275738716125488,1.74233946025881,1.7128082829662878,1.7275738716125488
1992-11-13,1.7128082829662878,1.74233946025881,1.7128082829662878,1.7275738716125488
1992-11-16,1.7275738716125488,1.7275738716125488,1.7128082829662878,1.7275738716125488
1992-11-17,1.7275740802288055,1.7275740802288055,1.7128084897994995,1.7128084897994995
1992-11-18,1.6980428993701935,1.7275740802288055,1.6980428993701935,1.7128084897994995
1992-11-19,1.7128084897994995,1.7423396706581116,1.7128084897994995,1.7128084897994995
1992-11-20,1.7275721299446236,1.742337703704834,1.712806556184413,1.742337703704834
1992-11-23,1.7423390500685747,1.7571046352386475,1.7275734648985022,1.7571046352386475
1992-11-24,1.7571032774650444,1.7571032774650444,1.742337703704834,1.742337703704834
1992-11-25,1.742337703704834,1.7571032774650444,1.742337703704834,1.742337703704834
1992-11-27,1.7423390500685747,1.7571046352386475,1.7423390500685747,1.7571046352386475
1992-11-30,1.7571046352386475,1.7571046352386475,1.7423390500685747,1.7571046352386475
1992-12-01,1.7571046352386475,1.77187022040872,1.7571046352386475,1.7571046352386475
1992-12-02,1.7571046352386475,1.77187022040872,1.7423390500685747,1.7571046352386475
1992-12-03,1.7423390500685747,1.7571046352386475,1.7275734648985022,1.7571046352386475
1992-12-04,1.7571046352386475,1.77187022040872,1.7275734648985022,1.7571046352386475
1992-12-07,1.7423390500685747,1.77187022040872,1.7423390500685747,1.7571046352386475
1992-12-08,1.7571032774650444,1.771868851225255,1.742337703704834,1.742337703704834
1992-12-09,1.7524374012185746,1.7821397300527877,1.7524374012185746,1.7672885656356812
1992-12-10,1.7821394205093384,1.7821394205093384,1.7672882586717604,1.7821394205093384
1992-12-11,1.7672882586717604,1.7821394205093384,1.7672882586717604,1.7821394205093384
1992-12-14,1.7672885656356812,1.7821397300527877,1.7672885656356812,1.7672885656356812
1992-12-15,1.7672875553874647,1.7821387113150904,1.7524363994598389,1.7524363994598389
1992-12-16,1.7672885656356812,1.7672885656356812,1.7524374012185746,1.7672885656356812
1992-12-17,1.7672885656356812,1.7672885656356812,1.7524374012185746,1.7672885656356812
1992-12-18,1.7774444818496704,1.7774444818496704,1.762507973598833,1.7774444818496704
1992-12-21,1.7625092267990112,1.7923822645413674,1.7475727079278331,1.7625092267990112
1992-12-22,1.7774458398421606,1.7923823595046997,1.7475728005170823,1.7923823595046997
1992-12-23,1.7774444818496704,1.792380990100508,1.7774444818496704,1.7774444818496704
1992-12-24,1.7774458398421606,1.7923823595046997,1.7774458398421606,1.7923823595046997
1992-12-28,1.7774444818496704,1.792380990100508,1.762507973598833,1.7774444818496704
1992-12-29,1.792380990100508,1.792380990100508,1.7774444818496704,1.7774444818496704
1992-12-30,1.792380990100508,1.792380990100508,1.7774444818496704,1.7774444818496704
1992-12-31,1.7774458398421606,1.7923823595046997,1.7774458398421606,1.7923823595046997
1993-01-04,1.792380990100508,1.792380990100508,1.762507973598833,1.7774444818496704
1993-01-05,1.77744740986627,1.807320475578308,1.77744740986627,1.807320475578308
1993-01-06,1.7923843274351026,1.822257399559021,1.7923843274351026,1.822257399559021
1993-01-07,1.8222570084343273,1.8222570084343273,1.807320475578308,1.807320475578308
1993-01-08,1.807320475578308,1.807320475578308,1.77744740986627,1.807320475578308
1993-01-11,1.8025108575820923,1.8025108575820923,1.787489933768908,1.8025108575820923
1993-01-12,1.8025108575820923,1.8025108575820923,1.772469009955724,1.8025108575820923
1993-01-13,1.787489933768908,1.8025108575820923,1.787489933768908,1.8025108575820923
1993-01-14,1.8025108575820923,1.8025108575820923,1.787489933768908,1.8025108575820923
1993-01-15,1.8025108575820923,1.8175317813952763,1.787489933768908,1.8025108575820923
1993-01-18,1.787489933768908,1.8025108575820923,1.787489933768908,1.8025108575820923
1993-01-19,1.8025113728420794,1.8175323009490967,1.7874904447350621,1.8175323009490967
1993-01-20,1.8325527052084605,1.8325527052084605,1.8025108575820923,1.8025108575820923
1993-01-21,1.8175323009490967,1.8175323009490967,1.8025113728420794,1.8175323009490967
1993-01-22,1.8025108575820923,1.8175317813952763,1.8025108575820923,1.8025108575820923
1993-01-25,1.8175323009490967,1.832553229056114,1.8025113728420794,1.8175323009490967
1993-01-26,1.802514811031154,1.8325567245483398,1.802514811031154,1.8325567245483398
1993-01-27,1.832553229056114,1.8475741571631314,1.8175323009490967,1.8175323009490967
1993-01-28,1.8175357677897468,1.8325567245483398,1.802514811031154,1.8325567245483398
1993-01-29,1.832553229056114,1.8475741571631314,1.8175323009490967,1.8175323009490967
1993-02-01,1.8475741571631314,1.8475741571631314,1.8175323009490967,1.8175323009490967
1993-02-02,1.8325567245483398,1.8475776813069327,1.8175357677897468,1.8325567245483398
1993-02-03,1.8475749492645264,1.8475749492645264,1.8175330801707943,1.8475749492645264
1993-02-04,1.8625958838113923,1.8625958838113923,1.8475749492645264,1.8475749492645264
1993-02-05,1.8625986380655257,1.8776195948241186,1.8325567245483398,1.8325567245483398
1993-02-08,1.832552756032636,1.8625946044921875,1.832552756032636,1.8625946044921875
1993-02-09,1.8577632395947565,1.8577632395947565,1.8426594734191895,1.8426594734191895
1993-02-10,1.8426601433556926,1.8426601433556926,1.8275563716888428,1.8275563716888428
1993-02-11,1.8577639150225427,1.8577639150225427,1.8275563716888428,1.8275563716888428
1993-02-12,1.8426584005355835,1.872865915298462,1.8275546431541443,1.872865915298462
1993-02-16,1.872866095566168,1.872866095566168,1.8275548190605349,1.857762336730957
1993-02-17,1.857762336730957,1.857762336730957,1.8275548190605349,1.857762336730957
1993-02-18,1.8577617473602295,1.8879692554473877,1.8426579933166503,1.8879692554473877
1993-02-19,1.8728656243151567,1.9181768894195557,1.8728656243151567,1.9181768894195557
1993-02-22,1.8879699092062692,1.9181774277535695,1.8879699092062692,1.9030736684799194
1993-02-23,1.903073134384756,1.9181768894195557,1.903073134384756,1.9181768894195557
1993-02-24,1.9181774277535695,1.9332811870272197,1.9030736684799194,1.9030736684799194
1993-02-25,1.9030736684799194,1.9181774277535695,1.8879699092062692,1.9030736684799194
1993-02-26,1.8879693793499563,1.9332806444543553,1.8879693793499563,1.9181768894195557
1993-03-01,1.9181765960529447,1.933280348777771,1.9181765960529447,1.933280348777771
1993-03-02,1.933280348777771,1.9483841015025973,1.9181765960529447,1.933280348777771
1993-03-03,1.918177832928739,1.9483853578567505,1.918177832928739,1.9483853578567505
1993-03-04,1.9483841015025973,1.9634878542274237,1.933280348777771,1.933280348777771
1993-03-05,1.9332815953927447,1.9483853578567505,1.918177832928739,1.9483853578567505
1993-03-08,1.9483841015025973,1.9634878542274237,1.933280348777771,1.933280348777771
1993-03-09,1.94360659103985,1.9587910175323486,1.9284221645473512,1.9587910175323486
1993-03-10,1.9436061382293701,1.9436061382293701,1.9284217152744532,1.9436061382293701
1993-03-11,1.9436061382293701,1.9436061382293701,1.9284217152744532,1.9436061382293701
1993-03-12,1.9436059185839074,1.9436059185839074,1.9132370761060338,1.9284214973449707
1993-03-15,1.913237452507019,1.9284218767332653,1.8980530282807728,1.913237452507019
1993-03-16,1.9284218767332653,1.9284218767332653,1.913237452507019,1.913237452507019
1993-03-17,1.9132370761060338,1.9284214973449707,1.9132370761060338,1.9284214973449707
1993-03-18,1.9284217152744532,1.9436061382293701,1.9284217152744532,1.9436061382293701
1993-03-19,1.9436059185839074,1.9436059185839074,1.9284214973449707,1.9284214973449707
1993-03-22,1.9436063009595115,1.9436063009595115,1.913237452507019,1.913237452507019
1993-03-23,1.913237452507019,1.9284218767332653,1.8980530282807728,1.913237452507019
1993-03-24,1.913237452507019,1.9284218767332653,1.8980530282807728,1.913237452507019
1993-03-25,1.9284218767332653,1.9284218767332653,1.8980530282807728,1.913237452507019
1993-03-26,1.9284214973449707,1.9436059185839074,1.9132370761060338,1.9284214973449707
1993-03-29,1.9436063009595115,1.9436063009595115,1.913237452507019,1.913237452507019
1993-03-30,1.9284214973449707,1.9436059185839074,1.9132370761060338,1.9284214973449707
1993-03-31,1.9284214973449707,1.9436059185839074,1.9132370761060338,1.9284214973449707
1993-04-01,1.9284218767332653,1.9284218767332653,1.913237452507019,1.913237452507019
1993-04-02,1.9132370761060338,1.9284214973449707,1.9132370761060338,1.9284214973449707
1993-04-05,1.9132370761060338,1.9284214973449707,1.9132370761060338,1.9284214973449707
1993-04-06,1.9284214973449707,1.9436059185839074,1.9284214973449707,1.9284214973449707
1993-04-07,1.9284214973449707,1.9436059185839074,1.9284214973449707,1.9284214973449707
1993-04-08,1.9388041496276855,1.9540703240342028,1.9235379752211683,1.9388041496276855
1993-04-12,1.9388021444901824,1.9540683031082153,1.9235359858721495,1.9540683031082153
1993-04-13,1.9540703240342028,1.9540703240342028,1.9235379752211683,1.9388041496276855
1993-04-14,1.923539161682129,1.954071529327877,1.9082729778592549,1.923539161682129
1993-04-15,1.9235386848449707,1.9235386848449707,1.9082725048065186,1.9082725048065186
1993-04-16,1.9082725048065186,1.9388048648834229,1.9082725048065186,1.9082725048065186
1993-04-19,1.923539161682129,1.923539161682129,1.9082729778592549,1.923539161682129
1993-04-20,1.9235386848449707,1.9388048648834229,1.9082725048065186,1.9082725048065186
1993-04-21,1.9082729778592549,1.938805345505003,1.9082729778592549,1.923539161682129
1993-04-22,1.9235379752211683,1.9388041496276855,1.9235379752211683,1.9388041496276855
1993-04-23,1.9388048648834229,1.9388048648834229,1.9082725048065186,1.9082725048065186
1993-04-26,1.923539161682129,1.938805345505003,1.923539161682129,1.923539161682129
1993-04-27,1.938805345505003,1.954071529327877,1.923539161682129,1.923539161682129
1993-04-28,1.9388048648834229,1.9388048648834229,1.9082725048065186,1.9082725048065186
1993-04-29,1.908271800814651,1.9388041496276855,1.908271800814651,1.9388041496276855
1993-04-30,1.9388041496276855,1.9388041496276855,1.9235379752211683,1.9388041496276855
1993-05-03,1.938805345505003,1.954071529327877,1.923539161682129,1.923539161682129
1993-05-04,1.923539161682129,1.954071529327877,1.923539161682129,1.923539161682129
1993-05-05,1.9388041496276855,1.9388041496276855,1.9235379752211683,1.9388041496276855
1993-05-06,1.9388021444901824,1.9540683031082153,1.9388021444901824,1.9540683031082153
1993-05-07,1.9540683031082153,1.9540683031082153,1.9388021444901824,1.9540683031082153
1993-05-10,1.9645069753091167,1.9645069753091167,1.9338115538199117,1.9491592645645142
1993-05-11,1.94915643427521,1.9645041227340698,1.94915643427521,1.9645041227340698
1993-05-12,1.9645041227340698,1.9645041227340698,1.94915643427521,1.9645041227340698
1993-05-13,1.9645041227340698,1.9645041227340698,1.94915643427521,1.9645041227340698
1993-05-14,1.9491592645645142,1.9491592645645142,1.9338115538199117,1.9491592645645142
1993-05-17,1.933811068534851,1.9491587754279847,1.933811068534851,1.933811068534851
1993-05-18,1.9491592473983765,1.9491592473983765,1.9031161155700684,1.9184638261795044
1993-05-19,1.9184623754793597,1.9184623754793597,1.872419278467855,1.903114676475525
1993-05-20,1.8877686262130737,1.9031163386213101,1.8724209138048373,1.8877686262130737
1993-05-21,1.8877686262130737,1.9031163386213101,1.8724209138048373,1.8877686262130737
1993-05-24,1.872419278467855,1.903114676475525,1.8570715794640202,1.903114676475525
1993-05-25,1.88776697747169,1.903114676475525,1.88776697747169,1.903114676475525
1993-05-26,1.903114676475525,1.903114676475525,1.88776697747169,1.903114676475525
1993-05-27,1.9031163386213101,1.9031163386213101,1.8877686262130737,1.8877686262130737
1993-05-28,1.88776697747169,1.903114676475525,1.88776697747169,1.903114676475525
1993-06-01,1.9031161155700684,1.9184638261795044,1.8877684049606323,1.9184638261795044
1993-06-02,1.9184638261795044,1.9184638261795044,1.8417252731323241,1.9184638261795044
1993-06-03,1.9184638261795044,1.9338115367889404,1.9031161155700684,1.9184638261795044
1993-06-04,1.903114676475525,1.9184623754793597,1.903114676475525,1.903114676475525
1993-06-07,1.9031161155700684,1.9184638261795044,1.9031161155700684,1.9184638261795044
1993-06-08,1.9184638261795044,1.9338115367889404,1.9031161155700684,1.9184638261795044
1993-06-09,1.9135260391235351,1.9289577007293701,1.8980943775177002,1.9289577007293701
1993-06-10,1.9135260391235351,1.944389362335205,1.9135260391235351,1.9289577007293701
1993-06-11,1.9289575997860202,1.9289575997860202,1.913525938987732,1.913525938987732
1993-06-14,1.9289577007293701,1.944389362335205,1.9135260391235351,1.9289577007293701
1993-06-15,1.9289577007293701,1.9289577007293701,1.9135260391235351,1.9289577007293701
1993-06-16,1.9289577007293701,1.944389362335205,1.9135260391235351,1.9289577007293701
1993-06-17,1.9289577007293701,1.944389362335205,1.9289577007293701,1.9289577007293701
1993-06-18,1.9289577007293701,1.944389362335205,1.9135260391235351,1.9289577007293701
1993-06-21,1.9135260391235351,1.944389362335205,1.9135260391235351,1.9289577007293701
1993-06-22,1.9289577007293701,1.944389362335205,1.9289577007293701,1.9289577007293701
1993-06-23,1.944389362335205,1.944389362335205,1.9289577007293701,1.9289577007293701
1993-06-24,1.9443880319595337,1.9443880319595337,1.9289563809122359,1.9443880319595337
1993-06-25,1.944389362335205,1.944389362335205,1.9289577007293701,1.9289577007293701
1993-06-28,1.9289563809122359,1.9598196830068317,1.9289563809122359,1.9443880319595337
1993-06-29,1.9598196830068317,1.9598196830068317,1.9289563809122359,1.9443880319595337
1993-06-30,1.9443874321584627,1.9598190784454346,1.9443874321584627,1.9598190784454346
1993-07-01,1.9598190784454346,1.9598190784454346,1.9443874321584627,1.9598190784454346
1993-07-02,1.9598190784454346,1.9752507247324065,1.9443874321584627,1.9598190784454346
1993-07-06,1.975252628326416,1.975252628326416,1.959820967167616,1.975252628326416
1993-07-07,1.990683674812317,2.0061153312062108,1.9598203620245291,1.990683674812317
1993-07-08,1.990683674812317,1.990683674812317,1.975252018418423,1.990683674812317
1993-07-09,1.9702055361121893,1.9857189655303955,1.9702055361121893,1.9857189655303955
1993-07-12,1.9857182465782461,2.0012316703796387,1.9702048227768536,2.0012316703796387
1993-07-13,1.9857189655303955,2.0012323949486017,1.9702055361121893,1.9857189655303955
1993-07-14,2.0012316703796387,2.0012316703796387,1.9857182465782461,2.0012316703796387
1993-07-15,1.9857182465782461,2.0012316703796387,1.9857182465782461,2.0012316703796387
1993-07-16,1.9857182465782461,2.0012316703796387,1.9702048227768536,2.0012316703796387
1993-07-19,2.0012316703796387,2.0012316703796387,1.9857182465782461,2.0012316703796387
1993-07-20,1.9857189655303955,2.0012323949486017,1.9857189655303955,1.9857189655303955
1993-07-21,2.0012323949486017,2.0012323949486017,1.9702055361121893,1.9857189655303955
1993-07-22,1.9857189655303955,2.0012323949486017,1.9857189655303955,1.9857189655303955
1993-07-23,2.0012316703796387,2.0012316703796387,1.9702048227768536,2.0012316703796387
1993-07-26,2.0012316703796387,2.0012316703796387,1.9857182465782461,2.0012316703796387
1993-07-27,2.0012316703796387,2.0012316703796387,1.9857182465782461,2.0012316703796387
1993-07-28,1.9857182465782461,2.0012316703796387,1.9857182465782461,2.0012316703796387
1993-07-29,1.9857189655303955,2.0012323949486017,1.9857189655303955,1.9857189655303955
1993-07-30,2.0012316703796387,2.016745094181031,1.9857182465782461,2.0012316703796387
1993-08-02,2.016744850246051,2.0322582721710205,2.0012314283210815,2.0322582721710205
1993-08-03,2.0012314283210815,2.0322582721710205,2.0012314283210815,2.0322582721710205
1993-08-04,2.0322611570358275,2.0322611570358275,2.0167477130889893,2.0167477130889893
1993-08-05,2.016744850246051,2.0322582721710205,2.016744850246051,2.0322582721710205
1993-08-06,2.0167467269030483,2.047773599624634,2.0167467269030483,2.047773599624634
1993-08-09,2.042783739016606,2.042783739016606,2.0271899700164795,2.0271899700164795
1993-08-10,2.027189010797545,2.027189010797545,1.9960014875545058,2.0115952491760254
1993-08-11,2.0115966687675653,2.0427842140197754,1.99600289614146,2.0427842140197754
1993-08-12,2.027189010797545,2.0427827724190646,2.0115952491760254,2.0115952491760254
1993-08-13,2.011596201016353,2.042783739016606,2.011596201016353,2.0271899700164795
1993-08-16,2.011596201016353,2.042783739016606,2.011596201016353,2.0271899700164795
1993-08-17,2.027189010797545,2.027189010797545,2.0115952491760254,2.0115952491760254
1993-08-18,2.011596201016353,2.042783739016606,2.011596201016353,2.0271899700164795
1993-08-19,2.0271899700164795,2.042783739016606,2.0271899700164795,2.0271899700164795
1993-08-20,2.0271899700164795,2.042783739016606,2.0271899700164795,2.0271899700164795
1993-08-23,2.042783739016606,2.042783739016606,2.0271899700164795,2.0271899700164795
1993-08-24,2.0271899700164795,2.042783739016606,2.0271899700164795,2.0271899700164795
1993-08-25,2.042783739016606,2.042783739016606,2.0271899700164795,2.0271899700164795
1993-08-26,2.042783739016606,2.042783739016606,2.0271899700164795,2.0271899700164795
1993-08-27,2.02719044139367,2.0427842140197754,2.0115966687675653,2.0427842140197754
1993-08-30,2.042783739016606,2.042783739016606,2.0271899700164795,2.0271899700164795
1993-08-31,2.0427832621516604,2.0583770275115967,2.027189496791724,2.0583770275115967
1993-09-01,2.0427832621516604,2.0583770275115967,2.0427832621516604,2.0583770275115967
1993-09-02,2.0583770275115967,2.0583770275115967,2.0427832621516604,2.0583770275115967
1993-09-03,2.0427832621516604,2.0583770275115967,2.0427832621516604,2.0583770275115967
1993-09-07,2.0583779866458807,2.0583779866458807,2.02719044139367,2.0427842140197754
1993-09-08,2.0427832621516604,2.073970792871533,2.0427832621516604,2.0583770275115967
1993-09-09,2.0533618927001953,2.069036410965082,2.037687374435308,2.0533618927001953
1993-09-10,2.037686026373575,2.0533605342687564,2.0220115184783936,2.0220115184783936
1993-09-13,2.037687374435308,2.0533618927001953,2.0220128561704214,2.0533618927001953
1993-09-14,2.037686026373575,2.037686026373575,2.0220115184783936,2.0220115184783936
1993-09-15,2.0220115184783936,2.037686026373575,2.0063370105832123,2.0220115184783936
1993-09-16,2.022012547346262,2.037687063217163,2.0063380314753605,2.037687063217163
1993-09-17,2.037686026373575,2.037686026373575,2.0063370105832123,2.0220115184783936
1993-09-20,2.0063370105832123,2.037686026373575,2.0063370105832123,2.0220115184783936
1993-09-21,2.022012547346262,2.037687063217163,2.0063380314753605,2.037687063217163
1993-09-22,2.022009512409568,2.037684004753828,2.0063350200653076,2.0063350200653076
1993-09-23,2.022009512409568,2.022009512409568,2.0063350200653076,2.0063350200653076
1993-09-24,2.0063380314753605,2.037687063217163,2.0063380314753605,2.037687063217163
1993-09-27,2.022012547346262,2.037687063217163,2.022012547346262,2.037687063217163
1993-09-28,2.037687374435308,2.0533618927001953,2.0220128561704214,2.0533618927001953
1993-09-29,2.0533618927001953,2.0533618927001953,2.0220128561704214,2.0533618927001953
1993-09-30,2.0533615790880644,2.0533615790880644,2.037687063217163,2.037687063217163
1993-10-01,2.0533615790880644,2.0533615790880644,2.037687063217163,2.037687063217163
1993-10-04,2.0533618927001953,2.0533618927001953,2.037687374435308,2.0533618927001953
1993-10-05,2.0533615790880644,2.0533615790880644,2.037687063217163,2.037687063217163
1993-10-06,2.0533618927001953,2.069036410965082,2.037687374435308,2.0533618927001953
1993-10-07,2.0533618927001953,2.069036410965082,2.037687374435308,2.0533618927001953
1993-10-08,2.0483195134835652,2.0640758174334386,2.016806905583818,2.0325632095336914
1993-10-11,2.0325618542157686,2.0483181476593018,2.0325618542157686,2.0483181476593018
1993-10-12,2.0640758174334386,2.0640758174334386,2.0325632095336914,2.0325632095336914
1993-10-13,2.0325633369329323,2.0640759468078613,2.0325633369329323,2.0640759468078613
1993-10-14,2.0483196418703966,2.0640759468078613,2.0483196418703966,2.0640759468078613
1993-10-15,2.0640759468078613,2.0640759468078613,2.0483196418703966,2.0640759468078613
1993-10-18,2.064074441102835,2.064074441102835,2.0483181476593018,2.0483181476593018
1993-10-19,2.064076010024909,2.0798323154449463,2.064076010024909,2.0798323154449463
1993-10-20,2.0640759468078613,2.079832251745326,2.0640759468078613,2.0640759468078613
1993-10-21,2.0640759468078613,2.079832251745326,2.0640759468078613,2.0640759468078613
1993-10-22,2.064076010024909,2.0798323154449463,2.064076010024909,2.0798323154449463
1993-10-25,2.079832251745326,2.079832251745326,2.0483196418703966,2.0640759468078613
1993-10-26,2.0483196418703966,2.0640759468078613,2.0483196418703966,2.0640759468078613
1993-10-27,2.0483196418703966,2.079832251745326,2.0483196418703966,2.0640759468078613
1993-10-28,2.0483181476593018,2.064074441102835,2.0483181476593018,2.0483181476593018
1993-10-29,2.0483196418703966,2.079832251745326,2.0325633369329323,2.0640759468078613
1993-11-01,2.0640759468078613,2.079832251745326,2.0483196418703966,2.0640759468078613
1993-11-02,2.0483196418703966,2.0640759468078613,2.0325633369329323,2.0640759468078613
1993-11-03,2.0640759468078613,2.0640759468078613,2.0483196418703966,2.0640759468078613
1993-11-04,2.064074441102835,2.064074441102835,2.0325618542157686,2.0483181476593018
1993-11-05,2.0483181476593018,2.0483181476593018,2.0325618542157686,2.0483181476593018
1993-11-08,2.0432517528533936,2.0432517528533936,2.027412591978561,2.0432517528533936
1993-11-09,2.0432489309459925,2.059088069945574,2.027409791946411,2.027409791946411
1993-11-10,2.01157065294683,2.0432489309459925,2.01157065294683,2.027409791946411
1993-11-11,2.027409791946411,2.0432489309459925,2.01157065294683,2.027409791946411
1993-11-12,2.0432517528533936,2.059090913728226,2.027412591978561,2.0432517528533936
1993-11-15,2.0590896606445312,2.0749288118802585,2.043250509408804,2.0590896606445312
1993-11-16,2.059090913728226,2.059090913728226,2.0432517528533936,2.0432517528533936
1993-11-17,2.0432489309459925,2.059088069945574,2.027409791946411,2.027409791946411
1993-11-18,2.027412591978561,2.0432517528533936,2.011573431103728,2.0432517528533936
1993-11-19,2.011571332575783,2.0274104769267733,1.9640538995228116,1.9957321882247925
1993-11-22,1.995730670928955,2.011569803237915,1.9798915386199951,1.9798915386199951
1993-11-23,1.9482132740020752,1.9798915386199951,1.9482132740020752,1.9798915386199951
1993-11-24,1.9798947600867802,2.011573076248169,1.9798947600867802,2.011573076248169
1993-11-26,2.011573076248169,2.011573076248169,2.011573076248169,2.011573076248169
1993-11-29,2.011571332575783,2.011571332575783,1.9957321882247925,1.9957321882247925
1993-11-30,1.9957321882247925,1.9957321882247925,1.979893043873802,1.9957321882247925
1993-12-01,2.01157065294683,2.027409791946411,1.9957315139472485,2.027409791946411
1993-12-02,2.027409791946411,2.0432489309459925,2.01157065294683,2.027409791946411
1993-12-03,2.027412591978561,2.0432517528533936,2.027412591978561,2.0432517528533936
1993-12-06,2.0432489309459925,2.059088069945574,2.027409791946411,2.027409791946411
1993-12-07,2.0432517528533936,2.059090913728226,2.0432517528533936,2.0432517528533936
1993-12-08,2.059090913728226,2.059090913728226,2.0432517528533936,2.0432517528533936
1993-12-09,2.054077018902996,2.070000096568911,2.022230863571167,2.022230863571167
1993-12-10,2.0063083171844482,2.0063083171844482,1.9903852353020322,2.0063083171844482
1993-12-13,2.0063083171844482,2.0063083171844482,1.9903852353020322,2.0063083171844482
1993-12-14,2.0063083171844482,2.0063083171844482,1.9903852353020322,2.0063083171844482
1993-12-15,2.0063083171844482,2.0063083171844482,1.9903852353020322,2.0063083171844482
1993-12-16,2.006307785905252,2.022230863571167,1.9903847082393373,2.022230863571167
1993-12-17,2.022230863571167,2.022230863571167,2.006307785905252,2.022230863571167
1993-12-20,2.0222313990668646,2.0222313990668646,2.0063083171844482,2.0063083171844482
1993-12-21,2.022230863571167,2.022230863571167,2.006307785905252,2.022230863571167
1993-12-22,2.0222310461103916,2.038154125213623,2.00630796700716,2.038154125213623
1993-12-23,2.038154125213623,2.038154125213623,2.0222310461103916,2.038154125213623
1993-12-27,2.0222310461103916,2.038154125213623,2.0222310461103916,2.038154125213623
1993-12-28,2.038155725760053,2.0540788173675537,2.0222326341525525,2.0540788173675537
1993-12-29,2.054078986094548,2.0700020790100098,2.0381558931790864,2.0700020790100098
1993-12-30,2.070001908975054,2.070001908975054,2.038155725760053,2.0540788173675537
1993-12-31,2.038154125213623,2.038154125213623,2.038154125213623,2.038154125213623
1994-01-03,2.038154125213623,2.070000283420086,2.038154125213623,2.038154125213623
1994-01-04,2.0381558931790864,2.0700020790100098,2.0381558931790864,2.0700020790100098
1994-01-05,2.0700020790100098,2.0700020790100098,2.0381558931790864,2.0700020790100098
1994-01-06,2.0540772043168545,2.070000283420086,2.038154125213623,2.038154125213623
1994-01-07,2.054078986094548,2.0700020790100098,2.0381558931790864,2.0700020790100098
1994-01-10,2.048872470855713,2.0808861032128334,2.048872470855713,2.048872470855713
1994-01-11,2.0488731971153844,2.0808868408203125,2.0488731971153844,2.0808868408203125
1994-01-12,2.0968936626727763,2.0968936626727763,2.0808868408203125,2.0808868408203125
1994-01-13,2.096893310546875,2.096893310546875,2.0808864913823952,2.096893310546875
1994-01-14,2.0808864913823952,2.096893310546875,2.064879672217915,2.096893310546875
1994-01-17,2.096893310546875,2.112900129711355,2.0808864913823952,2.096893310546875
1994-01-18,2.112900129711355,2.112900129711355,2.096893310546875,2.096893310546875
1994-01-19,2.112900129711355,2.112900129711355,2.0808864913823952,2.096893310546875
1994-01-20,2.096893310546875,2.096893310546875,2.0808864913823952,2.096893310546875
1994-01-21,2.0808864748755167,2.0968932939130207,2.0648796558380127,2.0648796558380127
1994-01-24,2.0648800189678482,2.0808868408203125,2.0648800189678482,2.0808868408203125
1994-01-25,2.0648796558380127,2.0808864748755167,2.0648796558380127,2.0648796558380127
1994-01-26,2.0808864913823952,2.096893310546875,2.064879672217915,2.096893310546875
1994-01-27,2.096893673593348,2.112900495529175,2.080886851657521,2.112900495529175
1994-01-28,2.0968936626727763,2.0968936626727763,2.0808868408203125,2.0808868408203125
1994-01-31,2.096893310546875,2.112900129711355,2.0808864913823952,2.096893310546875
1994-02-01,2.11290048452524,2.11290048452524,2.0808868408203125,2.0808868408203125
1994-02-02,2.0808864913823952,2.112900129711355,2.0808864913823952,2.096893310546875
1994-02-03,2.1128973064566017,2.1449109020089745,2.0968905086804153,2.128904104232788
1994-02-04,2.128906948875835,2.128906948875835,2.096893310546875,2.096893310546875
1994-02-07,2.0968929193913937,2.0968929193913937,2.048872470855713,2.048872470855713
1994-02-08,2.0488728368005087,2.0648796558380127,2.0328660177630047,2.0648796558380127
1994-02-09,2.0436388850212097,2.075822174549103,2.0436388850212097,2.0597305297851562
1994-02-10,2.0597305297851562,2.0597305297851562,2.0436388850212097,2.0597305297851562
1994-02-11,2.075822174549103,2.075822174549103,2.0597305297851562,2.0597305297851562
1994-02-14,2.0436370372772217,2.059728667492003,2.0436370372772217,2.0436370372772217
1994-02-15,2.0436388850212097,2.0597305297851562,2.0436388850212097,2.0597305297851562
1994-02-16,2.059728667492003,2.059728667492003,2.0436370372772217,2.0436370372772217
1994-02-17,2.0436373710632325,2.05972900390625,2.0114541053771973,2.0114541053771973
1994-02-18,1.9953614870707195,2.0275447368621826,1.9953614870707195,2.0275447368621826
1994-02-22,1.9953632354736326,1.9953632354736326,1.9631799574821225,1.9953632354736328
1994-02-23,1.9631785919995812,1.9792702198028564,1.9631785919995812,1.9792702198028564
1994-02-24,1.9792702198028564,1.9792702198028564,1.9631785919995812,1.9792702198028564
1994-02-25,1.947087124722903,1.9631787538528442,1.9309954955929616,1.9631787538528442
1994-02-28,1.947086964196306,1.9792702198028564,1.9309953363930308,1.9792702198028564
1994-03-01,1.979268367625465,1.979268367625465,1.9309935293906975,1.9470851421356201
1994-03-02,1.9309935293906975,1.9631767548805426,1.9309935293906975,1.9470851421356201
1994-03-03,1.9309955835342407,1.9309955835342407,1.9149039536714554,1.9309955835342407
1994-03-04,1.9149039536714554,1.9309955835342407,1.9149039536714554,1.9309955835342407
1994-03-07,1.9309955835342407,1.9309955835342407,1.89881232380867,1.9309955835342407
1994-03-08,1.9309955835342407,1.9309955835342407,1.9149039536714554,1.9309955835342407
1994-03-09,1.9096335583374278,1.9420002288177232,1.9096335583374278,1.9258168935775757
1994-03-10,1.9258175734746255,1.9258175734746255,1.9096342325210571,1.9096342325210571
1994-03-11,1.9096342325210571,1.9258175734746255,1.8934508915674888,1.9096342325210571
1994-03-14,1.9096342325210571,1.9420009144281938,1.9096342325210571,1.9096342325210571
1994-03-15,1.9420002288177232,1.9420002288177232,1.9096335583374278,1.9258168935775757
1994-03-16,1.9258175734746255,1.9258175734746255,1.8934508915674888,1.9096342325210571
1994-03-17,1.9258177618185681,1.9420011043548584,1.9258177618185681,1.9420011043548584
1994-03-18,1.9420011043548584,1.9420011043548584,1.9096344192822776,1.9420011043548584
1994-03-21,1.9420009144281938,1.9420009144281938,1.9096342325210571,1.9096342325210571
1994-03-22,1.9258175734746255,1.9258175734746255,1.8934508915674888,1.9096342325210571
1994-03-23,1.9096344192822776,1.9420011043548584,1.9096344192822776,1.9420011043548584
1994-03-24,1.909634677772848,1.9258180224997363,1.8934513330459593,1.8934513330459595
1994-03-25,1.893449377397011,1.893449377397011,1.8772660493850708,1.8772660493850708
1994-03-28,1.8934513330459593,1.909634677772848,1.8772679883190708,1.8934513330459595
1994-03-29,1.893449377397011,1.893449377397011,1.8772660493850708,1.8772660493850708
1994-03-30,1.8772678919005814,1.8772678919005814,1.8125345163178026,1.844901204109192
1994-03-31,1.8449008106130413,1.8610841510570153,1.8287174701690672,1.8287174701690674
1994-04-04,1.8287187320692044,1.8449020836804362,1.7801686772355088,1.7963520288467407
1994-04-05,1.8125327373373097,1.8772660493850708,1.8125327373373097,1.8772660493850708
1994-04-06,1.8772675506139205,1.9096342325210571,1.8772675506139205,1.9096342325210571
1994-04-07,1.9096342325210571,1.9096342325210571,1.8772675506139205,1.9096342325210571
1994-04-08,1.8934513330459593,1.909634677772848,1.8772679883190708,1.8934513330459595
1994-04-11,1.9045203582100245,1.9045203582100245,1.855686502871306,1.871964454650879
1994-04-12,1.8556859554388585,1.9045197963714602,1.8556859554388585,1.90451979637146
1994-04-13,1.9045197963714602,1.9045197963714602,1.8882418493939261,1.90451979637146
1994-04-14,1.8882402181625364,1.9045181510777307,1.871962285247342,1.8882402181625366
1994-04-15,1.871964454650879,1.8882424064304517,1.855686502871306,1.871964454650879
1994-04-18,1.8719636919224159,1.8719636919224159,1.839407801628113,1.8394078016281128
1994-04-19,1.839407801628113,1.839407801628113,1.8231298564809615,1.8394078016281128
1994-04-20,1.8231300874189897,1.8394080346280877,1.7905741930007935,1.7905741930007935
1994-04-21,1.8068530559539797,1.8394089668720692,1.8068530559539797,1.8068530559539795
1994-04-22,1.8231298564809615,1.839407801628113,1.8068519113338102,1.8394078016281128
1994-04-25,1.8394084750560291,1.8556864261627197,1.8231305239493385,1.8556864261627197
1994-04-26,1.8231305239493385,1.8556864261627197,1.8231305239493385,1.8556864261627197
1994-04-28,1.8556866326502393,1.8556866326502393,1.82313072681427,1.82313072681427
1994-04-29,1.82313072681427,1.8394086797322546,1.8068527738962856,1.82313072681427
1994-05-02,1.8231298564809615,1.8556857467752643,1.8068519113338102,1.8394078016281128
1994-05-03,1.855686502871306,1.871964454650879,1.855686502871306,1.871964454650879
1994-05-04,1.855686502871306,1.871964454650879,1.855686502871306,1.871964454650879
1994-05-05,1.871964454650879,1.871964454650879,1.839408551091733,1.871964454650879
1994-05-06,1.8556866326502393,1.8719645855682239,1.82313072681427,1.82313072681427
1994-05-09,1.8342676764135961,1.8342676764135961,1.7851355065096606,1.8178902864456177
1994-05-10,1.8178886459991996,1.8670207715667455,1.8178886459991996,1.8506433963775635
1994-05-11,1.8506433963775637,1.8506433963775637,1.8342660211883817,1.8506433963775635
1994-05-12,1.8506445330485963,1.867021918296814,1.8506445330485963,1.867021918296814
1994-05-13,1.8506433963775637,1.8833981467559275,1.8178886459991996,1.8506433963775635
1994-05-16,1.8506433963775637,1.8506433963775637,1.8178886459991996,1.8506433963775635
1994-05-17,1.8342660211883817,1.8670207715667455,1.8178886459991996,1.8506433963775635
1994-05-18,1.8670205206706605,1.8997752666473386,1.8506431476823213,1.8997752666473389
1994-05-19,1.8997752666473386,1.9161526396356778,1.8833978936589997,1.8997752666473389
1994-05-20,1.916153430938721,1.916153430938721,1.8997760511871078,1.9161534309387207
1994-05-23,1.9161526396356778,1.9161526396356778,1.8997752666473386,1.8997752666473389
1994-05-24,1.8997752666473386,1.9161526396356778,1.8833978936589997,1.8997752666473389
1994-05-25,1.8833978936589997,1.9161526396356778,1.8833978936589997,1.8997752666473389
1994-05-26,1.8997766328894574,1.8997766328894574,1.8833992481231692,1.883399248123169
1994-05-27,1.8833978936589997,1.8997752666473386,1.8833978936589997,1.8997752666473389
1994-05-31,1.8833978936589997,1.9161526396356778,1.8833978936589997,1.8997752666473389
1994-06-01,1.916153430938721,1.916153430938721,1.8997760511871078,1.9161534309387207
1994-06-02,1.8997752989752819,1.9652847920433951,1.8997752989752819,1.9325300455093384
1994-06-03,1.9325300455093386,1.9489074187763669,1.9161526722423101,1.9325300455093384
1994-06-06,1.9325300455093386,1.9489074187763669,1.9325300455093386,1.9325300455093384
1994-06-07,1.9325333122445756,1.9489107131958008,1.9325333122445756,1.9489107131958008
1994-06-08,1.9489107131958008,1.965288114147026,1.9489107131958008,1.9489107131958008
1994-06-09,1.927165631520546,1.9436371326446533,1.927165631520546,1.9436371326446533
1994-06-10,1.927165631520546,1.9601086337687605,1.927165631520546,1.9436371326446533
1994-06-13,1.9436376094818115,1.9601091146469116,1.9271661043167114,1.9271661043167114
1994-06-14,1.9436383187269963,1.960109829902649,1.9271668075513437,1.960109829902649
1994-06-15,1.9601086337687605,1.9601086337687605,1.9436371326446533,1.9436371326446533
1994-06-16,1.9601086337687605,1.9601086337687605,1.9436371326446533,1.9436371326446533
1994-06-17,1.9436384300390877,1.9765814542770384,1.9436384300390877,1.9765814542770386
1994-06-20,1.9601086337687605,1.9601086337687605,1.9436371326446533,1.9436371326446533
1994-06-21,1.960109829902649,1.960109829902649,1.9436383187269963,1.960109829902649
1994-06-22,1.9601091146469116,1.9601091146469116,1.9271661043167114,1.9271661043167114
1994-06-23,1.9436371326446533,1.9436371326446533,1.927165631520546,1.9436371326446533
1994-06-24,1.9271661043167114,1.9436376094818115,1.9106945991516113,1.9271661043167114
1994-06-27,1.9271661043167114,1.9271661043167114,1.9106945991516113,1.9271661043167114
1994-06-28,1.9271646614732414,1.9271646614732414,1.9106931686401367,1.9106931686401367
1994-06-29,1.9271661043167114,1.9271661043167114,1.9106945991516113,1.9271661043167114
1994-06-30,1.9271661043167114,1.9271661043167114,1.9106945991516113,1.9271661043167114
1994-07-01,1.9271661043167114,1.9436376094818115,1.9271661043167114,1.9271661043167114
1994-07-05,1.9436371326446533,1.9436371326446533,1.927165631520546,1.9436371326446533
1994-07-06,1.9436371326446533,1.9436371326446533,1.927165631520546,1.9436371326446533
1994-07-07,1.9436376094818115,1.9436376094818115,1.9271661043167114,1.9271661043167114
1994-07-08,1.9271661043167114,1.9436376094818115,1.9271661043167114,1.9271661043167114
1994-07-11,1.9384324273158764,1.9384324273158764,1.921864628791809,1.921864628791809
1994-07-12,1.921864628791809,1.9384324273158764,1.921864628791809,1.921864628791809
1994-07-13,1.938433126781298,1.938433126781298,1.9052975177764895,1.9052975177764893
1994-07-14,1.9218653222788937,1.9218653222788937,1.8887297132740852,1.9052975177764893
1994-07-15,1.9052977363268535,1.9218655427296958,1.8887299299240115,1.8887299299240112
1994-07-18,1.8887297132740852,1.9052975177764895,1.8887297132740852,1.9052975177764893
1994-07-19,1.9052975177764895,1.9218653222788937,1.9052975177764895,1.9052975177764893
1994-07-20,1.9052975177764895,1.9218653222788937,1.9052975177764895,1.9052975177764893
1994-07-21,1.9218650328374542,1.9218650328374542,1.872161626815796,1.872161626815796
1994-07-22,1.872161626815796,1.9052972308302347,1.872161626815796,1.872161626815796
1994-07-25,1.872161626815796,1.8887294288230154,1.872161626815796,1.872161626815796
1994-07-26,1.8887299299240115,1.9052977363268535,1.8721621235211692,1.8887299299240112
1994-07-27,1.8887297132740852,1.9052975177764895,1.8887297132740852,1.9052975177764893
1994-07-28,1.8887297132740852,1.9052975177764895,1.872161908771681,1.9052975177764893
1994-07-29,1.9052975177764895,1.9052975177764895,1.9052975177764895,1.9052975177764893
1994-08-01,1.9052975177764895,1.9052975177764895,1.8887297132740852,1.9052975177764893
1994-08-02,1.9052975177764895,1.9218653222788937,1.9052975177764895,1.9052975177764893
1994-08-03,1.9052968302677418,1.921864628791809,1.9052968302677418,1.921864628791809
1994-08-04,1.9218655427296958,1.9218655427296958,1.8887299299240115,1.8887299299240112
1994-08-05,1.8887297132740852,1.9052975177764895,1.8887297132740852,1.9052975177764893
1994-08-08,1.9052972308302347,1.9052972308302347,1.872161626815796,1.872161626815796
1994-08-09,1.8834949731826782,1.9001630702904895,1.8834949731826782,1.8834949731826782
1994-08-10,1.9001630702904895,1.9001630702904895,1.8834949731826782,1.8834949731826782
1994-08-11,1.8834961391331857,1.900164246559143,1.8834961391331857,1.900164246559143
1994-08-12,1.9001630702904895,1.9001630702904895,1.8834949731826782,1.8834949731826782
1994-08-15,1.8834949731826782,1.9001630702904895,1.8834949731826782,1.8834949731826782
1994-08-16,1.8834949731826782,1.9001630702904895,1.866826876074867,1.8834949731826782
1994-08-17,1.8834949731826782,1.9001630702904895,1.8834949731826782,1.8834949731826782
1994-08-18,1.8834961391331857,1.900164246559143,1.8834961391331857,1.900164246559143
1994-08-19,1.8834949731826782,1.9001630702904895,1.8834949731826782,1.8834949731826782
1994-08-22,1.8834961391331857,1.900164246559143,1.8834961391331857,1.900164246559143
1994-08-23,1.900164246559143,1.900164246559143,1.8834961391331857,1.900164246559143
1994-08-24,1.900164246559143,1.900164246559143,1.8834961391331857,1.900164246559143
1994-08-25,1.900164246559143,1.9168323539851004,1.900164246559143,1.900164246559143
1994-08-26,1.900164246559143,1.9168323539851004,1.900164246559143,1.900164246559143
1994-08-29,1.9168323539851004,1.9168323539851004,1.900164246559143,1.900164246559143
1994-08-30,1.9168317317962649,1.9168317317962649,1.900163629780645,1.9168317317962646
1994-08-31,1.900164246559143,1.900164246559143,1.8834961391331857,1.900164246559143
1994-09-01,1.900164246559143,1.900164246559143,1.8834961391331857,1.900164246559143
1994-09-02,1.9168317317962649,1.9168317317962649,1.900163629780645,1.9168317317962646
1994-09-06,1.9168323539851004,1.9168323539851004,1.8834961391331857,1.900164246559143
1994-09-07,1.900163629780645,1.9168317317962649,1.900163629780645,1.9168317317962646
1994-09-08,1.9168323539851004,1.9168323539851004,1.900164246559143,1.900164246559143
1994-09-09,1.8780304193496704,1.8947985480938638,1.8612622906054768,1.8780304193496704
1994-09-12,1.8780311721939227,1.8780311721939227,1.8612630367279055,1.8612630367279053
1994-09-13,1.844492435455322,1.8612605485049158,1.8109562093561344,1.8444924354553223
1994-09-14,1.8109572874296698,1.8444935334931822,1.8109572874296698,1.8277254104614258
1994-09-15,1.8444935334931822,1.8444935334931822,1.827725410461426,1.8277254104614258
1994-09-16,1.8444935334931822,1.8444935334931822,1.7941891643979135,1.8277254104614258
1994-09-19,1.8277243224057282,1.844492435455322,1.8109562093561344,1.8444924354553223
1994-09-20,1.827725410461426,1.8444935334931822,1.8109572874296698,1.8277254104614258
1994-09-21,1.8109572874296698,1.827725410461426,1.8109572874296698,1.8277254104614258
1994-09-22,1.8109562093561344,1.844492435455322,1.8109562093561344,1.8444924354553223
1994-09-23,1.827724353030876,1.8444924663614344,1.794188126369759,1.8109562397003174
1994-09-26,1.8109568784821708,1.8109568784821708,1.7774206399917603,1.7774206399917603
1994-09-27,1.7606525207465549,1.7941887592369654,1.7606525207465549,1.7774206399917603
1994-09-28,1.7774200130392004,1.827724353030876,1.7774200130392004,1.8109562397003174
1994-09-29,1.8109573382083501,1.8109573382083501,1.7774210912044919,1.794189214706421
1994-09-30,1.7774210912044919,1.8109573382083501,1.7774210912044919,1.794189214706421
1994-10-03,1.794188126369759,1.8109562397003174,1.7774200130392004,1.8109562397003174
1994-10-04,1.8109573382083501,1.8109573382083501,1.7774210912044919,1.794189214706421
1994-10-05,1.777421412559656,1.7941895390932376,1.7103489064253292,1.7438851594924927
1994-10-06,1.7606532860260742,1.7606532860260742,1.7438851594924927,1.7438851594924927
1994-10-07,1.7553614273812008,1.7553614273812008,1.73848295211792,1.73848295211792
1994-10-10,1.7553622675876992,1.7553622675876992,1.7216053009033203,1.7216053009033203
1994-10-11,1.704726817561131,1.7384837842455099,1.704726817561131,1.7216053009033203
1994-10-12,1.7216053009033203,1.7216053009033203,1.704726817561131,1.7216053009033203
1994-10-13,1.7216053009033203,1.7553622675876992,1.7216053009033203,1.7216053009033203
1994-10-14,1.7216044768546392,1.73848295211792,1.7216044768546392,1.73848295211792
1994-10-17,1.7216044768546392,1.7553614273812008,1.7216044768546392,1.73848295211792
1994-10-18,1.7384840250015259,1.7553625106811523,1.7384840250015259,1.7553625106811523
1994-10-19,1.73848295211792,1.7553614273812008,1.73848295211792,1.73848295211792
1994-10-20,1.7216053009033203,1.7384837842455099,1.704726817561131,1.7216053009033203
1994-10-21,1.73848295211792,1.73848295211792,1.7047260015913583,1.73848295211792
1994-10-24,1.7216044768546392,1.7553614273812008,1.7216044768546392,1.73848295211792
1994-10-25,1.7553622675876992,1.7553622675876992,1.7216053009033203,1.7216053009033203
1994-10-26,1.7384837842455099,1.7384837842455099,1.704726817561131,1.7216053009033203
1994-10-27,1.7216066228281153,1.7216066228281153,1.6878496302236423,1.704728126525879
1994-10-28,1.704727053642273,1.7553625106811523,1.704727053642273,1.7553625106811523
1994-10-31,1.7553625106811523,1.7553625106811523,1.7216055393218994,1.7553625106811523
1994-11-01,1.73848295211792,1.7553614273812008,1.7216044768546392,1.73848295211792
1994-11-02,1.73848295211792,1.7553614273812008,1.7216044768546392,1.73848295211792
1994-11-03,1.7384837842455099,1.7553622675876992,1.704726817561131,1.7216053009033203
1994-11-04,1.7047281265258787,1.7047281265258787,1.6878496302236423,1.704728126525879
1994-11-07,1.6878474950790405,1.704725970029831,1.6878474950790405,1.6878474950790405
1994-11-08,1.6824097997263858,1.6824097997263858,1.6144336462020874,1.6144336462020874
1994-11-09,1.614433920260557,1.665416044058259,1.614433920260557,1.6484220027923584
1994-11-10,1.6314291852585814,1.6484232392716915,1.5974410772323608,1.5974410772323608
1994-11-11,1.6144336077074208,1.6314276456832886,1.5974395697315533,1.6314276456832886
1994-11-14,1.6484225513983746,1.6654165983200073,1.6314285044767418,1.6654165983200073
1994-11-15,1.6654165983200073,1.6654165983200073,1.6314285044767418,1.6654165983200073
1994-11-16,1.682410079240799,1.7333922028541566,1.6654160380363465,1.6994041204452515
1994-11-17,1.7163988123036396,1.7333928599502102,1.682410717010498,1.682410717010498
1994-11-18,1.682410079240799,1.6994041204452515,1.682410079240799,1.6994041204452515
1994-11-21,1.6994047646570687,1.7163988123036396,1.682410717010498,1.682410717010498
1994-11-22,1.6824103888898794,1.7163984775543215,1.6824103888898794,1.7163984775543213
1994-11-23,1.733391842795807,1.8013679934936817,1.733391842795807,1.7503858804702759
1994-11-25,1.7673799181447445,1.7673799181447445,1.7503858804702757,1.7503858804702759
1994-11-28,1.7673802375793457,1.784374278325301,1.7333921560874352,1.7673802375793457
1994-11-29,1.7503865662187634,1.7503865662187634,1.7163984775543215,1.7163984775543213
1994-11-30,1.7163984775543215,1.7503865662187634,1.7163984775543215,1.7163984775543213
1994-12-01,1.7333925218865425,1.7333925218865425,1.6994044332221003,1.7163984775543213
1994-12-02,1.7163978051213382,1.7503858804702757,1.7163978051213382,1.7503858804702759
1994-12-05,1.750386927487715,1.8183631188464613,1.750386927487715,1.801369071006775
1994-12-06,1.8183634281158447,1.8183634281158447,1.7843753266557356,1.8183634281158447
1994-12-07,1.8013679934936817,1.8183620311681505,1.7503858804702757,1.7503858804702759
1994-12-08,1.750386244058609,1.750386244058609,1.6994041204452515,1.6994041204452515
1994-12-09,1.7110403137977677,1.7110403137977677,1.6597091043838348,1.69392991065979
1994-12-12,1.7110403137977677,1.7110403137977677,1.6768195075218124,1.69392991065979
1994-12-13,1.7110393327825208,1.7452601194381714,1.7110393327825208,1.7452601194381714
1994-12-14,1.7623704224824905,1.7794808149337769,1.728149637579918,1.7794808149337769
1994-12-15,1.7794808149337769,1.7965912073850632,1.7623704224824905,1.7794808149337769
1994-12-16,1.796590805053711,1.796590805053711,1.7794804164341518,1.796590805053711
1994-12-19,1.7965908883844763,1.7965908883844763,1.7623701095581055,1.7623701095581055
1994-12-20,1.7794808149337769,1.7965912073850632,1.7623704224824905,1.7794808149337769
1994-12-21,1.7794809060938217,1.7794809060938217,1.7452601194381714,1.7452601194381714
1994-12-22,1.7623701095581055,1.779480498971291,1.74525972014492,1.7623701095581055
1994-12-23,1.7623705127659965,1.7623705127659965,1.7452601194381714,1.7452601194381714
1994-12-27,1.74525972014492,1.779480498971291,1.74525972014492,1.7623701095581055
1994-12-28,1.7794808149337769,1.7794808149337769,1.7623704224824905,1.7794808149337769
1994-12-29,1.7623701095581055,1.7965908883844763,1.7623701095581055,1.7623701095581055
1994-12-30,1.7623705127659965,1.7794809060938217,1.7281497261103462,1.7452601194381714
1995-01-03,1.7452601194381714,1.7623705127659965,1.7452601194381714,1.7452601194381714
1995-01-04,1.7623704224824905,1.7965912073850632,1.7623704224824905,1.7794808149337769
1995-01-05,1.7794808149337769,1.7965912073850632,1.7794808149337769,1.7794808149337769
1995-01-06,1.796590805053711,1.796590805053711,1.7794804164341518,1.796590805053711
1995-01-09,1.7910784286202737,1.7910784286202737,1.773856520652771,1.773856520652771
1995-01-10,1.7910798900532272,1.8255237340927124,1.7738579680334847,1.8255237340927124
1995-01-11,1.8255239691053116,1.8255239691053116,1.808302044868469,1.8083020448684692
1995-01-12,1.8255234796267288,1.8255234796267288,1.7910796403884888,1.7910796403884888
1995-01-13,1.808302044868469,1.842745893342154,1.808302044868469,1.8083020448684692
1995-01-16,1.842745893342154,1.8599678175789967,1.808302044868469,1.8083020448684692
1995-01-17,1.8083018120729697,1.8255237340927124,1.8083018120729697,1.8255237340927124
1995-01-18,1.8427451848983762,1.8427451848983762,1.8255232672825037,1.8427451848983765
1995-01-19,1.8255237340927124,1.8427456561124549,1.8255237340927124,1.8255237340927124
1995-01-20,1.8255237340927124,1.8427456561124549,1.8255237340927124,1.8255237340927124
1995-01-23,1.8255237340927124,1.8255237340927124,1.7910798900532272,1.8255237340927124
1995-01-24,1.8083018120729697,1.8427456561124549,1.8083018120729697,1.8255237340927124
1995-01-25,1.8427451848983762,1.8427451848983762,1.8255232672825037,1.8427451848983765
1995-01-26,1.8255237340927124,1.8427456561124549,1.8255237340927124,1.8255237340927124
1995-01-27,1.8427455491489833,1.8599674701690674,1.8427455491489833,1.8599674701690674
1995-01-30,1.8599681854248047,1.8944120407104492,1.8427462577819824,1.8944120407104492
1995-01-31,1.877190113067627,1.9116339683532715,1.8599681854248047,1.8944120407104492
1995-02-01,1.9116337320634296,1.9288556575775144,1.8944118065493445,1.9288556575775146
1995-02-02,1.9116337320634296,1.9288556575775144,1.9116337320634296,1.9288556575775146
1995-02-03,1.9460782921832542,1.980522155761719,1.9460782921832542,1.9805221557617188
1995-02-06,1.963299512863159,1.9805214384145902,1.963299512863159,1.9632995128631592
1995-02-07,1.9633002239724866,1.980522155761719,1.9460782921832542,1.9805221557617188
1995-02-08,1.9805214384145902,1.9805214384145902,1.9460775873117278,1.9632995128631592
1995-02-09,1.9577548503875732,1.9750801145502952,1.9577548503875732,1.9577548503875732
1995-02-10,1.95775591475623,1.9750811883381436,1.9404306411743164,1.9404306411743164
1995-02-13,1.9404306411743164,1.95775591475623,1.923105367592403,1.9404306411743164
1995-02-14,1.9231043220621296,1.9577548503875732,1.9231043220621296,1.9577548503875732
1995-02-15,1.9404295862248515,1.9750801145502952,1.9404295862248515,1.9577548503875732
1995-02-16,1.9750811883381436,1.9750811883381436,1.9404306411743164,1.9404306411743164
1995-02-17,1.9577558134731492,1.9750810861587524,1.9404305407875462,1.9750810861587524
1995-02-21,1.975080859142801,2.009731400531271,1.957755588448566,1.9924061298370361
1995-02-22,1.9924063588443555,1.9924063588443555,1.9750810861587524,1.9750810861587524
1995-02-23,1.9924061298370361,1.9924061298370361,1.975080859142801,1.9924061298370361
1995-02-24,1.9750810861587524,1.9924063588443555,1.9750810861587524,1.9750810861587524
1995-02-27,1.9924063588443555,1.9924063588443555,1.9750810861587524,1.9750810861587524
1995-02-28,1.9924041320537698,2.0097293853759766,1.9750788787315632,2.0097293853759766
1995-03-01,1.9924061298370361,2.009731400531271,1.9924061298370361,1.9924061298370361
1995-03-02,1.9924061298370361,2.009731400531271,1.9924061298370361,1.9924061298370361
1995-03-03,2.0097293853759766,2.0097293853759766,1.9924041320537698,2.0097293853759766
1995-03-06,1.9924063588443555,1.9924063588443555,1.9750810861587524,1.9750810861587524
1995-03-07,1.9750810861587524,1.9924063588443555,1.9577558134731492,1.9750810861587524
1995-03-08,1.95775591475623,1.95775591475623,1.9404306411743164,1.9404306411743164
1995-03-09,1.9348522034558384,1.952283304387873,1.9174211025238037,1.9174211025238037
1995-03-10,1.8999898454972675,1.9522831439971924,1.8999898454972675,1.9522831439971924
1995-03-13,1.9522831439971924,1.9522831439971924,1.9348520444972175,1.9522831439971924
1995-03-14,1.934852361679077,1.952283464036546,1.934852361679077,1.9348523616790771
1995-03-15,1.9348520444972175,1.9522831439971924,1.9174209449972424,1.9522831439971924
1995-03-16,1.934852361679077,1.952283464036546,1.934852361679077,1.9348523616790771
1995-03-17,1.9348520444972175,1.9522831439971924,1.9348520444972175,1.9522831439971924
1995-03-20,1.9522837748569726,1.9871459851222757,1.9522837748569726,1.969714879989624
1995-03-21,1.9697148799896242,1.9871459851222757,1.9522837748569726,1.969714879989624
1995-03-22,1.9697148799896242,1.9697148799896242,1.9522837748569726,1.969714879989624
1995-03-23,1.9522837748569726,1.9871459851222757,1.9522837748569726,1.969714879989624
1995-03-24,1.9697154169497284,2.00457763671875,1.9697154169497284,2.00457763671875
1995-03-27,2.00457763671875,2.00457763671875,1.9871465268342392,2.00457763671875
1995-03-28,2.004577245628625,2.004577245628625,1.9871461391448975,1.9871461391448975
1995-03-29,1.9871461391448975,2.004577245628625,1.9871461391448975,1.9871461391448975
1995-03-30,2.0045770902549274,2.0045770902549274,1.9697148799896242,1.969714879989624
1995-03-31,1.9697142434971673,1.9871453429971422,1.9522831439971924,1.9522831439971924
1995-04-03,1.9697148799896242,1.9697148799896242,1.9522837748569726,1.969714879989624
1995-04-04,1.9697150326611703,2.004577245628625,1.9697150326611703,1.9871461391448975
1995-04-05,1.9697148799896242,1.9871459851222757,1.9697148799896242,1.969714879989624
1995-04-06,1.9871461391448975,1.9871461391448975,1.9697150326611703,1.9871461391448975
1995-04-07,1.9871465268342392,2.00457763671875,1.9697154169497284,2.00457763671875
1995-04-10,1.9814303621911165,1.9989651441574094,1.9638955802248232,1.9989651441574097
1995-04-11,1.9814306497573855,1.9989654342685128,1.9638958652462581,1.9814306497573853
1995-04-12,1.9638958652462581,1.9989654342685128,1.9638958652462581,1.9814306497573853
1995-04-13,1.9814303621911165,1.9989651441574094,1.9638955802248232,1.9989651441574097
1995-04-17,1.9814306497573855,1.9989654342685128,1.9814306497573855,1.9814306497573853
1995-04-18,1.9989654342685128,1.9989654342685128,1.9814306497573855,1.9814306497573853
1995-04-19,1.9814306497573855,1.9989654342685128,1.9638958652462581,1.9814306497573853
1995-04-20,1.963896155357361,1.981430942458766,1.963896155357361,1.9638961553573608
1995-04-21,1.981430942458766,1.981430942458766,1.946361368255956,1.9638961553573608
1995-04-24,1.946361368255956,1.963896155357361,1.946361368255956,1.9638961553573608
1995-04-25,1.9463617183945394,1.9814312989061529,1.928826928138733,1.928826928138733
1995-04-26,1.928825709554884,1.928825709554884,1.876221372021569,1.8937561511993408
1995-04-27,1.8762226689536616,1.8762226689536616,1.8586878776550293,1.8586878776550293
1995-04-28,1.8762210607528689,1.8937558370215872,1.8762210607528689,1.8762210607528687
1995-05-01,1.8937558370215872,1.8937558370215872,1.8586862844841505,1.8762210607528687
1995-05-02,1.8937561511993406,1.9112909303771124,1.876221372021569,1.8937561511993408
1995-05-03,1.893757758884255,1.911292552947998,1.893757758884255,1.911292552947998
1995-05-04,1.9112921378829262,1.928826928138733,1.8937573476271194,1.928826928138733
1995-05-05,1.9288268712189822,1.9463616609573364,1.9288268712189822,1.9463616609573364
1995-05-08,1.928826581154551,1.963896155357361,1.928826581154551,1.9638961553573608
1995-05-09,1.9758933814796245,1.9758933814796245,1.9406095710960596,1.9582514762878418
1995-05-10,1.9758926564996893,1.9758926564996893,1.9406088590621946,1.9406088590621948
1995-05-11,1.958251476287842,1.958251476287842,1.9406095710960596,1.9582514762878418
1995-05-12,1.9406088590621946,1.9406088590621946,1.9229669603434474,1.9406088590621948
1995-05-15,1.940610419719591,1.940610419719591,1.9229685068130493,1.9229685068130493
1995-05-16,1.9229669603434474,1.9406088590621946,1.9229669603434474,1.9406088590621948
1995-05-17,1.9406088590621946,1.9406088590621946,1.9229669603434474,1.9406088590621948
1995-05-18,1.9229685068130493,1.940610419719591,1.9229685068130493,1.9229685068130493
1995-05-19,1.940610419719591,1.940610419719591,1.9053265939065076,1.9229685068130493
1995-05-22,1.9229669603434474,1.9406088590621946,1.9229669603434474,1.9406088590621948
1995-05-23,1.9406088590621946,1.9582507577809418,1.9229669603434474,1.9406088590621948
1995-05-24,1.958251476287842,1.958251476287842,1.9406095710960596,1.9582514762878418
1995-05-25,1.958251476287842,1.9758933814796245,1.9406095710960596,1.9582514762878418
1995-05-26,1.9582505279353688,1.9758924245834353,1.9582505279353688,1.975892424583435
1995-05-30,1.9758926661668628,1.993534564971924,1.9582507673618015,1.9935345649719238
1995-05-31,1.9758924245834353,1.9935343212315015,1.9582505279353688,1.975892424583435
1995-06-01,1.9935343212315015,1.9935343212315015,1.9758924245834353,1.975892424583435
1995-06-02,1.9935339772910403,2.028817764499731,1.9935339772910403,2.0111758708953857
1995-06-05,2.011176706397015,2.0288186073303223,1.9935348054637079,2.0288186073303223
1995-06-06,2.011176217879568,2.011176217879568,1.9758924245834353,1.975892424583435
1995-06-07,1.9758933814796245,1.9935352866714067,1.958251476287842,1.9582514762878418
1995-06-08,1.958251476287842,1.9758933814796245,1.9406095710960596,1.9582514762878418
1995-06-09,1.9406088590621946,1.9582507577809418,1.887683162905953,1.9406088590621948
1995-06-12,1.940610419719591,1.9582523326261327,1.9229685068130493,1.9229685068130493
1995-06-13,1.9527925373217383,1.9527925373217383,1.9350398778915407,1.9350398778915405
1995-06-14,1.9350398778915407,1.9527925373217383,1.917287218461343,1.9350398778915405
1995-06-15,1.9350398778915407,1.9527925373217383,1.9350398778915407,1.9350398778915405
1995-06-16,1.935037975961512,1.9527906179428103,1.9172853339802136,1.95279061794281
1995-06-19,1.935037975961512,1.9527906179428103,1.935037975961512,1.95279061794281
1995-06-20,1.935037975961512,1.9527906179428103,1.935037975961512,1.95279061794281
1995-06-21,1.935037975961512,1.9705432599241086,1.935037975961512,1.95279061794281
1995-06-22,1.935037975961512,1.9705432599241086,1.935037975961512,1.95279061794281
1995-06-23,1.9527906179428103,1.9705432599241086,1.935037975961512,1.95279061794281
1995-06-26,1.9350398778915407,1.9527925373217383,1.917287218461343,1.9350398778915405
1995-06-27,1.935037975961512,1.9527906179428103,1.9172853339802136,1.95279061794281
1995-06-28,1.9527925373217383,1.9527925373217383,1.9350398778915407,1.9350398778915405
1995-06-29,1.9527925373217383,1.9527925373217383,1.917287218461343,1.9350398778915405
1995-06-30,1.935038917773479,1.970544219017029,1.935038917773479,1.9705442190170288
1995-07-03,1.970544219017029,1.970544219017029,1.952791568395254,1.9705442190170288
1995-07-05,1.970544219017029,1.970544219017029,1.952791568395254,1.9705442190170288
1995-07-06,1.9705433888094765,1.9882960319519043,1.952790745667049,1.9882960319519043
1995-07-07,1.9882968696388041,2.006049520260579,1.970544219017029,1.9705442190170288
1995-07-10,1.9882960319519043,1.9882960319519043,1.9882960319519043,1.9882960319519043
1995-07-11,1.9882981629498238,2.0060508251190186,1.970545500780629,2.0060508251190186
1995-07-12,2.0003349781036377,2.0003349781036377,1.9824748443705695,2.0003349781036377
1995-07-13,2.0003349781036377,2.0181951118367056,1.9824748443705695,2.0003349781036377
1995-07-14,2.0003331277222762,2.018193244934082,2.0003331277222762,2.018193244934082
1995-07-17,2.0003331277222762,2.018193244934082,1.98247301051047,2.018193244934082
1995-07-18,2.018193244934082,2.018193244934082,2.0003331277222762,2.018193244934082
1995-07-19,2.0181951118367056,2.0181951118367056,2.0003349781036377,2.0003349781036377
1995-07-20,2.0003333736110376,2.018193493018279,1.9824732542037964,1.9824732542037964
1995-07-21,1.9824732542037964,2.0003333736110376,1.9824732542037964,1.9824732542037964
1995-07-24,1.9824748443705695,2.0003349781036377,1.9824748443705695,2.0003349781036377
1995-07-25,2.0003333736110376,2.0003333736110376,1.9824732542037964,1.9824732542037964
1995-07-26,1.98247301051047,2.018193244934082,1.98247301051047,2.018193244934082
1995-07-27,2.0003349781036377,2.0181951118367056,1.9824748443705695,2.0003349781036377
1995-07-28,2.018193244934082,2.018193244934082,2.0003331277222762,2.018193244934082
1995-07-31,2.018193244934082,2.018193244934082,1.98247301051047,2.018193244934082
1995-08-01,2.018193244934082,2.0360533621458883,2.0003331277222762,2.018193244934082
1995-08-02,2.036053419113159,2.036053419113159,2.01819330140164,2.036053419113159
1995-08-03,2.0003349781036377,2.0181951118367056,2.0003349781036377,2.0003349781036377
1995-08-04,2.0181951118367056,2.0181951118367056,2.0003349781036377,2.0003349781036377
1995-08-07,2.018193244934082,2.018193244934082,2.0003331277222762,2.018193244934082
1995-08-08,2.018193244934082,2.018193244934082,2.0003331277222762,2.018193244934082
1995-08-09,2.0003331277222762,2.018193244934082,1.98247301051047,2.018193244934082
1995-08-10,2.018193244934082,2.018193244934082,2.0003331277222762,2.018193244934082
1995-08-11,1.9944757223129272,2.030412221814061,1.9944757223129272,1.9944757223129272
1995-08-14,2.0124439720634943,2.0124439720634943,1.9944757223129272,1.9944757223129272
1995-08-15,2.012445987354625,2.012445987354625,1.9585411841219122,1.97650945186615
1995-08-16,1.9585379362106323,1.976506174157519,1.9585379362106323,1.9585379362106323
1995-08-17,1.9585379362106323,1.976506174157519,1.9585379362106323,1.9585379362106323
1995-08-18,1.976506174157519,1.976506174157519,1.9585379362106323,1.9585379362106323
1995-08-21,1.97650945186615,1.97650945186615,1.9585411841219122,1.97650945186615
1995-08-22,1.976506174157519,1.976506174157519,1.9585379362106323,1.9585379362106323
1995-08-23,1.9585411841219122,1.97650945186615,1.9585411841219122,1.97650945186615
1995-08-24,1.9765082214559826,2.0124447345733643,1.9765082214559826,2.0124447345733643
1995-08-25,1.9944757223129272,2.0124439720634943,1.9944757223129272,1.9944757223129272
1995-08-28,2.012445987354625,2.012445987354625,1.97650945186615,1.97650945186615
1995-08-29,1.9944777196103876,1.9944777196103876,1.97650945186615,1.97650945186615
1995-08-30,1.9765074725623604,1.9944757223129272,1.9765074725623604,1.9944757223129272
1995-08-31,1.9944757223129272,1.9944757223129272,1.9765074725623604,1.9944757223129272
1995-09-01,2.0124439720634943,2.0124439720634943,1.9765074725623604,1.9944757223129272
1995-09-05,2.012445987354625,2.012445987354625,1.97650945186615,1.97650945186615
1995-09-06,1.97650945186615,1.9944777196103876,1.97650945186615,1.97650945186615
1995-09-07,1.9944777196103876,1.9944777196103876,1.97650945186615,1.97650945186615
1995-09-08,1.9944757223129272,1.9944757223129272,1.9765074725623604,1.9944757223129272
1995-09-11,1.9765074725623604,1.9944757223129272,1.9765074725623604,1.9944757223129272
1995-09-12,1.9944757223129272,1.9944757223129272,1.9765074725623604,1.9944757223129272
1995-09-13,1.9881127624336732,1.9881127624336732,1.9700390100479124,1.9700390100479126
1995-09-14,1.9700390100479124,1.9881127624336732,1.9700390100479124,1.9700390100479126
1995-09-15,1.9519662857055664,1.9700400476102475,1.9519662857055664,1.9519662857055664
1995-09-18,1.9519662857055664,1.9700400476102475,1.9338925238008853,1.9519662857055664
1995-09-19,1.9519660094073998,1.9519660094073998,1.9338922500610352,1.9338922500610352
1995-09-20,1.9338925238008853,1.9519662857055664,1.9338925238008853,1.9519662857055664
1995-09-21,1.9338908881511327,1.9338908881511327,1.897743394914663,1.915817141532898
1995-09-22,1.8977446556091309,1.9158184142339798,1.8796708969842821,1.8977446556091309
1995-09-25,1.9158171415328977,1.9158171415328977,1.897743394914663,1.915817141532898
1995-09-26,1.9158184142339798,1.9158184142339798,1.8977446556091309,1.8977446556091309
1995-09-27,1.8977446556091309,1.9158184142339798,1.8796708969842821,1.8977446556091309
1995-09-28,1.8977447313683053,1.9338922500610352,1.8977447313683053,1.9338922500610352
1995-09-29,1.9338925238008853,1.9519662857055664,1.9158187618962041,1.9519662857055664
1995-10-02,1.9519662857055664,1.9700400476102475,1.9338925238008853,1.9519662857055664
1995-10-03,1.9519652576621518,1.9700390100479124,1.9519652576621518,1.9700390100479126
1995-10-04,1.9519660094073998,1.9700397687537647,1.9338922500610352,1.9338922500610352
1995-10-05,1.9338925238008853,1.9519662857055664,1.9338925238008853,1.9519662857055664
1995-10-06,1.9338925238008853,1.9519662857055664,1.9338925238008853,1.9519662857055664
1995-10-09,1.9519660094073998,1.9519660094073998,1.9338922500610352,1.9338922500610352
1995-10-10,1.9519662857055664,1.9519662857055664,1.9338925238008853,1.9519662857055664
1995-10-11,1.9455657170878518,1.9637485742568972,1.9273828599188065,1.963748574256897
1995-10-12,1.9455657170878518,1.9637485742568972,1.9455657170878518,1.963748574256897
1995-10-13,1.9819313461130317,2.0001142024993896,1.9819313461130317,2.0001142024993896
1995-10-16,2.0001142024993896,2.0001142024993896,1.9819313461130317,2.0001142024993896
1995-10-17,1.9819313461130317,2.0001142024993896,1.9819313461130317,2.0001142024993896
1995-10-18,2.000113463183062,2.000113463183062,1.9819306135177612,1.9819306135177612
1995-10-19,1.9819313461130317,2.0001142024993896,1.9819313461130317,2.0001142024993896
1995-10-20,2.000113463183062,2.000113463183062,1.9819306135177612,1.9819306135177612
1995-10-23,2.0001142024993896,2.0001142024993896,1.9819313461130317,2.0001142024993896
1995-10-24,2.000113463183062,2.000113463183062,1.9819306135177612,1.9819306135177612
1995-10-25,1.9819306135177612,2.000113463183062,1.9819306135177612,1.9819306135177612
1995-10-26,1.9819306135177612,2.000113463183062,1.9819306135177612,1.9819306135177612
1995-10-27,1.9819313461130317,2.0001142024993896,1.9819313461130317,2.0001142024993896
1995-10-30,2.0001142024993896,2.0001142024993896,1.9819313461130317,2.0001142024993896
1995-10-31,1.9819306135177612,2.000113463183062,1.9819306135177612,1.9819306135177612
1995-11-01,2.0001152829006985,2.0182981491088867,2.0001152829006985,2.0182981491088867
1995-11-02,2.0001142024993896,2.018297058885748,2.0001142024993896,2.0001142024993896
1995-11-03,2.0182981491088867,2.0182981491088867,2.0001152829006985,2.0182981491088867
1995-11-06,2.0182981491088867,2.036481015317075,2.0182981491088867,2.0182981491088867
1995-11-07,2.0182981491088867,2.036481015317075,2.0182981491088867,2.0182981491088867
1995-11-08,2.018297329545021,2.036480188369751,2.018297329545021,2.036480188369751
1995-11-09,2.036481015317075,2.036481015317075,2.0182981491088867,2.0182981491088867
1995-11-10,2.018297329545021,2.036480188369751,2.018297329545021,2.036480188369751
1995-11-13,2.030043533870152,2.0483322143554688,2.030043533870152,2.0483322143554688
1995-11-14,2.030043601989746,2.0483322830887527,2.030043601989746,2.030043601989746
1995-11-15,2.030043533870152,2.0483322143554688,2.030043533870152,2.0483322143554688
1995-11-16,2.048329035441081,2.0849063396453857,2.0300403833389282,2.0849063396453857
1995-11-17,2.0666208948407854,2.0666208948407854,2.0483322143554688,2.0483322143554688
1995-11-20,2.0483322143554688,2.0666208948407854,2.0483322143554688,2.0483322143554688
1995-11-21,2.0483322830887527,2.0666209641877593,2.030043601989746,2.030043601989746
1995-11-22,2.0483322143554688,2.0483322143554688,2.030043533870152,2.0483322143554688
1995-11-24,2.0483322143554688,2.0483322143554688,2.0483322143554688,2.0483322143554688
1995-11-27,2.0483322830887527,2.0666209641877593,2.030043601989746,2.030043601989746
1995-11-28,2.0483322143554688,2.0483322143554688,2.030043533870152,2.0483322143554688
1995-11-29,2.0483322830887527,2.0483322830887527,2.030043601989746,2.030043601989746
1995-11-30,2.0483322143554688,2.0666208948407854,2.030043533870152,2.0483322143554688
1995-12-01,2.0666208948407854,2.0666208948407854,2.0483322143554688,2.0483322143554688
1995-12-04,2.0483322830887527,2.0483322830887527,2.030043601989746,2.030043601989746
1995-12-05,2.030042949589816,2.048331624811346,2.011754274368286,2.011754274368286
1995-12-06,2.011754274368286,2.030042949589816,1.9934655991467565,2.011754274368286
1995-12-07,2.0117549208907395,2.030043601989746,2.0117549208907395,2.030043601989746
1995-12-08,2.011754274368286,2.048331624811346,2.011754274368286,2.011754274368286
1995-12-11,2.0117549208907395,2.0483322830887527,2.0117549208907395,2.030043601989746
1995-12-12,2.011754274368286,2.030042949589816,2.011754274368286,2.011754274368286
1995-12-13,2.0227880434158747,2.0227880434158747,2.004399061203003,2.004399061203003
1995-12-14,2.004399061203003,2.0227880434158747,2.004399061203003,2.004399061203003
1995-12-15,2.004399061203003,2.0227880434158747,2.004399061203003,2.004399061203003
1995-12-18,2.004396770839338,2.004396770839338,1.9860078096389773,1.986007809638977
1995-12-19,1.9860100789901314,2.0227880434158747,1.9860100789901314,2.004399061203003
1995-12-20,2.004399061203003,2.004399061203003,2.004399061203003,2.004399061203003
1995-12-21,2.004396770839338,2.004396770839338,1.9860078096389773,1.986007809638977
1995-12-22,1.9860100789901314,2.0227880434158747,1.9860100789901314,2.004399061203003
1995-12-26,1.9860078096389773,2.004396770839338,1.9860078096389773,1.986007809638977
1995-12-27,1.9860078096389773,2.004396770839338,1.9860078096389773,1.986007809638977
1995-12-28,2.004399061203003,2.0227880434158747,1.9860100789901314,2.004399061203003
1995-12-29,2.004396770839338,2.004396770839338,1.9860078096389773,1.986007809638977
1996-01-02,2.004398367426417,2.0411763191223145,2.004398367426417,2.0411763191223145
1996-01-03,2.041177751801231,2.041177751801231,2.0227887630462646,2.0227887630462646
1996-01-04,2.041177751801231,2.041177751801231,2.0227887630462646,2.0227887630462646
1996-01-05,2.0227887630462646,2.0227887630462646,2.004399774291299,2.0227887630462646
1996-01-08,2.0227880434158747,2.0227880434158747,2.004399061203003,2.004399061203003
1996-01-09,2.0227880434158747,2.0227880434158747,2.004399061203003,2.004399061203003
1996-01-10,2.0154920430095107,2.0339827956976713,1.99700129032135,1.99700129032135
1996-01-11,1.9970021554089468,2.0154929161071777,1.9970021554089468,2.0154929161071777
1996-01-12,2.0339836768054087,2.0339836768054087,1.9970021554089468,2.0154929161071777
1996-01-15,2.0154920430095107,2.0339827956976713,1.99700129032135,1.99700129032135
1996-01-16,2.0154929161071777,2.0339836768054087,2.0154929161071777,2.0154929161071777
1996-01-17,2.015493182702498,2.0524747089906175,2.015493182702498,2.0339839458465576
1996-01-18,2.0339839458465576,2.0524747089906175,2.0339839458465576,2.0339839458465576
1996-01-19,2.0524759462901523,2.0709667205810547,2.03398517199925,2.0709667205810547
1996-01-22,2.0709667205810547,2.0894574948719566,2.0524759462901523,2.0709667205810547
1996-01-23,2.0709655559168456,2.08945631980896,2.0709655559168456,2.08945631980896
1996-01-24,2.08945631980896,2.1079470837010748,2.0709655559168456,2.08945631980896
1996-01-25,2.1079468727111816,2.1079468727111816,2.0709653486285293,2.1079468727111816
1996-01-26,2.0709655559168456,2.08945631980896,2.0709655559168456,2.08945631980896
1996-01-29,2.1079468727111816,2.1079468727111816,2.0709653486285293,2.1079468727111816
1996-01-30,2.0709653486285293,2.1079468727111816,2.0709653486285293,2.1079468727111816
1996-01-31,2.0894544995349387,2.1264359951019287,2.0894544995349387,2.1264359951019287
1996-02-01,2.1079468727111816,2.126437634752508,2.1079468727111816,2.1079468727111816
1996-02-02,2.1079468727111816,2.126437634752508,2.1079468727111816,2.1079468727111816
1996-02-05,2.126437634752508,2.126437634752508,2.1079468727111816,2.1079468727111816
1996-02-06,2.1079468727111816,2.126437634752508,2.1079468727111816,2.1079468727111816
1996-02-07,2.1079468727111816,2.126437634752508,2.1079468727111816,2.1079468727111816
1996-02-08,2.1079452473184337,2.1264359951019287,2.0894544995349387,2.1264359951019287
1996-02-09,2.126437634752508,2.126437634752508,2.1079468727111816,2.1079468727111816
1996-02-12,2.1264359951019287,2.1264359951019287,2.1079452473184337,2.1264359951019287
1996-02-13,2.100413751602173,2.1375892162323,2.100413751602173,2.1375892162323
1996-02-14,2.1375892162323,2.1375892162323,2.1190014839172364,2.1375892162323
1996-02-15,2.1375892162323,2.1561769485473636,2.1375892162323,2.1375892162323
1996-02-16,2.1190011501312256,2.1375888795183418,2.1190011501312256,2.1190011501312256
1996-02-20,2.1190011501312256,2.1375888795183418,2.1190011501312256,2.1190011501312256
1996-02-21,2.1375892162323,2.1375892162323,2.1190014839172364,2.1375892162323
1996-02-22,2.1375888795183418,2.1561766089054575,2.1190011501312256,2.1190011501312256
1996-02-23,2.1375892162323,2.1375892162323,2.1190014839172364,2.1375892162323
1996-02-26,2.1190011501312256,2.1190011501312256,2.1004134207441094,2.1190011501312256
1996-02-27,2.119003456250756,2.119003456250756,2.1004157066345215,2.1004157066345215
1996-02-28,2.1190011501312256,2.1375888795183418,2.1190011501312256,2.1190011501312256
1996-02-29,2.1190011501312256,2.1190011501312256,2.1004134207441094,2.1190011501312256
1996-03-01,2.1190033717135504,2.221235990524292,2.1190033717135504,2.221235990524292
1996-03-04,2.1375888795183418,2.1375888795183418,2.1190011501312256,2.1190011501312256
1996-03-05,2.137591205866991,2.137591205866991,2.1004157066345215,2.1004157066345215
1996-03-06,2.1190011501312256,2.1375888795183418,2.1190011501312256,2.1190011501312256
1996-03-07,2.1190011501312256,2.1375888795183418,2.1190011501312256,2.1190011501312256
1996-03-08,2.1004157904032117,2.1004157904032117,2.0632402896881104,2.0632402896881104
1996-03-11,2.063239657453128,2.100415146776608,2.063239657453128,2.081827402114868
1996-03-12,2.0818279570182865,2.1004157066345215,2.0818279570182865,2.1004157066345215
1996-03-13,2.111628770828247,2.111628770828247,2.0929417905554306,2.111628770828247
1996-03-14,2.09294056892395,2.09294056892395,2.0742535995585576,2.09294056892395
1996-03-15,2.0742535995585576,2.09294056892395,2.0555666301931654,2.09294056892395
1996-03-18,2.0929412148215554,2.0929412148215554,2.0555672645568848,2.0555672645568848
1996-03-19,2.0555672645568848,2.07425423968922,2.0555672645568848,2.0555672645568848
1996-03-20,2.074254274368286,2.074254274368286,2.0555672989235267,2.074254274368286
1996-03-21,2.0742535995585576,2.09294056892395,2.0555666301931654,2.09294056892395
1996-03-22,2.0555672645568848,2.07425423968922,2.0555672645568848,2.0555672645568848
1996-03-25,2.07425423968922,2.07425423968922,2.0555672645568848,2.0555672645568848
1996-03-26,2.0555672989235267,2.074254274368286,2.0555672989235267,2.074254274368286
1996-03-27,2.07425423968922,2.07425423968922,2.0555672645568848,2.0555672645568848
1996-03-28,2.074252990407681,2.074252990407681,2.036879062652588,2.036879062652588
1996-03-29,2.0555672645568848,2.0555672645568848,2.0368802894245492,2.0555672645568848
1996-04-01,2.0555672645568848,2.0555672645568848,2.0368802894245492,2.0555672645568848
1996-04-02,2.0555672645568848,2.07425423968922,2.0555672645568848,2.0555672645568848
1996-04-03,2.07425423968922,2.07425423968922,2.0555672645568848,2.0555672645568848
1996-04-04,2.0555660265301348,2.0555660265301348,2.036879062652588,2.036879062652588
1996-04-08,2.0368775106611703,2.0368775106611703,1.943442762465704,1.9621297121047974
1996-04-09,1.9808179140090942,1.9995048754620104,1.9808179140090942,1.9808179140090942
1996-04-10,1.9808166617438905,1.9808166617438905,1.9621297121047974,1.9621297121047974
1996-04-11,1.9734085112247826,1.9922028779983518,1.9734085112247826,1.992202877998352
1996-04-12,1.9922028779983518,1.9922028779983518,1.9734085112247826,1.992202877998352
1996-04-15,1.9922015109908913,2.010995864868164,1.9734071571136187,2.010995864868164
1996-04-16,1.9922028779983518,2.010997244771921,1.9922028779983518,1.992202877998352
1996-04-17,1.9922028779983518,2.010997244771921,1.9734085112247826,1.992202877998352
1996-04-18,1.9922028779983518,2.010997244771921,1.9922028779983518,1.992202877998352
1996-04-19,1.9734071571136187,2.010995864868164,1.9734071571136187,2.010995864868164
1996-04-22,2.010995864868164,2.0297902187454366,1.9922015109908913,2.010995864868164
1996-04-23,2.0297913551330566,2.048585719532437,2.0109969907336764,2.0297913551330566
1996-04-24,2.0297913551330566,2.0297913551330566,2.0109969907336764,2.0297913551330566
1996-04-25,2.0297902187454366,2.0297902187454366,2.010995864868164,2.010995864868164
1996-04-26,2.0297913551330566,2.048585719532437,2.0109969907336764,2.0297913551330566
1996-04-29,2.048585719532437,2.048585719532437,2.0297913551330566,2.0297913551330566
1996-04-30,2.0297913551330566,2.048585719532437,2.0297913551330566,2.0297913551330566
1996-05-01,2.048586130142212,2.048586130142212,2.0297917619757695,2.048586130142212
1996-05-02,2.010995864868164,2.048584572622709,2.010995864868164,2.010995864868164
1996-05-03,2.010997244771921,2.010997244771921,1.9922028779983518,1.992202877998352
1996-05-06,1.9922028779983518,2.010997244771921,1.9922028779983518,1.992202877998352
1996-05-07,1.9922028779983518,1.9922028779983518,1.9922028779983518,1.992202877998352
1996-05-08,1.9734066724777222,1.9922010217394148,1.9734066724777222,1.9734066724777222
1996-05-09,1.9922010217394148,1.9922010217394148,1.9734066724777222,1.9734066724777222
1996-05-10,1.9922028779983518,2.010997244771921,1.9734085112247826,1.992202877998352
1996-05-13,1.9846421480178835,1.9846421480178835,1.9846421480178835,1.9846421480178833
1996-05-14,2.00354350180853,2.00354350180853,1.9846421480178835,1.9846421480178833
1996-05-15,1.9846406072940468,2.0224432855282193,1.9846406072940468,2.003541946411133
1996-05-16,1.984639446312022,2.022442102432251,1.984639446312022,2.022442102432251
1996-05-17,2.003541946411133,2.003541946411133,1.9846406072940468,2.003541946411133
1996-05-20,2.003541946411133,2.003541946411133,1.9846406072940468,2.003541946411133
1996-05-21,1.9846406072940468,2.003541946411133,1.9846406072940468,2.003541946411133
1996-05-22,2.003541946411133,2.003541946411133,1.9846406072940468,2.003541946411133
1996-05-23,2.003541946411133,2.0224432855282193,2.003541946411133,2.003541946411133
1996-05-24,2.003541946411133,2.003541946411133,1.9846406072940468,2.003541946411133
1996-05-28,1.9846406072940468,2.0224432855282193,1.9846406072940468,2.003541946411133
1996-05-29,2.003541946411133,2.0224432855282193,2.003541946411133,2.003541946411133
1996-05-30,2.0224432855282193,2.0224432855282193,2.003541946411133,2.003541946411133
1996-05-31,2.00354350180853,2.00354350180853,1.9846421480178835,1.9846421480178833
1996-06-03,2.00354350180853,2.00354350180853,1.9846421480178835,1.9846421480178833
1996-06-04,2.003541946411133,2.0224432855282193,1.9846406072940468,2.003541946411133
1996-06-05,2.003541946411133,2.003541946411133,1.9846406072940468,2.003541946411133
1996-06-06,2.022442102432251,2.022442102432251,2.0035407743721363,2.022442102432251
1996-06-07,2.003541946411133,2.003541946411133,1.9657392681769605,2.003541946411133
1996-06-10,2.003541946411133,2.003541946411133,1.9846406072940468,2.003541946411133
1996-06-11,2.00354350180853,2.00354350180853,1.9846421480178835,1.9846421480178833
1996-06-12,2.0150580746786932,2.0150580746786932,1.9770381110055106,1.996048092842102
1996-06-13,1.9770379066467283,1.9770379066467283,1.9770379066467283,1.9770379066467285
1996-06-14,1.958027243614197,1.9770372168531698,1.9390172703752242,1.9580272436141968
1996-06-17,1.9770372168531698,1.9770372168531698,1.958027243614197,1.9580272436141968
1996-06-18,1.9770365452420884,1.9770365452420884,1.9580265784609145,1.9675315618515015
1996-06-19,1.958028129168919,1.996048092842102,1.958028129168919,1.996048092842102
1996-06-20,1.9770379066467283,1.9960478865183315,1.9580279267751253,1.9770379066467285
1996-06-21,1.9770381110055106,2.0150580746786932,1.9770381110055106,1.996048092842102
1996-06-24,2.0150580746786932,2.034068056515285,1.996048092842102,1.996048092842102
1996-06-25,2.0150579743915134,2.0530779361724854,2.0150579743915134,2.0530779361724854
1996-06-26,2.0340659618377686,2.0340659618377686,2.0340659618377686,2.0340659618377686
1996-06-27,2.0530759240979344,2.0530759240979344,2.0150559995776023,2.0340659618377686
1996-06-28,2.0150579743915134,2.0720879170629716,2.0150579743915134,2.0530779361724854
1996-07-01,2.0530779361724854,2.0720879170629716,2.0340679552819996,2.0530779361724854
1996-07-02,2.0530779361724854,2.0720879170629716,2.0530779361724854,2.0530779361724854
1996-07-03,2.053078021478216,2.0720880031585693,2.034068039797862,2.0720880031585693
1996-07-05,2.0340659618377686,2.0340659618377686,2.0150559995776023,2.0340659618377686
1996-07-08,2.0340659618377686,2.0530759240979344,2.0340659618377686,2.0340659618377686
1996-07-09,2.0340679552819996,2.0530779361724854,2.0340679552819996,2.0530779361724854
1996-07-10,2.0340679552819996,2.0530779361724854,2.0340679552819996,2.0530779361724854
1996-07-11,2.026313541091491,2.0645458720554815,2.026313541091491,2.0454297065734863
1996-07-12,2.045431634165206,2.045431634165206,2.026315450668335,2.026315450668335
1996-07-15,2.026315450668335,2.045431634165206,2.026315450668335,2.026315450668335
1996-07-16,2.007199267171464,2.026315450668335,2.007199267171464,2.026315450668335
1996-07-17,2.0071985721588135,2.0263147490365165,2.0071985721588135,2.0071985721588135
1996-07-18,2.007199267171464,2.026315450668335,2.007199267171464,2.026315450668335
1996-07-19,2.026315450668335,2.045431634165206,2.026315450668335,2.026315450668335
1996-07-22,2.045431634165206,2.045431634165206,2.026315450668335,2.026315450668335
1996-07-23,2.045431634165206,2.045431634165206,2.026315450668335,2.026315450668335
1996-07-24,2.026315450668335,2.045431634165206,2.007199267171464,2.026315450668335
1996-07-25,2.007199267171464,2.026315450668335,2.007199267171464,2.026315450668335
1996-07-26,2.0454308854209056,2.064547061920166,2.0263147089216447,2.064547061920166
1996-07-29,2.064547061920166,2.064547061920166,2.0454308854209056,2.064547061920166
1996-07-30,2.0645458720554815,2.0645458720554815,2.0454297065734863,2.0454297065734863
1996-07-31,2.0454308854209056,2.083663238419427,2.0454308854209056,2.064547061920166
1996-08-01,2.045431106462391,2.0836634635925293,2.045431106462391,2.0836634635925293
1996-08-02,2.0836634635925293,2.102779642157598,2.06454728502746,2.0836634635925293
1996-08-05,2.1027793884277344,2.1027793884277344,2.0836632121693004,2.1027793884277344
1996-08-06,2.1027796118109077,2.1218957901000977,2.0836634335217177,2.1218957901000977
1996-08-07,2.1027793884277344,2.1218955646861684,2.0836632121693004,2.1027793884277344
1996-08-08,2.1027796118109077,2.1218957901000977,2.0836634335217177,2.1218957901000977
1996-08-09,2.102779128721782,2.1410114765167236,2.0836629548243115,2.1410114765167236
1996-08-12,2.1027793884277344,2.1218955646861684,2.1027793884277344,2.1027793884277344
1996-08-13,2.0950918609445743,2.1143128871917725,2.0950918609445743,2.1143128871917725
1996-08-14,2.1143128871917725,2.13353391343897,2.0950918609445743,2.1143128871917725
1996-08-15,2.0950915813446045,2.0950915813446045,2.0950915813446045,2.0950915813446045
1996-08-16,2.0950915813446045,2.0950915813446045,2.075870557662544,2.0950915813446045
1996-08-19,2.0950918609445743,2.1143128871917725,2.0950918609445743,2.1143128871917725
1996-08-20,2.0950921355067074,2.1335341930389404,2.0950921355067074,2.1335341930389404
1996-08-21,2.114312605026665,2.114312605026665,2.0950915813446045,2.0950915813446045
1996-08-22,2.114313164272824,2.1335341930389404,2.114313164272824,2.1335341930389404
1996-08-23,2.1335325773273195,2.1527535915374756,2.114311563117164,2.1527535915374756
1996-08-26,2.1335341930389404,2.1335341930389404,2.114313164272824,2.1335341930389404
1996-08-27,2.1143128871917725,2.13353391343897,2.1143128871917725,2.1143128871917725
1996-08-28,2.1143128871917725,2.13353391343897,2.1143128871917725,2.1143128871917725
1996-08-29,2.133533628708726,2.133533628708726,2.0950915813446045,2.0950915813446045
1996-08-30,2.0950918609445743,2.1143128871917725,2.0950918609445743,2.1143128871917725
1996-09-03,2.114312605026665,2.114312605026665,2.0950915813446045,2.0950915813446045
1996-09-04,2.0950915813446045,2.114312605026665,2.0950915813446045,2.0950915813446045
1996-09-05,2.1143128033037537,2.1143128033037537,2.0758707523345947,2.0758707523345947
1996-09-06,2.0758708346973767,2.1143128871917725,2.0758708346973767,2.1143128871917725
1996-09-09,2.1143128871917725,2.1143128871917725,2.0950918609445743,2.1143128871917725
1996-09-10,2.0950915813446045,2.114312605026665,2.0950915813446045,2.0950915813446045
1996-09-11,2.0873608329079367,2.1260156631469727,2.0873608329079367,2.1260156631469727
1996-09-12,2.1066882480274547,2.1260156631469727,2.1066882480274547,2.1260156631469727
1996-09-13,2.1260156631469727,2.1453430782664906,2.1260156631469727,2.1260156631469727
1996-09-16,2.145342848716526,2.145342848716526,2.1066880226135254,2.1066880226135254
1996-09-17,2.1260154356650256,2.1260154356650256,2.1066880226135254,2.1066880226135254
1996-09-18,2.1066882480274547,2.1260156631469727,2.1066882480274547,2.1260156631469727
1996-09-19,2.1066882480274547,2.1260156631469727,2.1066882480274547,2.1260156631469727
1996-09-20,2.1260156631469727,2.1260156631469727,2.1066882480274547,2.1260156631469727
1996-09-23,2.1260156631469727,2.1260156631469727,2.1066882480274547,2.1260156631469727
1996-09-24,2.1066880226135254,2.1260154356650256,2.1066880226135254,2.1066880226135254
1996-09-25,2.1066880226135254,2.1260154356650256,2.1066880226135254,2.1066880226135254
1996-09-26,2.1066882480274547,2.1260156631469727,2.1066882480274547,2.1260156631469727
1996-09-27,2.1260154356650256,2.1260154356650256,2.1066880226135254,2.1066880226135254
1996-09-30,2.1066880226135254,2.1260154356650256,2.1066880226135254,2.1066880226135254
1996-10-01,2.1260156631469727,2.1453430782664906,2.1260156631469727,2.1260156631469727
1996-10-02,2.1453430782664906,2.1453430782664906,2.1260156631469727,2.1260156631469727
1996-10-03,2.126015886530146,2.14534330368042,2.106688469379872,2.14534330368042
1996-10-04,2.1453430782664906,2.1453430782664906,2.1260156631469727,2.1260156631469727
1996-10-07,2.1453430782664906,2.1453430782664906,2.1260156631469727,2.1260156631469727
1996-10-08,2.1260156631469727,2.1453430782664906,2.1260156631469727,2.1260156631469727
1996-10-09,2.126015886530146,2.164670720830694,2.126015886530146,2.14534330368042
1996-10-10,2.1375695718537777,2.1375695718537777,2.1181371212005615,2.1181371212005615
1996-10-11,2.1181360637700117,2.1375685047220303,2.098703622817993,2.098703622817993
1996-10-14,2.0987046705473453,2.1375695718537777,2.0987046705473453,2.1181371212005615
1996-10-15,2.1181371212005615,2.1375695718537777,2.1181371212005615,2.1181371212005615
1996-10-16,2.157002022506994,2.157002022506994,2.1181371212005615,2.1181371212005615
1996-10-17,2.1375695718537777,2.1375695718537777,2.1181371212005615,2.1181371212005615
1996-10-18,2.1181372144005515,2.1375696659088135,2.1181372144005515,2.1375696659088135
1996-10-21,2.1181371212005615,2.1375695718537777,2.1181371212005615,2.1181371212005615
1996-10-22,2.098703622817993,2.1181360637700117,2.098703622817993,2.098703622817993
1996-10-23,2.098703622817993,2.1181360637700117,2.098703622817993,2.098703622817993
1996-10-24,2.0987046705473453,2.1181371212005615,2.0987046705473453,2.1181371212005615
1996-10-25,2.0987046705473453,2.1278533465271696,2.0987046705473453,2.1181371212005615
1996-10-28,2.1181369306834323,2.137569379588785,2.1181369306834323,2.1278531551361084
1996-10-29,2.1278531551361084,2.137569379588785,2.1181369306834323,2.1278531551361084
1996-10-30,2.1375695718537777,2.1375695718537777,2.1181371212005615,2.1181371212005615
1996-10-31,2.1181372144005515,2.1375696659088135,2.1181372144005515,2.1375696659088135
1996-11-01,2.1181372144005515,2.1375696659088135,2.1181372144005515,2.1375696659088135
1996-11-04,2.137569758269164,2.1570022106170654,2.137569758269164,2.1570022106170654
1996-11-05,2.1375696659088135,2.1570021174170755,2.1375696659088135,2.1375696659088135
1996-11-06,2.137569758269164,2.1570022106170654,2.1181373059212625,2.1570022106170654
1996-11-07,2.1570022106170654,2.1570022106170654,2.137569758269164,2.1570022106170654
1996-11-08,2.1375696659088135,2.1375696659088135,2.1181372144005515,2.1375696659088135
1996-11-11,2.137569758269164,2.1570022106170654,2.137569758269164,2.1570022106170654
1996-11-12,2.1375696659088135,2.1570021174170755,2.1375696659088135,2.1375696659088135
1996-11-13,2.129755024399076,2.1883721351623535,2.129755024399076,2.1883721351623535
1996-11-14,2.1688339710235596,2.1883730158075556,2.1688339710235596,2.1688339710235596
1996-11-15,2.168833098241261,2.1883721351623535,2.168833098241261,2.1883721351623535
1996-11-18,2.1688339710235596,2.1688339710235596,2.1688339710235596,2.1688339710235596
1996-11-19,2.168833175572482,2.168833175572482,2.149294137954712,2.149294137954712
1996-11-20,2.1492940613201683,2.1883721351623535,2.1492940613201683,2.1883721351623535
1996-11-21,2.2079120605915517,2.2079120605915517,2.1688339710235596,2.1688339710235596
1996-11-22,2.1883730158075556,2.1883730158075556,2.1688339710235596,2.1688339710235596
1996-11-25,2.1688339710235596,2.1883730158075556,2.1492949262395635,2.1688339710235596
1996-11-26,2.168833098241261,2.1883721351623535,2.168833098241261,2.1883721351623535
1996-11-27,2.1883722131902523,2.1883722131902523,2.149294137954712,2.149294137954712
1996-11-29,2.1688339710235596,2.1688339710235596,2.1492949262395635,2.1688339710235596
1996-12-02,2.1883730158075556,2.1883730158075556,2.1492949262395635,2.1688339710235596
1996-12-03,2.1688339710235596,2.1883730158075556,2.1688339710235596,2.1688339710235596
1996-12-04,2.1883722131902523,2.1883722131902523,2.149294137954712,2.149294137954712
1996-12-05,2.1492949262395635,2.1688339710235596,2.1492949262395635,2.1688339710235596
1996-12-06,2.149292853994107,2.149292853994107,2.129753828048706,2.129753828048706
1996-12-09,2.149294137954712,2.168833175572482,2.149294137954712,2.149294137954712
1996-12-10,2.1688339710235596,2.1883730158075556,2.1492949262395635,2.1688339710235596
1996-12-11,2.180622100830078,2.180622100830078,2.160976856678456,2.180622100830078
1996-12-12,2.1609754737364044,2.180620705315826,2.1413302421569824,2.1413302421569824
1996-12-13,2.1216850105775604,2.1609754737364044,2.1216850105775604,2.1413302421569824
1996-12-16,2.1413290566868253,2.1413290566868253,2.1216838359832764,2.1216838359832764
1996-12-17,2.102039778998139,2.1413302421569824,2.082394547418717,2.1413302421569824
1996-12-18,2.121682652560147,2.160973072052002,2.121682652560147,2.160973072052002
1996-12-19,2.1216850105775604,2.1609754737364044,2.1216850105775604,2.1413302421569824
1996-12-20,2.1413290566868253,2.160974277390374,2.1216838359832764,2.1216838359832764
1996-12-23,2.1216838359832764,2.1413290566868253,2.1216838359832764,2.1216838359832764
1996-12-24,2.1216838359832764,2.1413290566868253,2.1216838359832764,2.1216838359832764
1996-12-26,2.1216850105775604,2.1413302421569824,2.1216850105775604,2.1413302421569824
1996-12-27,2.1413290566868253,2.1413290566868253,2.1216838359832764,2.1216838359832764
1996-12-30,2.1413302421569824,2.1609754737364044,2.1413302421569824,2.1413302421569824
1996-12-31,2.1413290566868253,2.160974277390374,2.1216838359832764,2.1216838359832764
1997-01-02,2.1413278623060745,2.160973072052002,2.1413278623060745,2.160973072052002
1997-01-03,2.1413278623060745,2.180618281797929,2.1413278623060745,2.160973072052002
1997-01-06,2.160976856678456,2.180622100830078,2.160976856678456,2.180622100830078
1997-01-07,2.180619471839496,2.2002646923065186,2.180619471839496,2.2002646923065186
1997-01-08,2.180622100830078,2.2002673449817003,2.180622100830078,2.180622100830078
1997-01-09,2.2002646923065186,2.2002646923065186,2.180619471839496,2.2002646923065186
1997-01-10,2.180618281797929,2.180618281797929,2.1413278623060745,2.160973072052002
1997-01-13,2.172827248100762,2.192580223083496,2.153074273118028,2.192580223083496
1997-01-14,2.192580223083496,2.21233319806623,2.172827248100762,2.192580223083496
1997-01-15,2.212332248687744,2.232085215193885,2.1925792821816037,2.212332248687744
1997-01-16,2.212332248687744,2.212332248687744,2.1925792821816037,2.212332248687744
1997-01-17,2.1925792821816037,2.212332248687744,2.1925792821816037,2.212332248687744
1997-01-20,2.212331316112417,2.232084274291992,2.212331316112417,2.232084274291992
1997-01-21,2.212331316112417,2.232084274291992,2.1925783579328417,2.232084274291992
1997-01-22,2.212332248687744,2.232085215193885,2.212332248687744,2.212332248687744
1997-01-23,2.192580223083496,2.2320861730489643,2.192580223083496,2.192580223083496
1997-01-24,2.212332248687744,2.212332248687744,2.1925792821816037,2.212332248687744
1997-01-27,2.1925792821816037,2.212332248687744,2.1925792821816037,2.212332248687744
1997-01-28,2.212332248687744,2.232085215193885,2.1925792821816037,2.212332248687744
1997-01-29,2.192580223083496,2.21233319806623,2.192580223083496,2.192580223083496
1997-01-30,2.212332248687744,2.232085215193885,2.212332248687744,2.212332248687744
1997-01-31,2.232085215193885,2.232085215193885,2.1925792821816037,2.212332248687744
1997-02-03,2.212332248687744,2.232085215193885,2.1925792821816037,2.212332248687744
1997-02-04,2.212331316112417,2.232084274291992,2.212331316112417,2.232084274291992
1997-02-05,2.212332248687744,2.232085215193885,2.212332248687744,2.212332248687744
1997-02-06,2.212331316112417,2.232084274291992,2.212331316112417,2.232084274291992
1997-02-07,2.2320835862243382,2.2518365383148193,2.2320835862243382,2.2518365383148193
1997-02-10,2.2320835862243382,2.2518365383148193,2.2320835862243382,2.2518365383148193
1997-02-11,2.2518372324715674,2.2518372324715674,2.232084274291992,2.232084274291992
1997-02-12,2.24399995803833,2.263858364746634,2.2241415513300264,2.24399995803833
1997-02-13,2.2241415513300264,2.24399995803833,2.2241415513300264,2.24399995803833
1997-02-14,2.24399995803833,2.24399995803833,2.2241415513300264,2.24399995803833
1997-02-18,2.24399995803833,2.263858364746634,2.2241415513300264,2.24399995803833
1997-02-19,2.2440019752668294,2.2837188243865967,2.2440019752668294,2.2837188243865967
1997-02-20,2.283716484120018,2.283716484120018,2.2638580799102783,2.2638580799102783
1997-02-21,2.283716484120018,2.283716484120018,2.2638580799102783,2.2638580799102783
1997-02-24,2.2638603998267133,2.2837188243865967,2.2440019752668294,2.2837188243865967
1997-02-25,2.283716484120018,2.283716484120018,2.243999675700539,2.2638580799102783
1997-02-26,2.263858364746634,2.283716771454938,2.2241415513300264,2.24399995803833
1997-02-27,2.263858364746634,2.263858364746634,2.2241415513300264,2.24399995803833
1997-02-28,2.24399995803833,2.263858364746634,2.24399995803833,2.24399995803833
1997-03-03,2.2638580799102783,2.2638580799102783,2.243999675700539,2.2638580799102783
1997-03-04,2.243999675700539,2.2638580799102783,2.243999675700539,2.2638580799102783
1997-03-05,2.243999675700539,2.2638580799102783,2.243999675700539,2.2638580799102783
1997-03-06,2.24399995803833,2.263858364746634,2.24399995803833,2.24399995803833
1997-03-07,2.244000245417867,2.263858654669353,2.224141836166382,2.224141836166382
1997-03-10,2.244000245417867,2.263858654669353,2.224141836166382,2.224141836166382
1997-03-11,2.263858364746634,2.263858364746634,2.2241415513300264,2.24399995803833
1997-03-12,2.2360141720392006,2.2759429965399005,2.2360141720392006,2.255978584289551
1997-03-13,2.2360141720392006,2.255978584289551,2.2360141720392006,2.255978584289551
1997-03-14,2.2360150448910825,2.255979464934753,2.216050624847412,2.216050624847412
1997-03-17,2.2360150448910825,2.2360150448910825,2.216050624847412,2.216050624847412
1997-03-18,2.21605113361563,2.2559799828699654,2.21605113361563,2.236015558242798
1997-03-19,2.216050624847412,2.2360150448910825,2.216050624847412,2.216050624847412
1997-03-20,2.216050624847412,2.2360150448910825,2.216050624847412,2.216050624847412
1997-03-21,2.21605113361563,2.236015558242798,2.21605113361563,2.236015558242798
1997-03-24,2.216050624847412,2.2360150448910825,2.216050624847412,2.216050624847412
1997-03-25,2.2360150448910825,2.2360150448910825,2.216050624847412,2.216050624847412
1997-03-26,2.236015558242798,2.236015558242798,2.21605113361563,2.236015558242798
1997-03-27,2.2559799828699654,2.2559799828699654,2.21605113361563,2.236015558242798
1997-03-31,2.216050624847412,2.2360150448910825,2.216050624847412,2.216050624847412
1997-04-01,2.216050624847412,2.2360150448910825,2.1960862048037417,2.216050624847412
1997-04-02,2.1960837841033936,2.236012580178001,2.1960837841033936,2.1960837841033936
1997-04-03,2.21605113361563,2.236015558242798,2.21605113361563,2.236015558242798
1997-04-04,2.2360150448910825,2.2360150448910825,2.216050624847412,2.216050624847412
1997-04-07,2.2360150448910825,2.2360150448910825,2.1960862048037417,2.216050624847412
1997-04-08,2.1960862048037417,2.2360150448910825,2.1960862048037417,2.216050624847412
1997-04-09,2.2360150448910825,2.2360150448910825,2.216050624847412,2.216050624847412
1997-04-10,2.216048182140697,2.216048182140697,2.1960837841033936,2.1960837841033936
1997-04-11,2.2081327875819774,2.2282067220145407,2.188058853149414,2.188058853149414
1997-04-14,2.188055769160942,2.188055769160942,2.1479079568827593,2.1679818630218506
1997-04-15,2.1679818630218506,2.1679818630218506,2.1479079568827593,2.1679818630218506
1997-04-16,2.167978990857846,2.167978990857846,2.147905111312866,2.147905111312866
1997-04-17,2.1679849187168507,2.188058853149414,2.1679849187168507,2.188058853149414
1997-04-18,2.1679849187168507,2.188058853149414,2.1679849187168507,2.188058853149414
1997-04-21,2.2081327875819774,2.2081327875819774,2.1679849187168507,2.188058853149414
1997-04-22,2.208130574441171,2.2282044887542725,2.208130574441171,2.2282044887542725
1997-04-23,2.208127021789551,2.2282009038058193,2.208127021789551,2.208127021789551
1997-04-24,2.2282044887542725,2.2282044887542725,2.208130574441171,2.2282044887542725
1997-04-25,2.208130574441171,2.2282044887542725,2.208130574441171,2.2282044887542725
1997-04-28,2.208127021789551,2.2282009038058193,2.208127021789551,2.208127021789551
1997-04-29,2.2282044887542725,2.2282044887542725,2.208130574441171,2.2282044887542725
1997-04-30,2.22820422904832,2.2482781410217285,2.22820422904832,2.2482781410217285
1997-05-01,2.22820422904832,2.2482781410217285,2.22820422904832,2.2482781410217285
1997-05-02,2.22820422904832,2.2482781410217285,2.22820422904832,2.2482781410217285
1997-05-05,2.248278403067374,2.248278403067374,2.2282044887542725,2.2282044887542725
1997-05-06,2.248278403067374,2.248278403067374,2.2282044887542725,2.2282044887542725
1997-05-07,2.2482781410217285,2.2482781410217285,2.22820422904832,2.2482781410217285
1997-05-08,2.2482783562314195,2.2683522701263428,2.2482783562314195,2.2683522701263428
1997-05-09,2.2482781410217285,2.268352052995137,2.2482781410217285,2.2482781410217285
1997-05-12,2.268352052995137,2.268352052995137,2.2482781410217285,2.2482781410217285
1997-05-13,2.2603871822357178,2.2603871822357178,2.2603871822357178,2.2603871822357178
1997-05-14,2.260389482652819,2.260389482652819,2.2402074337005615,2.2402074337005615
1997-05-15,2.240202296863903,2.260384299538352,2.220020294189453,2.220020294189453
1997-05-16,2.2402074337005615,2.260389482652819,2.2402074337005615,2.2402074337005615
1997-05-19,2.2603871822357178,2.2805692106485367,2.240205153822899,2.2603871822357178
1997-05-20,2.2603871822357178,2.2603871822357178,2.240205153822899,2.2603871822357178
1997-05-21,2.2603871822357178,2.2805692106485367,2.2603871822357178,2.2603871822357178
1997-05-22,2.2603871822357178,2.2805692106485367,2.2603871822357178,2.2603871822357178
1997-05-23,2.260386522081163,2.270477533340454,2.2402044995625814,2.270477533340454
1997-05-27,2.2603871822357178,2.2805692106485367,2.240205153822899,2.2603871822357178
1997-05-28,2.2402050220860845,2.280569076538086,2.2402050220860845,2.280569076538086
1997-05-29,2.2805692106485367,2.2805692106485367,2.2603871822357178,2.2603871822357178
1997-05-30,2.280569076538086,2.280569076538086,2.2603870493120852,2.280569076538086
1997-06-02,2.280567999471698,2.3007500171661377,2.260385981777258,2.3007500171661377
1997-06-03,2.2805690495864206,2.3209331035614014,2.2805690495864206,2.3209331035614014
1997-06-04,2.3007500171661377,2.3411140525550174,2.3007500171661377,2.3007500171661377
1997-06-05,2.3007510765739108,2.3209331035614014,2.3007510765739108,2.3209331035614014
1997-06-06,2.3108410260133576,2.3209320348605775,2.3007500171661377,2.3007500171661377
1997-06-09,2.3007500171661377,2.3411140525550174,2.3007500171661377,2.3007500171661377
1997-06-10,2.3209331035614014,2.3209331035614014,2.3007510765739108,2.3209331035614014
1997-06-11,2.33310604095459,2.33310604095459,2.312818162337593,2.33310604095459
1997-06-12,2.3331047254696227,2.3331047254696227,2.312816858291626,2.312816858291626
1997-06-13,2.3331047254696227,2.3331047254696227,2.312816858291626,2.312816858291626
1997-06-16,2.312818162337593,2.33310604095459,2.312818162337593,2.33310604095459
1997-06-17,2.3331070973955352,2.3533949851989746,2.312819209592096,2.3533949851989746
1997-06-18,2.33310604095459,2.353393919571586,2.33310604095459,2.33310604095459
1997-06-19,2.33310604095459,2.353393919571586,2.33310604095459,2.33310604095459
1997-06-20,2.3331070973955352,2.3533949851989746,2.3331070973955352,2.3533949851989746
1997-06-23,2.3331070973955352,2.3533949851989746,2.3331070973955352,2.3533949851989746
1997-06-24,2.33310604095459,2.353393919571586,2.312818162337593,2.33310604095459
1997-06-25,2.33310604095459,2.353393919571586,2.3229621016460915,2.33310604095459
1997-06-26,2.3331070973955352,2.373682873002414,2.3331070973955352,2.3533949851989746
1997-06-27,2.373682603997699,2.393970489501953,2.373682603997699,2.393970489501953
1997-06-30,2.3939705713624093,2.3939705713624093,2.3533947989664363,2.3635387420654297
1997-07-01,2.3736798763275146,2.3736798763275146,2.343248083041264,2.3736798763275146
1997-07-02,2.353392014136681,2.3736798763275146,2.353392014136681,2.3736798763275146
1997-07-03,2.3736791911245394,2.414254903793335,2.3736791911245394,2.414254903793335
1997-07-07,2.393970489501953,2.4345462605104604,2.373682603997699,2.393970489501953
1997-07-08,2.393970489501953,2.4345462605104604,2.393970489501953,2.393970489501953
1997-07-09,2.40411376953125,2.4345455893987342,2.40411376953125,2.40411376953125
1997-07-10,2.393969829575422,2.414257709487078,2.393969829575422,2.40411376953125
1997-07-11,2.4061533690504886,2.416348934173584,2.3857622388042983,2.416348934173584
1997-07-14,2.4265427589416504,2.4265427589416504,2.406151643320292,2.4265427589416504
1997-07-15,2.4061532020568848,2.41634876647238,2.4061532020568848,2.4061532020568848
1997-07-16,2.406151643320292,2.4265427589416504,2.406151643320292,2.4265427589416504
1997-07-17,2.4163452461673627,2.4367363452911377,2.406149696605475,2.4367363452911377
1997-07-18,2.42654079572925,2.4367363452911377,2.4163452461673627,2.4367363452911377
1997-07-21,2.4367363452911377,2.446931894853025,2.4367363452911377,2.4367363452911377
1997-07-22,2.436737357092298,2.4673240184783936,2.4265418032969324,2.4673240184783936
1997-07-23,2.4673253832530584,2.487716502122918,2.4673253832530584,2.4775209426879883
1997-07-24,2.4673240184783936,2.487715126069124,2.446932910887663,2.4673240184783936
1997-07-25,2.4877163938466937,2.4877163938466937,2.457129716873169,2.457129716873169
1997-07-28,2.4571295234023545,2.4877161979675293,2.4571295234023545,2.4877161979675293
1997-07-29,2.477520639779138,2.4877161979675293,2.467325081590746,2.4877161979675293
1997-07-30,2.4979121685028076,2.5081077283742474,2.487716608631368,2.4979121685028076
1997-07-31,2.5183032882456877,2.5284988481171276,2.4775210487599275,2.4979121685028076
1997-08-01,2.5183028725327037,2.5183028725327037,2.467325081590746,2.4877161979675293
1997-08-04,2.4877161979675293,2.4979117561559208,2.467325081590746,2.4877161979675293
1997-08-05,2.4877161979675293,2.508107314344312,2.467325081590746,2.4877161979675293
1997-08-06,2.4775209426879883,2.497912061557848,2.4775209426879883,2.4775209426879883
1997-08-07,2.4877161979675293,2.4877161979675293,2.467325081590746,2.4877161979675293
1997-08-08,2.4673253832530584,2.487716502122918,2.4673253832530584,2.4775209426879883
1997-08-11,2.477520639779138,2.4877161979675293,2.477520639779138,2.4877161979675293
1997-08-12,2.4877161979675293,2.4877161979675293,2.477520639779138,2.4877161979675293
1997-08-13,2.500012072025503,2.500012072025503,2.4897661209106445,2.4897661209106445
1997-08-14,2.48976426008271,2.5205020904541016,2.48976426008271,2.5205020904541016
1997-08-15,2.5102549986761127,2.520500937446219,2.4897631211358995,2.500009059906006
1997-08-18,2.4897661209106445,2.500012072025503,2.4897661209106445,2.4897661209106445
1997-08-19,2.500012072025503,2.52050397425522,2.4897661209106445,2.4897661209106445
1997-08-20,2.48976426008271,2.5205020904541016,2.48976426008271,2.5205020904541016
1997-08-21,2.4897661209106445,2.500012072025503,2.4897661209106445,2.4897661209106445
1997-08-22,2.4897661209106445,2.500012072025503,2.4897661209106445,2.4897661209106445
1997-08-25,2.4897661209106445,2.500012072025503,2.4897661209106445,2.4897661209106445
1997-08-26,2.4897661209106445,2.4897661209106445,2.4897661209106445,2.4897661209106445
1997-08-27,2.4897631211358995,2.500009059906006,2.4897631211358995,2.500009059906006
1997-08-28,2.51025672786492,2.51025672786492,2.4795188903808594,2.4795188903808594
1997-08-29,2.4897661209106445,2.500012072025503,2.469274218680927,2.4897661209106445
1997-09-02,2.5000107820368997,2.5000107820368997,2.4795188903808594,2.4795188903808594
1997-09-03,2.4897648362088796,2.5000107820368997,2.4795188903808594,2.4795188903808594
1997-09-04,2.4897661209106445,2.5102580231403615,2.4897661209106445,2.4897661209106445
1997-09-05,2.500009059906006,2.5102549986761127,2.4897631211358995,2.500009059906006
1997-09-08,2.5102555751800537,2.5102555751800537,2.4795177518105023,2.5102555751800537
1997-09-09,2.5102580231403615,2.5102580231403615,2.4897661209106445,2.4897661209106445
1997-09-10,2.5102549986761127,2.520500937446219,2.4897631211358995,2.500009059906006
1997-09-11,2.481478207367511,2.512367977583704,2.481478207367511,2.491774797439575
1997-09-12,2.5020713875116396,2.5226645676557684,2.491774797439575,2.491774797439575
1997-09-15,2.491774797439575,2.5020713875116396,2.491774797439575,2.491774797439575
1997-09-16,2.5020711421966553,2.512367731259193,2.5020711421966553,2.5020711421966553
1997-09-17,2.532958984375,2.532958984375,2.5123658219004064,2.532958984375
1997-09-18,2.5226645469665527,2.5226645469665527,2.5020713669913155,2.5226645469665527
1997-09-19,2.502071136333903,2.5123677253723145,2.4917745472954924,2.5123677253723145
1997-09-22,2.512367731259193,2.512367731259193,2.5020711421966553,2.5020711421966553
1997-09-23,2.502071136333903,2.5123677253723145,2.4917745472954924,2.5123677253723145
1997-09-24,2.491774797439575,2.5020713875116396,2.491774797439575,2.491774797439575
1997-09-25,2.5020713875116396,2.5020713875116396,2.491774797439575,2.491774797439575
1997-09-26,2.491774797439575,2.5020713875116396,2.491774797439575,2.491774797439575
1997-09-29,2.5020713875116396,2.5020713875116396,2.491774797439575,2.491774797439575
1997-09-30,2.502071136333903,2.5123677253723145,2.4917745472954924,2.5123677253723145
1997-10-01,2.502071136333903,2.5123677253723145,2.4917745472954924,2.5123677253723145
1997-10-02,2.5020713875116396,2.512367977583704,2.491774797439575,2.491774797439575
1997-10-03,2.5123677253723145,2.5226643144107257,2.502071136333903,2.5123677253723145
1997-10-06,2.502071136333903,2.5123677253723145,2.4917745472954924,2.5123677253723145
1997-10-07,2.5020713875116396,2.512367977583704,2.491774797439575,2.491774797439575
1997-10-08,2.502071136333903,2.5123677253723145,2.4917745472954924,2.5123677253723145
1997-10-09,2.4917745531341176,2.512367731259193,2.4917745531341176,2.5020711421966553
1997-10-10,2.514487825149347,2.514487825149347,2.4937924521028503,2.5041401386260986
1997-10-13,2.4937924521028503,2.5041401386260986,2.4937924521028503,2.5041401386260986
1997-10-14,2.49379301071167,2.49379301071167,2.49379301071167,2.49379301071167
1997-10-15,2.504140699552797,2.504140699552797,2.49379301071167,2.49379301071167
1997-10-16,2.49379301071167,2.514488388393924,2.49379301071167,2.49379301071167
1997-10-17,2.4834453218705423,2.514488388393924,2.4834453218705423,2.49379301071167
1997-10-20,2.504140699552797,2.504140699552797,2.49379301071167,2.49379301071167
1997-10-21,2.4937924521028503,2.514487825149347,2.4937924521028503,2.5041401386260986
1997-10-22,2.5041410069406767,2.514488697052002,2.493793316829352,2.514488697052002
1997-10-23,2.514487825149347,2.514487825149347,2.4937924521028503,2.5041401386260986
1997-10-24,2.4937924521028503,2.5248355116725953,2.4937924521028503,2.5041401386260986
1997-10-27,2.49379301071167,2.49379301071167,2.49379301071167,2.49379301071167
1997-10-28,2.4937928557395934,2.4937928557395934,2.483445167541504,2.483445167541504
1997-10-29,2.483444135697162,2.5248348712921143,2.483444135697162,2.5248348712921143
1997-10-30,2.5248355116725953,2.5248355116725953,2.5041401386260986,2.5041401386260986
1997-10-31,2.49379301071167,2.514488388393924,2.49379301071167,2.49379301071167
1997-11-03,2.504140699552797,2.514488388393924,2.4834453218705423,2.49379301071167
1997-11-04,2.504140699552797,2.504140699552797,2.49379301071167,2.49379301071167
1997-11-05,2.4937924521028503,2.514487825149347,2.4937924521028503,2.5041401386260986
1997-11-06,2.514487825149347,2.514487825149347,2.5041401386260986,2.5041401386260986
1997-11-07,2.5041401386260986,2.514487825149347,2.5041401386260986,2.5041401386260986
1997-11-10,2.5041401386260986,2.5248355116725953,2.5041401386260986,2.5041401386260986
1997-11-11,2.504140699552797,2.504140699552797,2.49379301071167,2.49379301071167
1997-11-12,2.516669988632202,2.516669988632202,2.4958710631063163,2.516669988632202
1997-11-13,2.506270769238472,2.5166702330112454,2.4958713054656982,2.4958713054656982
1997-11-14,2.5166702330112454,2.5166702330112454,2.4958713054656982,2.4958713054656982
1997-11-17,2.4958733206468007,2.506272792816162,2.4958733206468007,2.506272792816162
1997-11-18,2.5062705258692595,2.516669988632202,2.5062705258692595,2.516669988632202
1997-11-19,2.5270694513951453,2.5270694513951453,2.516669988632202,2.516669988632202
1997-11-20,2.516669988632202,2.5270694513951453,2.516669988632202,2.516669988632202
1997-11-21,2.5270694513951453,2.5374689141580884,2.516669988632202,2.516669988632202
1997-11-24,2.537471904676147,2.537471904676147,2.5270724296569824,2.5270724296569824
1997-11-25,2.5374693793009935,2.579067237978059,2.5374693793009935,2.5582683086395264
1997-11-26,2.579067237978059,2.579067237978059,2.5582683086395264,2.5582683086395264
1997-11-28,2.5686705112457275,2.5686705112457275,2.5686705112457275,2.5686705112457275
1997-12-01,2.5686705112457275,2.579069986999759,2.558271035491696,2.5686705112457275
1997-12-02,2.57906808658522,2.57906808658522,2.5478696823120117,2.5478696823120117
1997-12-03,2.558271035491696,2.5686705112457275,2.547871559737665,2.5686705112457275
1997-12-04,2.5582691504030812,2.57906808658522,2.5478696823120117,2.5478696823120117
1997-12-05,2.5686686184941503,2.5686686184941503,2.5478696823120117,2.5478696823120117
1997-12-08,2.5582691504030812,2.5582691504030812,2.537470214220942,2.5478696823120117
1997-12-09,2.5374703407287598,2.5374703407287598,2.5270708721192157,2.5374703407287598
1997-12-10,2.5270708721192157,2.547869809338304,2.5270708721192157,2.5374703407287598
1997-12-11,2.529110221941936,2.5395610906276467,2.5186593532562256,2.5186593532562256
1997-12-12,2.529110164799317,2.5395610332489014,2.518659296349733,2.5395610332489014
1997-12-15,2.5395601042046034,2.55001096883096,2.529109239578247,2.529109239578247
1997-12-16,2.529109900114966,2.560462502182507,2.529109900114966,2.55001163482666
1997-12-17,2.539560767470813,2.560462502182507,2.539560767470813,2.55001163482666
1997-12-18,2.5395610332489014,2.560462770148069,2.5395610332489014,2.5395610332489014
1997-12-19,2.53955995940393,2.5918142795562744,2.53955995940393,2.5918142795562744
1997-12-22,2.570912551495337,2.5918142795562744,2.560461687464868,2.5918142795562744
1997-12-23,2.581364631652832,2.591815500606892,2.5709137626987717,2.581364631652832
1997-12-24,2.5709137626987717,2.581364631652832,2.5709137626987717,2.581364631652832
1997-12-26,2.570913314819336,2.570913314819336,2.570913314819336,2.570913314819336
1997-12-29,2.581364181952748,2.581364181952748,2.570913314819336,2.570913314819336
1997-12-30,2.560462893744712,2.581364631652832,2.560462893744712,2.581364631652832
1997-12-31,2.5813634155258054,2.5918142795562744,2.560461687464868,2.5918142795562744
1998-01-02,2.5918142795562744,2.6022651435867434,2.5813634155258054,2.5918142795562744
1998-01-05,2.5918135432354417,2.612715265358308,2.5918135432354417,2.602264404296875
1998-01-06,2.5918135223388674,2.612715244293213,2.5918135223388674,2.612715244293213
1998-01-07,2.60226438331604,2.612715244293213,2.5918135223388674,2.612715244293213
1998-01-08,2.623166105270386,2.633616966247559,2.612715244293213,2.612715244293213
1998-01-09,2.6336188316345215,2.6336188316345215,2.612717094875517,2.6336188316345215
1998-01-12,2.6336183284111176,2.644069194793701,2.6127165956459497,2.644069194793701
1998-01-13,2.6356685123895938,2.656669855117798,2.6251678410254917,2.656669855117798
1998-01-14,2.6566684131622313,2.6566684131622313,2.625166416168213,2.625166416168213
1998-01-15,2.625168079421634,2.6566700963746936,2.625168079421634,2.646169424057007
1998-01-16,2.6566700963746936,2.6566700963746936,2.646169424057007,2.646169424057007
1998-01-20,2.646169424057007,2.6566700963746936,2.646169424057007,2.646169424057007
1998-01-21,2.646169424057007,2.6566700963746936,2.646169424057007,2.646169424057007
1998-01-22,2.6461706011314092,2.6671719551086426,2.6461706011314092,2.6671719551086426
1998-01-23,2.6671719551086426,2.6671719551086426,2.656671278120026,2.6671719551086426
1998-01-26,2.6671705264818995,2.6776711978460015,2.656669855117798,2.656669855117798
1998-01-27,2.6566688976439825,2.667169565223603,2.635667562484741,2.635667562484741
1998-01-28,2.646169424057007,2.66717076869238,2.646169424057007,2.646169424057007
1998-01-29,2.646169183753696,2.6671705264818995,2.6356685123895938,2.656669855117798
1998-01-30,2.6566700963746936,2.6566700963746936,2.6356687517393205,2.646169424057007
1998-02-02,2.646169183753696,2.656669855117798,2.6356685123895938,2.656669855117798
1998-02-03,2.656671278120026,2.6671719551086426,2.6461706011314092,2.6671719551086426
1998-02-04,2.6566700963746936,2.66717076869238,2.646169424057007,2.646169424057007
1998-02-05,2.6671719551086426,2.6671719551086426,2.656671278120026,2.6671719551086426
1998-02-06,2.6671724225960523,2.677673101425171,2.656671743766934,2.677673101425171
1998-02-09,2.656671278120026,2.6671719551086426,2.656671278120026,2.6671719551086426
1998-02-10,2.6671719551086426,2.688173309085876,2.656671278120026,2.6671719551086426
1998-02-11,2.6692809499800205,2.700932502746582,2.6692809499800205,2.700932502746582
1998-02-12,2.6798315236690957,2.7009325592885376,2.669281005859375,2.669281005859375
1998-02-13,2.6692802746464888,2.7009318194051426,2.6692802746464888,2.67983078956604
1998-02-17,2.679831011155072,2.6903815269470215,2.669280495363123,2.6903815269470215
1998-02-18,2.67983078956604,2.6903813044855913,2.6692802746464888,2.67983078956604
1998-02-19,2.6692802746464888,2.6903813044855913,2.658729759726937,2.67983078956604
1998-02-20,2.679831011155072,2.6903815269470215,2.679831011155072,2.6903815269470215
1998-02-23,2.7009322467017265,2.7325837964677624,2.7009322467017265,2.7114827632904053
1998-02-24,2.7114825585309195,2.732583590114818,2.6903815269470215,2.6903815269470215
1998-02-25,2.711483020335436,2.7220335379242897,2.700932502746582,2.700932502746582
1998-02-26,2.7220332798790836,2.7220332798790836,2.7114827632904053,2.7114827632904053
1998-02-27,2.7220322947704654,2.7325828075408936,2.711481782000037,2.7325828075408936
1998-03-02,2.732582821402439,2.732582821402439,2.700931282930596,2.722032308578491
1998-03-03,2.700932502746582,2.700932502746582,2.690381985157728,2.700932502746582
1998-03-04,2.7009318194051426,2.7009318194051426,2.67983078956604,2.67983078956604
1998-03-05,2.7009320427389705,2.7009320427389705,2.679831011155072,2.6903815269470215
1998-03-06,2.67983078956604,2.7009318194051426,2.67983078956604,2.67983078956604
1998-03-09,2.67983078956604,2.6903813044855913,2.6692802746464888,2.67983078956604
1998-03-10,2.6903815269470215,2.7009320427389705,2.679831011155072,2.6903815269470215
1998-03-11,2.6713008880615234,2.6925016887604247,2.6607004877120732,2.6713008880615234
1998-03-12,2.671300242146648,2.681900639932944,2.6606998443603516,2.6606998443603516
1998-03-13,2.66070015335083,2.66070015335083,2.650099754333496,2.650099754333496
1998-03-16,2.6500994465740555,2.671300242146648,2.6500994465740555,2.6606998443603516
1998-03-17,2.6606998443603516,2.681900639932944,2.6606998443603516,2.6606998443603516
1998-03-18,2.681901288410974,2.681901288410974,2.6713008880615234,2.6713008880615234
1998-03-19,2.671300552368164,2.671300552368164,2.650099754333496,2.650099754333496
1998-03-20,2.6289000511169434,2.6501008579807896,2.6289000511169434,2.6289000511169434
1998-03-23,2.6288985198106225,2.6288985198106225,2.5970973280387195,2.6076977252960205
1998-03-24,2.618298913021477,2.628899313479054,2.5970981121063232,2.5970981121063232
1998-03-25,2.597098840821174,2.6395004545488665,2.586498437389251,2.6289000511169434
1998-03-26,2.6394996643066406,2.6501000645649,2.6182988637901214,2.6394996643066406
1998-03-27,2.618300437927246,2.618300437927246,2.6077000312959617,2.618300437927246
1998-03-30,2.6395004545488665,2.6395004545488665,2.607699244253097,2.6289000511169434
1998-03-31,2.618298557281494,2.650099754333496,2.618298557281494,2.650099754333496
1998-04-01,2.66070015335083,2.671300552368164,2.650099754333496,2.650099754333496
1998-04-02,2.66070046482316,2.66070046482316,2.6182988637901214,2.6394996643066406
1998-04-03,2.660702466026066,2.6925036907196045,2.660702466026066,2.6925036907196045
1998-04-06,2.671300242146648,2.671300242146648,2.6500994465740555,2.6606998443603516
1998-04-07,2.6713008880615234,2.6713008880615234,2.6607004877120732,2.6713008880615234
1998-04-08,2.671302874257245,2.7137045071819634,2.671302874257245,2.6925036907196045
1998-04-09,2.6713003414892866,2.6819007396698,2.6606999433087735,2.6819007396698
1998-04-13,2.662729694548831,2.6840315321052217,2.662729694548831,2.6733806133270264
1998-04-14,2.6840315321052217,2.6840315321052217,2.662729694548831,2.6733806133270264
1998-04-15,2.662730029248816,2.705333709716797,2.662730029248816,2.705333709716797
1998-04-16,2.694682789599802,2.705333709716797,2.694682789599802,2.705333709716797
1998-04-17,2.6946828838378662,2.6946828838378662,2.6840319633483887,2.6840319633483887
1998-04-20,2.705333804327344,2.705333804327344,2.6733810428589107,2.6840319633483887
1998-04-21,2.6733806133270264,2.6840315321052217,2.6733806133270264,2.6733806133270264
1998-04-22,2.6840315321052217,2.6840315321052217,2.6733806133270264,2.6733806133270264
1998-04-23,2.6840333410873716,2.6946842670440674,2.6840333410873716,2.6946842670440674
1998-04-24,2.6946834526809993,2.7159852981567383,2.6946834526809993,2.7159852981567383
1998-04-27,2.6946842670440674,2.7053351930007636,2.641429637260588,2.6946842670440674
1998-04-28,2.694683220863342,2.694683220863342,2.6627304553985596,2.6627304553985596
1998-04-29,2.6733798728725775,2.6733798728725775,2.6201252937316895,2.6201252937316895
1998-04-30,2.6627304553985596,2.673381377220154,2.6520795335769654,2.6627304553985596
1998-05-01,2.6733810428589107,2.6946828838378662,2.6733810428589107,2.6840319633483887
1998-05-04,2.6840315321052217,2.694682450883417,2.662729694548831,2.6733806133270264
1998-05-05,2.673381377220154,2.673381377220154,2.6627304553985596,2.6627304553985596
1998-05-06,2.6840315321052217,2.6840315321052217,2.662729694548831,2.6733806133270264
1998-05-07,2.6627304553985596,2.684032299041748,2.6627304553985596,2.6627304553985596
1998-05-08,2.6627304553985596,2.673381377220154,2.6627304553985596,2.6627304553985596
1998-05-11,2.6627289570444,2.6627289570444,2.6201252937316895,2.6201252937316895
1998-05-12,2.630777743996167,2.630777743996167,2.566872211753345,2.598824977874756
1998-05-13,2.5902624130249023,2.600965976715088,2.5902624130249023,2.5902624130249023
1998-05-14,2.6009643281378394,2.633074998855591,2.6009643281378394,2.633074998855591
1998-05-15,2.622373580932617,2.633077146569077,2.611670015296158,2.622373580932617
1998-05-18,2.633074998855591,2.633074998855591,2.633074998855591,2.633074998855591
1998-05-19,2.6223714419496735,2.633074998855591,2.6116678850437567,2.633074998855591
1998-05-20,2.633075248810553,2.654482364654541,2.633075248810553,2.654482364654541
1998-05-21,2.6330764322395783,2.665187120437622,2.6330764322395783,2.665187120437622
1998-05-22,2.6544837951660156,2.6544837951660156,2.64378023147583,2.64378023147583
1998-05-26,2.6437788067325467,2.654482364654541,2.6437788067325467,2.654482364654541
1998-05-27,2.64378023147583,2.6544837951660156,2.64378023147583,2.64378023147583
1998-05-28,2.654482364654541,2.6651859225765353,2.6437788067325467,2.654482364654541
1998-05-29,2.665187596321106,2.675891160964966,2.6544840316772462,2.675891160964966
1998-06-01,2.686594245902984,2.686594245902984,2.665187120437622,2.665187120437622
1998-06-02,2.665187120437622,2.675890683170303,2.665187120437622,2.665187120437622
1998-06-03,2.675889739914546,2.6972968578338623,2.6544826219952293,2.6972968578338623
1998-06-04,2.686594009399414,2.708001132980286,2.675890447608978,2.686594009399414
1998-06-05,2.6972973403029554,2.7401115837998278,2.6972973403029554,2.7187044620513916
1998-06-08,2.7401115837998278,2.7401115837998278,2.7080009011771735,2.7187044620513916
1998-06-09,2.7080023232628316,2.7294094562530518,2.6972987567677214,2.7294094562530518
1998-06-10,2.718703994527459,2.7401111125946045,2.718703994527459,2.7401111125946045
1998-06-11,2.7207541465759277,2.7207541465759277,2.71000017761713,2.7207541465759277
1998-06-12,2.731505870819092,2.731505870819092,2.720751910697757,2.731505870819092
1998-06-15,2.731505870819092,2.742259830940427,2.731505870819092,2.731505870819092
1998-06-16,2.731505870819092,2.731505870819092,2.731505870819092,2.731505870819092
1998-06-17,2.742262084493524,2.742262084493524,2.7207541465759277,2.7207541465759277
1998-06-18,2.731507494336083,2.731507494336083,2.7099995613098145,2.7099995613098145
1998-06-19,2.6992455947966802,2.7099995613098145,2.688491628283546,2.7099995613098145
1998-06-22,2.7099995613098145,2.7099995613098145,2.6992455947966802,2.7099995613098145
1998-06-23,2.699246644973755,2.7100006156708614,2.6884926742766484,2.699246644973755
1998-06-24,2.699246644973755,2.7100006156708614,2.6884926742766484,2.699246644973755
1998-06-25,2.6992455492019656,2.7099995155334473,2.6884915828704834,2.6884915828704834
1998-06-26,2.6884915828704834,2.6992455492019656,2.6884915828704834,2.6884915828704834
1998-06-29,2.699246644973755,2.699246644973755,2.6884926742766484,2.699246644973755
1998-06-30,2.6992455492019656,2.6992455492019656,2.6884915828704834,2.6884915828704834
1998-07-01,2.6992458866303224,2.7099998543061403,2.6777379512786865,2.6777379512786865
1998-07-02,2.699246644973755,2.699246644973755,2.6884926742766484,2.699246644973755
1998-07-06,2.6884926742766484,2.7100006156708614,2.6884926742766484,2.699246644973755
1998-07-07,2.6992455947966802,2.7099995613098145,2.688491628283546,2.7099995613098145
1998-07-08,2.699246644973755,2.720754586367968,2.699246644973755,2.699246644973755
1998-07-09,2.6992455947966802,2.7099995613098145,2.6992455947966802,2.7099995613098145
1998-07-10,2.7099995613098145,2.7207535278229487,2.6992455947966802,2.7099995613098145
1998-07-13,2.701355351342095,2.722966194152832,2.701355351342095,2.722966194152832
1998-07-14,2.722966194152832,2.722966194152832,2.7121607727474633,2.722966194152832
1998-07-15,2.712162375921317,2.7337732315063477,2.712162375921317,2.7337732315063477
1998-07-16,2.722967803713832,2.7337732315063477,2.712162375921317,2.7337732315063477
1998-07-17,2.7337716155582004,2.7337716155582004,2.722966194152832,2.722966194152832
1998-07-20,2.722967803713832,2.744578659298863,2.722967803713832,2.7337732315063477
1998-07-21,2.722967803713832,2.755384087091378,2.722967803713832,2.7337732315063477
1998-07-22,2.7337732315063477,2.744578659298863,2.7337732315063477,2.7337732315063477
1998-07-23,2.7337716155582004,2.7337716155582004,2.722966194152832,2.722966194152832
1998-07-24,2.722966194152832,2.722966194152832,2.722966194152832,2.722966194152832
1998-07-27,2.722967803713832,2.7337732315063477,2.722967803713832,2.7337732315063477
1998-07-28,2.712161357879639,2.7229667816162113,2.7013559341430664,2.7013559341430664
1998-07-29,2.701356828925144,2.7229676835565453,2.701356828925144,2.7121622562408447
1998-07-30,2.7121622562408447,2.7229676835565453,2.7121622562408447,2.7121622562408447
1998-07-31,2.7229676835565453,2.7229676835565453,2.701356828925144,2.7121622562408447
1998-08-03,2.7121622562408447,2.7229676835565453,2.701356828925144,2.7121622562408447
1998-08-04,2.7121607727474633,2.722966194152832,2.7121607727474633,2.722966194152832
1998-08-05,2.712161357879639,2.7229667816162113,2.7013559341430664,2.7013559341430664
1998-08-06,2.701356948128802,2.7337732315063477,2.701356948128802,2.7337732315063477
1998-08-07,2.722966194152832,2.722966194152832,2.7121607727474633,2.722966194152832
1998-08-10,2.7121622562408447,2.7229676835565453,2.701356828925144,2.7121622562408447
1998-08-11,2.7013559341430664,2.712161357879639,2.7013559341430664,2.7013559341430664
1998-08-12,2.714384033019284,2.714384033019284,2.703526496887207,2.703526496887207
1998-08-13,2.703526780128479,2.7143843173980713,2.703526780128479,2.7143843173980713
1998-08-14,2.703526496887207,2.714384033019284,2.69266896075513,2.703526496887207
1998-08-17,2.6926703453063965,2.7143854287362865,2.6926703453063965,2.6926703453063965
1998-08-18,2.6926692428588868,2.7143843173980713,2.6926692428588868,2.7143843173980713
1998-08-19,2.725241569151361,2.725241569151361,2.703526496887207,2.703526496887207
1998-08-20,2.703526496887207,2.714384033019284,2.703526496887207,2.703526496887207
1998-08-21,2.703526496887207,2.714384033019284,2.703526496887207,2.703526496887207
1998-08-24,2.7252418546676633,2.7252418546676633,2.703526780128479,2.7143843173980713
1998-08-25,2.714384642858354,2.7360997200012207,2.7035271042869207,2.7360997200012207
1998-08-26,2.7252448264789204,2.7578174738073535,2.7252448264789204,2.746959924697876
1998-08-27,2.7469549704724407,2.768670029527559,2.736097440944882,2.7578125
1998-08-28,2.7578125,2.7578125,2.736097440944882,2.7578125
1998-08-31,2.7469549704724407,2.7578125,2.736097440944882,2.7578125
1998-09-01,2.7578174738073535,2.7578174738073535,2.736102375588398,2.746959924697876
1998-09-02,2.746959924697876,2.7578174738073535,2.736102375588398,2.746959924697876
1998-09-03,2.7469549704724407,2.7578125,2.736097440944882,2.7578125
1998-09-04,2.736102375588398,2.7578174738073535,2.736102375588398,2.746959924697876
1998-09-08,2.7578125,2.7578125,2.7469549704724407,2.7578125
1998-09-09,2.7578125,2.779527559055118,2.7578125,2.7578125
1998-09-10,2.7795289035901023,2.8012439731494,2.7795289035901023,2.790386438369751
1998-09-11,2.792568790211397,2.792568790211397,2.77075184653787,2.781660318374634
1998-09-14,2.770752450451255,2.792569398880005,2.75984397623688,2.792569398880005
1998-09-15,2.803479441344508,2.8362048822940547,2.7925709610279923,2.825296401977539
1998-09-16,2.8034793276053205,2.836204767227173,2.8034793276053205,2.836204767227173
1998-09-17,2.803479441344508,2.825296401977539,2.7925709610279923,2.825296401977539
1998-09-18,2.825292209322138,2.836200673450795,2.8034752810648245,2.8143837451934814
1998-09-21,2.8034799098968506,2.8252968741762037,2.7925714277571743,2.8034799098968506
1998-09-22,2.8034799098968506,2.8143883920365274,2.7925714277571743,2.8034799098968506
1998-09-23,2.8143837451934814,2.8143837451934814,2.7925668169361675,2.8143837451934814
1998-09-24,2.825296401977539,2.825296401977539,2.8143879216610235,2.825296401977539
1998-09-25,2.803477699520024,2.858020067214966,2.803477699520024,2.858020067214966
1998-09-28,2.868927374933705,2.879835844039917,2.8471104367212816,2.879835844039917
1998-09-29,2.8798366662667276,2.8798366662667276,2.858019721825313,2.8689281940460205
1998-09-30,2.8798376576284346,2.9234715615318954,2.8798376576284346,2.9125630855560303
1998-10-01,2.9234699916122553,2.9234699916122553,2.9016530513763428,2.9016530513763428
1998-10-02,2.901652917322123,2.923469856550109,2.879835978094137,2.89074444770813
1998-10-05,2.8798366662667276,2.8798366662667276,2.858019721825313,2.8689281940460205
1998-10-06,2.8580190388661513,2.89074444770813,2.8580190388661513,2.89074444770813
1998-10-07,2.89074444770813,2.89074444770813,2.879835978094137,2.89074444770813
1998-10-08,2.879835844039917,2.879835844039917,2.83620196761507,2.879835844039917
1998-10-09,2.858021726975074,2.858021726975074,2.836204767227173,2.836204767227173
1998-10-12,2.8471132471011233,2.8689302068490248,2.836204767227173,2.836204767227173
1998-10-13,2.8493539795620753,2.871272087097168,2.8493539795620753,2.871272087097168
1998-10-14,2.860311508178711,2.860311508178711,2.838393412330598,2.860311508178711
1998-10-15,2.8493539795620753,2.871272087097168,2.8493539795620753,2.871272087097168
1998-10-16,2.871272087097168,2.8822311408647145,2.871272087097168,2.871272087097168
1998-10-19,2.8822311408647145,2.893190194632261,2.871272087097168,2.871272087097168
1998-10-20,2.860312890643856,2.8822309970855713,2.8493538374229983,2.8822309970855713
1998-10-21,2.8822310919111427,2.8931901454925537,2.8493539311669087,2.8931901454925537
1998-10-22,2.893190194632261,2.893190194632261,2.871272087097168,2.871272087097168
1998-10-23,2.8822309970855713,2.893190050306429,2.8822309970855713,2.8822309970855713
1998-10-26,2.871272087097168,2.8822311408647145,2.871272087097168,2.871272087097168
1998-10-27,2.8822309970855713,2.8822309970855713,2.8712719438647136,2.8822309970855713
1998-10-28,2.893190194632261,2.893190194632261,2.8603130333296214,2.871272087097168
1998-10-29,2.8712719438647136,2.8822309970855713,2.8712719438647136,2.8822309970855713
1998-10-30,2.871272038329731,2.8931901454925537,2.86031298474832,2.8931901454925537
1998-11-02,2.8931900024414063,2.9151081085205077,2.8931900024414063,2.904149055480957
1998-11-03,2.9260674465948076,2.9479855548090006,2.9260674465948076,2.9370265007019043
1998-11-04,2.9260671615600584,2.9260671615600584,2.904149055480957,2.904149055480957
1998-11-05,2.9151081085205077,2.9260671615600584,2.904149055480957,2.904149055480957
1998-11-06,2.904148912967596,2.9151079654693604,2.893189860465831,2.9151079654693604
1998-11-09,2.8931900024414063,2.904149055480957,2.8931900024414063,2.904149055480957
1998-11-10,2.8953425174451053,2.8953425174451053,2.884333610534668,2.884333610534668
1998-11-11,2.8843339880307517,2.9063518047332764,2.8843339880307517,2.9063518047332764
1998-11-12,2.9063518047332764,2.9063518047332764,2.8843339880307517,2.9063518047332764
1998-11-13,2.9063518047332764,2.9063518047332764,2.8953428963820143,2.9063518047332764
1998-11-16,2.9063518047332764,2.9063518047332764,2.8953428963820143,2.9063518047332764
1998-11-17,2.906351636490732,2.9283694519186922,2.906351636490732,2.917360544204712
1998-11-18,2.9283687143183466,2.9503865242004395,2.9283687143183466,2.9503865242004395
1998-11-19,2.939377784729004,2.9503866902897866,2.939377784729004,2.939377784729004
1998-11-20,2.939377784729004,2.9503866902897866,2.939377784729004,2.939377784729004
1998-11-23,2.9503865242004395,2.961395429141486,2.939377619259393,2.9503865242004395
1998-11-24,2.9503866902897866,2.9613955958505693,2.939377784729004,2.939377784729004
1998-11-25,2.939377951442747,2.939377951442747,2.9283690452575684,2.9283690452575684
1998-11-27,2.939377784729004,2.939377784729004,2.939377784729004,2.939377784729004
1998-11-30,2.939378706614176,2.972405433654785,2.92836979760064,2.972405433654785
1998-12-01,2.972404501411352,2.972404501411352,2.928368879168221,2.939377784729004
1998-12-02,2.9393785297870636,2.9393785297870636,2.9063518047332764,2.9063518047332764
1998-12-03,2.9283696214358015,2.9283696214358015,2.9063518047332764,2.9063518047332764
1998-12-04,2.906351636490732,2.9283694519186922,2.906351636490732,2.917360544204712
1998-12-07,2.917360713084539,2.9283696214358015,2.9063518047332764,2.9063518047332764
1998-12-08,2.9173599736074385,2.939377784729004,2.9173599736074385,2.939377784729004
1998-12-09,2.9283690452575684,2.939377951442747,2.9173601390723896,2.9283690452575684
1998-12-10,2.9173598093773,2.9503865242004395,2.9173598093773,2.9503865242004395
1998-12-11,2.941540241241455,2.963657085160564,2.9194233973223467,2.941540241241455
1998-12-14,2.952599287033081,2.963657711329085,2.9415408627370767,2.952599287033081
1998-12-15,2.9636566638946533,2.9636566638946533,2.9636566638946533,2.9636566638946533
1998-12-16,2.963657711329085,2.974716135625089,2.952599287033081,2.952599287033081
1998-12-17,2.952599287033081,2.952599287033081,2.952599287033081,2.952599287033081
1998-12-18,2.952599287033081,2.974716135625089,2.952599287033081,2.952599287033081
1998-12-21,2.963657085160564,2.963657085160564,2.9194233973223467,2.941540241241455
1998-12-22,2.9304820956386086,2.9304820956386086,2.908365249633789,2.908365249633789
1998-12-23,2.9304829601085545,2.9304829601085545,2.9083661075794334,2.919424533843994
1998-12-24,2.908365249633789,2.9304820956386086,2.908365249633789,2.908365249633789
1998-12-28,2.908364975362792,2.9525986632010097,2.908364975362792,2.941540241241455
1998-12-29,2.9525998126376756,2.9525998126376756,2.919424533843994,2.919424533843994
1998-12-30,2.9304829601085545,2.9415413863731152,2.919424533843994,2.919424533843994
1998-12-31,2.930482438441073,2.952599287033081,2.919424014145069,2.952599287033081
1999-01-04,2.952598755314665,2.952598755314665,2.9304819107055664,2.9304819107055664
1999-01-05,2.9304829601085545,2.9304829601085545,2.8973076813148726,2.919424533843994
1999-01-06,2.9194236185358857,2.9194236185358857,2.8862483501434326,2.8862483501434326
1999-01-07,2.908365249633789,2.908365249633789,2.8973068266313793,2.908365249633789
1999-01-08,2.897306772940917,2.9083651957384014,2.8862483501434326,2.8862483501434326
1999-01-11,2.897306772940917,2.897306772940917,2.875189927345948,2.8862483501434326
1999-01-12,2.88624825823398,2.8973066806793213,2.8751898357886394,2.8973066806793213
1999-01-13,2.9106375199097854,2.921746823420891,2.877309609376467,2.8884189128875732
1999-01-14,2.877309609376467,2.9106375199097854,2.877309609376467,2.8884189128875732
1999-01-15,2.899528216398679,2.899528216398679,2.877309609376467,2.8884189128875732
1999-01-19,2.8884189128875732,2.9106375199097854,2.877309609376467,2.8884189128875732
1999-01-20,2.888421018151243,2.899530329759517,2.8773117065429688,2.8773117065429688
1999-01-21,2.888421018151243,2.899530329759517,2.8773117065429688,2.8773117065429688
1999-01-22,2.877309894196375,2.8995285034179688,2.877309894196375,2.8995285034179688
1999-01-25,2.8884189128875732,2.8884189128875732,2.866200305865361,2.8884189128875732
1999-01-26,2.866202394934695,2.899530329759517,2.866202394934695,2.8773117065429688
1999-01-27,2.8773117065429688,2.888421018151243,2.866202394934695,2.8773117065429688
1999-01-28,2.888419198807172,2.8995285034179688,2.877309894196375,2.8995285034179688
1999-01-29,2.899529307514089,2.921747922897339,2.8884199998224642,2.921747922897339
1999-02-01,2.921747922897339,2.921747922897339,2.899529307514089,2.921747922897339
1999-02-02,2.921747922897339,2.921747922897339,2.921747922897339,2.921747922897339
1999-02-03,2.921747254602837,2.932856559753418,2.921747254602837,2.932856559753418
1999-02-04,2.921747638979031,2.9328569455911184,2.910638332366943,2.9106383323669434
1999-02-05,2.9106379958818542,2.9439659118652344,2.9106379958818542,2.9439659118652344
1999-02-08,2.9328572305889637,2.9439665382805886,2.921747922897339,2.921747922897339
1999-02-09,2.921747922897339,2.9328572305889637,2.921747922897339,2.921747922897339
1999-02-10,2.9351396560668945,2.9351396560668945,2.9351396560668945,2.9351396560668945
1999-02-11,2.9351396560668945,2.9462998828960463,2.923979429237743,2.9351396560668945
1999-02-12,2.923978504767785,2.9351387280684254,2.901658058166504,2.901658058166504
1999-02-16,2.9016586829876077,2.9128189086914062,2.9016586829876077,2.9128189086914062
1999-02-17,2.9128189086914062,2.923979134395205,2.9016586829876077,2.9128189086914062
1999-02-18,2.9128195311276968,2.9351399873049204,2.9128195311276968,2.9239797592163086
1999-02-19,2.9239797592163086,2.9463002153935327,2.9239797592163086,2.9239797592163086
1999-02-22,2.9351399873049204,2.9351399873049204,2.9128195311276968,2.9239797592163086
1999-02-23,2.9351399873049204,2.9351399873049204,2.9239797592163086,2.9239797592163086
1999-02-24,2.923979134395205,2.935139360099003,2.9128189086914062,2.9128189086914062
1999-02-25,2.9128195311276968,2.9239797592163086,2.9128195311276968,2.9239797592163086
1999-02-26,2.9239797592163086,2.9239797592163086,2.9128195311276968,2.9239797592163086
1999-03-01,2.923978504767785,2.923978504767785,2.901658058166504,2.901658058166504
1999-03-02,2.9016586829876077,2.9128189086914062,2.9016586829876077,2.9128189086914062
1999-03-03,2.901658058166504,2.901658058166504,2.8904978348658634,2.901658058166504
1999-03-04,2.901658058166504,2.901658058166504,2.8904978348658634,2.901658058166504
1999-03-05,2.901658058166504,2.901658058166504,2.901658058166504,2.901658058166504
1999-03-08,2.9128189086914062,2.923979134395205,2.9016586829876077,2.9128189086914062
1999-03-09,2.923979134395205,2.923979134395205,2.9016586829876077,2.9128189086914062
1999-03-10,2.9351399873049204,2.9351399873049204,2.9239797592163086,2.9239797592163086
1999-03-11,2.9150094985961914,2.9262210735907925,2.9150094985961914,2.9150094985961914
1999-03-12,2.9150071820080052,2.937430314177298,2.9150071820080052,2.9262187480926514
1999-03-15,2.9262210735907925,2.937432648585393,2.9150094985961914,2.9150094985961914
1999-03-16,2.9150100882726773,2.9374332427978516,2.9150100882726773,2.9374332427978516
1999-03-17,2.926218748092652,2.926218748092652,2.926218748092652,2.9262187480926514
1999-03-18,2.9374332427978516,2.9374332427978516,2.9150100882726773,2.9374332427978516
1999-03-19,2.948644820060439,2.948644820060439,2.9374332427978516,2.9374332427978516
1999-03-22,2.9374323489548138,2.948643922805786,2.9374323489548138,2.948643922805786
1999-03-23,2.9486437448949525,2.959855318069458,2.937432171720447,2.959855318069458
1999-03-24,2.948643922805786,2.948643922805786,2.948643922805786,2.948643922805786
1999-03-25,2.9374323489548138,2.948643922805786,2.9374323489548138,2.948643922805786
1999-03-26,2.9374332427978516,2.948644820060439,2.9374332427978516,2.9374332427978516
1999-03-29,2.948643922805786,2.9598554966567585,2.948643922805786,2.948643922805786
1999-03-30,2.9598554966567585,2.9710670705077313,2.948643922805786,2.948643922805786
1999-03-31,2.9598579910566225,2.971069574356079,2.9374348244577084,2.971069574356079
1999-04-01,2.971067040989665,2.971067040989665,2.9486438935104977,2.965461254119873
1999-04-05,2.959855318069458,2.971066891243964,2.9486437448949525,2.959855318069458
1999-04-06,2.9710674868490465,2.9822790622711186,2.9598559114269745,2.982279062271118
1999-04-07,2.971066891243964,2.971066891243964,2.959855318069458,2.959855318069458
1999-04-08,2.9598554966567585,2.9598554966567585,2.948643922805786,2.948643922805786
1999-04-09,2.959855318069458,2.971066891243964,2.959855318069458,2.959855318069458
1999-04-12,2.959855318069458,2.959855318069458,2.959855318069458,2.959855318069458
1999-04-13,2.9508466720581055,2.973372219173053,2.9508466720581055,2.9508466720581055
1999-04-14,2.9395809173583984,2.962106441629344,2.9395809173583984,2.9395809173583984
1999-04-15,2.939583898500632,2.9508466720581055,2.939583898500632,2.9508466720581055
1999-04-16,2.9508466720581055,2.9508466720581055,2.939583898500632,2.9508466720581055
1999-04-19,2.950845949466412,2.950845949466412,2.9283204078674316,2.9283204078674316
1999-04-20,2.939581724100335,2.950844489326773,2.9057934284210205,2.9057934284210205
1999-04-21,2.9057945063675694,2.9170572757720947,2.9057945063675694,2.9170572757720947
1999-04-22,2.9057934284210205,2.9057934284210205,2.9057934284210205,2.9057934284210205
1999-04-23,2.9057934284210205,2.9283189588738967,2.9057934284210205,2.9057934284210205
1999-04-26,2.9170572757720947,2.9170572757720947,2.9057945063675694,2.9170572757720947
1999-04-27,2.9170561936474586,2.9170561936474586,2.9057934284210205,2.9057934284210205
1999-04-28,2.9057945063675694,2.9170572757720947,2.9057945063675694,2.9170572757720947
1999-04-29,2.9283205173358846,2.9283205173358846,2.8945322036743164,2.8945322036743164
1999-04-30,2.8945306631945824,2.9170561936474586,2.8832678979681443,2.9057934284210205
1999-05-03,2.9057934284210205,2.9057934284210205,2.8832678979681443,2.9057934284210205
1999-05-04,2.8945306631945824,2.9057934284210205,2.8945306631945824,2.9057934284210205
1999-05-05,2.8945306631945824,2.9170561936474586,2.8945306631945824,2.9057934284210205
1999-05-06,2.9057934284210205,2.9057934284210205,2.8945306631945824,2.9057934284210205
1999-05-07,2.894531841389835,2.894531841389835,2.872006301768124,2.8832690715789795
1999-05-10,2.8945318319666105,2.8945318319666105,2.849480752869854,2.860743522644043
1999-05-11,2.8494815826416016,2.8720071287494404,2.8494815826416016,2.8494815826416016
1999-05-12,2.863059617402985,2.874376058578491,2.863059617402985,2.874376058578491
1999-05-13,2.8630608594606795,2.8630608594606795,2.8517444133758545,2.8517444133758545
1999-05-14,2.851744886304511,2.851744886304511,2.7498968546507787,2.7612133026123047
1999-05-17,2.7498958110809326,2.7498958110809326,2.738579367413933,2.7498958110809326
1999-05-18,2.7498961953092214,2.7612126405574076,2.738579750061035,2.738579750061035
1999-05-19,2.7498961953092214,2.7498961953092214,2.738579750061035,2.738579750061035
1999-05-20,2.7498958110809326,2.7498958110809326,2.738579367413933,2.7498958110809326
1999-05-21,2.7498958110809326,2.7612122547479325,2.7498958110809326,2.7498958110809326
1999-05-24,2.7612122547479325,2.7612122547479325,2.738579367413933,2.7498958110809326
1999-05-25,2.7498958110809326,2.7498958110809326,2.738579367413933,2.7498958110809326
1999-05-26,2.738579367413933,2.7612122547479325,2.738579367413933,2.7498958110809326
1999-05-27,2.7612122547479325,2.7612122547479325,2.7498958110809326,2.7498958110809326
1999-05-28,2.7612122547479325,2.7612122547479325,2.7498958110809326,2.7498958110809326
1999-06-01,2.7612122547479325,2.7612122547479325,2.738579367413933,2.7498958110809326
1999-06-02,2.738579750061035,2.7498961953092214,2.738579750061035,2.738579750061035
1999-06-03,2.738579367413933,2.7612122547479325,2.738579367413933,2.7498958110809326
1999-06-04,2.7498958110809326,2.7498958110809326,2.738579367413933,2.7498958110809326
1999-06-07,2.7498958110809326,2.7498958110809326,2.738579367413933,2.7498958110809326
1999-06-08,2.738579750061035,2.7498961953092214,2.738579750061035,2.738579750061035
1999-06-09,2.738579750061035,2.7498961953092214,2.7272633048128494,2.738579750061035
1999-06-10,2.727262063006477,2.727262063006477,2.681996302624627,2.7046291828155518
1999-06-11,2.6955325252869553,2.7069060802459717,2.6841589703279385,2.7069060802459717
1999-06-14,2.6955325252869553,2.7069060802459717,2.6955325252869553,2.7069060802459717
1999-06-15,2.7182796352049885,2.7182796352049885,2.7069060802459717,2.7069060802459717
1999-06-16,2.718278646469116,2.718278646469116,2.718278646469116,2.718278646469116
1999-06-17,2.729651185981466,2.752398279197978,2.729651185981466,2.7410247325897217
1999-06-18,2.7523996829986572,2.7523996829986572,2.741026130589572,2.7523996829986572
1999-06-21,2.7523996829986572,2.7523996829986572,2.741026130589572,2.7523996829986572
1999-06-22,2.741026130589572,2.7523996829986572,2.741026130589572,2.7523996829986572
1999-06-23,2.7296531200408936,2.7410266747077308,2.7296531200408936,2.7296531200408936
1999-06-24,2.7296531200408936,2.7410266747077308,2.718279565374057,2.7296531200408936
1999-06-25,2.718278646469116,2.7296521972911627,2.7069050956470697,2.718278646469116
1999-06-28,2.7296531200408936,2.7410266747077308,2.718279565374057,2.7296531200408936
1999-06-29,2.7410247325897217,2.7410247325897217,2.729651185981466,2.7410247325897217
1999-06-30,2.741026130589572,2.7523996829986572,2.7296525781804863,2.7523996829986572
1999-07-01,2.7637732354077422,2.7637732354077422,2.741026130589572,2.7523996829986572
1999-07-02,2.7637734080924363,2.775146961212158,2.752399854972714,2.775146961212158
1999-07-06,2.7637732354077422,2.7751467878168277,2.7523996829986572,2.7523996829986572
1999-07-07,2.752398279197978,2.763771825806234,2.7410247325897217,2.7410247325897217
1999-07-08,2.752399413183393,2.763772964477539,2.752399413183393,2.763772964477539
1999-07-09,2.763772964477539,2.7751465157716853,2.752399413183393,2.763772964477539
1999-07-12,2.7637729021967674,2.786520004272461,2.7637729021967674,2.786520004272461
1999-07-13,2.7775571219256667,2.788987398147583,2.7775571219256667,2.788987398147583
1999-07-14,2.7775590419769287,2.8004196102236527,2.7775590419769287,2.7775590419769287
1999-07-15,2.777558291688257,2.8004188537597656,2.777558291688257,2.8004188537597656
1999-07-16,2.7889893261002907,2.7889893261002907,2.7775590419769287,2.7775590419769287
1999-07-19,2.7775590419769287,2.7889893261002907,2.7775590419769287,2.7775590419769287
1999-07-20,2.7889893261002907,2.7889893261002907,2.7775590419769287,2.7775590419769287
1999-07-21,2.7775571219256667,2.788987398147583,2.7775571219256667,2.788987398147583
1999-07-22,2.7775590419769287,2.7889893261002907,2.766128757853567,2.7775590419769287
1999-07-23,2.7775590419769287,2.7889893261002907,2.7775590419769287,2.7775590419769287
1999-07-26,2.7661290386405724,2.7661290386405724,2.7546987533569336,2.7546987533569336
1999-07-27,2.7546987533569336,2.7661290386405724,2.7546987533569336,2.7546987533569336
1999-07-28,2.7661285400390625,2.7661285400390625,2.7546982568157605,2.7661285400390625
1999-07-29,2.7661285400390625,2.7661285400390625,2.7546982568157605,2.7661285400390625
1999-07-30,2.7661290386405724,2.7661290386405724,2.7546987533569336,2.7546987533569336
1999-08-02,2.7432680130004883,2.7432680130004883,2.7318377296129865,2.7432680130004883
1999-08-03,2.743268468073295,2.7546987533569336,2.743268468073295,2.7546987533569336
1999-08-04,2.7432680130004883,2.7432680130004883,2.7432680130004883,2.7432680130004883
1999-08-05,2.7318377695163756,2.7432680530708375,2.720407485961914,2.720407485961914
1999-08-06,2.7204065483833664,2.7204065483833664,2.7089762687683105,2.7089762687683105
1999-08-09,2.697544345449894,2.7089746181001058,2.6746838001494715,2.6861140727996826
1999-08-10,2.6746845368152012,2.6746845368152012,2.6632542610168457,2.6632542610168457
1999-08-11,2.6655531548834466,2.6655531548834466,2.6540637016296387,2.6540637016296387
1999-08-12,2.654065269570163,2.654065269570163,2.6310863494873047,2.6310863494873047
1999-08-13,2.642575809528734,2.642575809528734,2.6310863494873047,2.6310863494873047
1999-08-16,2.6310850941616555,2.665553457840629,2.6310850941616555,2.6425745487213135
1999-08-17,2.6425745487213135,2.654064003280971,2.6425745487213135,2.6425745487213135
1999-08-18,2.6540637016296387,2.6655531548834466,2.6425742483758308,2.6540637016296387
1999-08-19,2.654064003280971,2.654064003280971,2.6425745487213135,2.6425745487213135
1999-08-20,2.6425745487213135,2.654064003280971,2.6310850941616555,2.6425745487213135
1999-08-23,2.6425749168061374,2.6425749168061374,2.6081065483260573,2.619596004486084
1999-08-24,2.6195968894458757,2.6310863494873047,2.6195968894458757,2.6310863494873047
1999-08-25,2.6310863494873047,2.6310863494873047,2.6195968894458757,2.6310863494873047
1999-08-26,2.619596004486084,2.6425749168061374,2.619596004486084,2.619596004486084
1999-08-27,2.6195968894458757,2.6310863494873047,2.6195968894458757,2.6310863494873047
1999-08-30,2.6310863494873047,2.642575809528734,2.6310863494873047,2.6310863494873047
1999-08-31,2.6425745487213135,2.665553457840629,2.6310850941616555,2.6425745487213135
1999-09-01,2.6540637016296387,2.6655531548834466,2.6425742483758308,2.6540637016296387
1999-09-02,2.6425742483758308,2.6540637016296387,2.631084795122023,2.6540637016296387
1999-09-03,2.665553981142494,2.688532894773033,2.6540645243272247,2.6770434379577637
1999-09-07,2.677043264282161,2.6885327203520415,2.6655538082122803,2.6655538082122803
1999-09-08,2.6655538082122803,2.677043264282161,2.6655538082122803,2.6655538082122803
1999-09-09,2.677043264282161,2.677043264282161,2.6655538082122803,2.6655538082122803
1999-09-10,2.6655538082122803,2.677043264282161,2.6540643521423997,2.6655538082122803
1999-09-13,2.6678649671213073,2.6678649671213073,2.6447665691375732,2.6447665691375732
1999-09-14,2.6678649671213073,2.6678649671213073,2.6447665691375732,2.6447665691375732
1999-09-15,2.6563153796725802,2.6678645769755045,2.598569393157959,2.598569393157959
1999-09-16,2.587019163396861,2.587019163396861,2.563920778009389,2.575469970703125
1999-09-17,2.5754709616303444,2.598569355905056,2.5639217644929886,2.5870201587677
1999-09-20,2.5870201587677,2.598569355905056,2.5754709616303444,2.5870201587677
1999-09-21,2.5870188807581997,2.5870188807581997,2.563920497894287,2.563920497894287
1999-09-22,2.5754701271316045,2.5754701271316045,2.5292733535507685,2.5523717403411865
1999-09-23,2.5523717403411865,2.5639209337363953,2.5408225469459773,2.5523717403411865
1999-09-24,2.552370741150596,2.552370741150596,2.5408215522766113,2.5408215522766113
1999-09-27,2.540822115030375,2.563920497894287,2.540822115030375,2.563920497894287
1999-09-28,2.5523717403411865,2.5639209337363953,2.5408225469459773,2.5523717403411865
1999-09-29,2.552371306462331,2.5754696893262436,2.540822115030375,2.563920497894287
1999-09-30,2.552371306462331,2.563920497894287,2.552371306462331,2.563920497894287
1999-10-01,2.563920497894287,2.5754696893262436,2.552371306462331,2.563920497894287
1999-10-04,2.563920778009389,2.575469970703125,2.563920778009389,2.575469970703125
1999-10-05,2.5754696893262436,2.5870188807581997,2.563920497894287,2.563920497894287
1999-10-06,2.563920778009389,2.587019163396861,2.563920778009389,2.575469970703125
1999-10-07,2.5754696893262436,2.5870188807581997,2.563920497894287,2.563920497894287
1999-10-08,2.563920778009389,2.575469970703125,2.563920778009389,2.575469970703125
1999-10-11,2.5754691188985652,2.5754691188985652,2.5408215522766113,2.5408215522766113
1999-10-12,2.552370648865306,2.552370648865306,2.5177230834960938,2.5177230834960938
1999-10-13,2.50843382980417,2.5200469493865967,2.50843382980417,2.5200469493865967
1999-10-14,2.5084354810625595,2.5084354810625595,2.473596099381135,2.4852092266082764
1999-10-15,2.4852077860227775,2.4852077860227775,2.4735946655273438,2.4735946655273438
1999-10-18,2.4735946655273438,2.4852077860227775,2.4619815450319105,2.4735946655273438
1999-10-19,2.47359130180107,2.4852044065043613,2.4619781970977783,2.4619781970977783
1999-10-20,2.461981285239848,2.4735944045098472,2.4503681659698486,2.4503681659698486
1999-10-21,2.450365092394487,2.4619781970977783,2.450365092394487,2.4619781970977783
1999-10-22,2.450365092394487,2.4619781970977783,2.4387519876911954,2.4619781970977783
1999-10-25,2.450368154616583,2.450368154616583,2.4271419161841985,2.4387550354003906
1999-10-26,2.4271418701097804,2.4503681081012614,2.3923025131225586,2.3923025131225586
1999-10-27,2.3923018128399685,2.4155280440325897,2.3923018128399685,2.4039149284362793
1999-10-28,2.4271421835456097,2.4852077860227775,2.4271421835456097,2.4735946655273438
1999-10-29,2.496821411229946,2.5200476569158057,2.485208288387016,2.508434534072876
1999-11-01,2.520046026195021,2.554885372179284,2.496819795538846,2.5432722568511963
1999-11-02,2.543273458697579,2.5664997003295205,2.543273458697579,2.55488657951355
1999-11-03,2.5548861145433794,2.5664992332458496,2.5432729958409097,2.5664992332458496
1999-11-04,2.55488657951355,2.5664997003295205,2.55488657951355,2.55488657951355
1999-11-05,2.5665009149483273,2.6013402938842773,2.5665009149483273,2.6013402938842773
1999-11-08,2.589727398511526,2.6129536532066964,2.5781142711639404,2.5781142711639404
1999-11-09,2.5781142711639404,2.589727398511526,2.566501143816355,2.5781142711639404
1999-11-10,2.5570947325557745,2.56877096421128,2.5454185009002686,2.5454185009002686
1999-11-11,2.5570956144464727,2.5570956144464727,2.533743143081665,2.533743143081665
1999-11-12,2.545421389846114,2.603802614383869,2.545421389846114,2.5921263694763184
1999-11-15,2.5921269740377153,2.6154794692993164,2.5921269740377153,2.6154794692993164
1999-11-16,2.5921263694763184,2.603802614383869,2.5921263694763184,2.5921263694763184
1999-11-17,2.603799419705145,2.6154756502867826,2.5687707279602328,2.58044695854187
1999-11-18,2.5687705653987516,2.5687705653987516,2.5220656460278654,2.5570943355560303
1999-11-19,2.5454185009002686,2.5570947325557745,2.5220660375892567,2.5454185009002686
1999-11-22,2.5454181057133085,2.5687705653987516,2.5337418758705867,2.5570943355560303
1999-11-23,2.5570947325557745,2.5570947325557745,2.5454185009002686,2.5454185009002686
1999-11-24,2.5570960781790992,2.568772315979004,2.545419840379195,2.568772315979004
1999-11-26,2.5570943355560303,2.5687705653987516,2.5570943355560303,2.5570943355560303
1999-11-29,2.5687705653987516,2.5687705653987516,2.5570943355560303,2.5570943355560303
1999-11-30,2.568772315979004,2.568772315979004,2.5570960781790992,2.568772315979004
1999-12-01,2.5454200241300797,2.5454200241300797,2.5220675468444824,2.5220675468444824
1999-12-02,2.5220660375892567,2.5570947325557745,2.5220660375892567,2.5454185009002686
1999-12-03,2.533743143081665,2.5570956144464727,2.533743143081665,2.533743143081665
1999-12-06,2.545419378764069,2.5570956144464727,2.533743143081665,2.533743143081665
1999-12-07,2.5220648388529936,2.557093517170396,2.4987123866413916,2.5103886127471924
1999-12-08,2.498712523853609,2.498712523853609,2.4520076168656915,2.463683843612671
1999-12-09,2.475361432430249,2.475361432430249,2.3936278002273634,2.416980266571045
1999-12-10,2.4169786836092286,2.428654909133911,2.4053024580845466,2.428654909133911
1999-12-13,2.4075180377686425,2.4779819803374807,2.395774047340503,2.454493999481201
1999-12-14,2.4310057163238525,2.4427497052916007,2.4310057163238525,2.4310057163238525
1999-12-15,2.4310058150972638,2.466237783432007,2.4192618256523497,2.466237783432007
1999-12-16,2.4427498045421783,2.466237783432007,2.4427498045421783,2.466237783432007
1999-12-17,2.4779817728769213,2.4779817728769213,2.4427498045421783,2.466237783432007
1999-12-20,2.4779819803374807,2.4779819803374807,2.4427500090530616,2.454493999481201
1999-12-21,2.466237989909341,2.4779819803374807,2.454493999481201,2.454493999481201
1999-12-22,2.4544915717381697,2.4779795293624582,2.4427475929260254,2.4427475929260254
1999-12-23,2.4544936942593485,2.477981672194845,2.4310057163238525,2.4310057163238525
1999-12-27,2.4427498045421783,2.466237783432007,2.4427498045421783,2.466237783432007
1999-12-28,2.4779825792626036,2.5014705657958984,2.4544945927293087,2.5014705657958984
1999-12-29,2.5014681002540047,2.5132120819453383,2.4662361551800047,2.477980136871338
1999-12-30,2.4779817728769213,2.5132137412116644,2.466237783432007,2.466237783432007
1999-12-31,2.4779817728769213,2.5132137412116644,2.466237783432007,2.466237783432007
2000-01-03,2.477980136871338,2.5014681002540047,2.4544921734886715,2.477980136871338
2000-01-04,2.489726572529251,2.5132145590625456,2.489726572529251,2.5014705657958984
2000-01-05,2.5014689336313265,2.5132129192352295,2.4897249480274235,2.5132129192352295
2000-01-06,2.513211531971776,2.5366994902145032,2.4897235737290493,2.5249555110931396
2000-01-07,2.5132145590625456,2.5249585523291933,2.5014705657958984,2.5014705657958984
2000-01-10,2.513213498251779,2.548445463180542,2.513213498251779,2.548445463180542
2000-01-11,2.5367025455958405,2.5367025455958405,2.5014705657958984,2.5014705657958984
2000-01-12,2.492021535572253,2.492021535572253,2.468400478363037,2.468400478363037
2000-01-13,2.468400478363037,2.468400478363037,2.4565899497584294,2.468400478363037
2000-01-14,2.456590670631045,2.4802117347717285,2.456590670631045,2.4802117347717285
2000-01-18,2.468400478363037,2.480211006967645,2.4565899497584294,2.468400478363037
2000-01-19,2.468401202701387,2.49202226684207,2.468401202701387,2.4802117347717285
2000-01-20,2.4802097721376284,2.4802097721376284,2.4447782039642334,2.4447782039642334
2000-01-21,2.4565887266886985,2.4683992494131632,2.4447782039642334,2.4447782039642334
2000-01-24,2.4565887266886985,2.4565887266886985,2.4447782039642334,2.4447782039642334
2000-01-25,2.4565899497584294,2.468400478363037,2.4329688925492134,2.468400478363037
2000-01-26,2.468398850111035,2.50383041255282,2.4565883292971065,2.4920198917388916
2000-01-27,2.4920201492759415,2.5156411933449077,2.4920201492759415,2.503830671310425
2000-01-28,2.5156426429748535,2.5156426429748535,2.5038321141345956,2.5156426429748535
2000-01-31,2.5156426429748535,2.5156426429748535,2.5038321141345956,2.5156426429748535
2000-02-01,2.515639124360195,2.539260149002075,2.5038286120392557,2.539260149002075
2000-02-02,2.5510728546001946,2.5628833770751953,2.5392623321251935,2.5628833770751953
2000-02-03,2.551071480528949,2.598313544983189,2.551071480528949,2.586503028869629
2000-02-04,2.5865056383500407,2.5983161663790364,2.574695110321045,2.574695110321045
2000-02-07,2.598313544983189,2.598313544983189,2.574692512756069,2.586503028869629
2000-02-08,2.574695110321045,2.5865056383500407,2.574695110321045,2.574695110321045
2000-02-09,2.574693899550196,2.586504422025197,2.5628833770751953,2.5628833770751953
2000-02-10,2.574693899550196,2.574693899550196,2.5510728546001946,2.5628833770751953
2000-02-11,2.565258412866548,2.6008870019341392,2.565258412866548,2.577134609222412
2000-02-14,2.577135753631592,2.612764358520508,2.577135753631592,2.612764358520508
2000-02-15,2.600888348500663,2.600888348500663,2.5890121459960938,2.5890121459960938
2000-02-16,2.5771332494744428,2.6127618197436746,2.5771332494744428,2.6008856296539307
2000-02-17,2.5890121459960938,2.5890121459960938,2.5890121459960938,2.5890121459960938
2000-02-18,2.5890108055782757,2.5890108055782757,2.577134609222412,2.577134609222412
2000-02-22,2.5890094395641867,2.6008856296539307,2.5771332494744428,2.6008856296539307
2000-02-23,2.5890121459960938,2.6127645510052324,2.5771359434915246,2.5890121459960938
2000-02-24,2.600888348500663,2.600888348500663,2.5771359434915246,2.5890121459960938
2000-02-25,2.577132625358049,2.589008812571681,2.553380250930786,2.553380250930786
2000-02-28,2.5652584450267186,2.5652584450267186,2.5296298555124586,2.541506052017212
2000-02-29,2.541505993537183,2.541505993537183,2.5177536010742188,2.5177536010742188
2000-03-01,2.5296284440569403,2.5296284440569403,2.4939998744223355,2.505876064300537
2000-03-02,2.5177536010742188,2.5177536010742188,2.4940012086112544,2.5177536010742188
2000-03-03,2.505876064300537,2.5177522541787387,2.4939998744223355,2.505876064300537
2000-03-06,2.4940012659981985,2.541506052017212,2.4940012659981985,2.541506052017212
2000-03-07,2.529632091522217,2.5415082985246684,2.5058796775173136,2.529632091522217
2000-03-08,2.505876064300537,2.5177522541787387,2.4939998744223355,2.505876064300537
2000-03-09,2.5177522541787387,2.5177522541787387,2.4939998744223355,2.505876064300537
2000-03-10,2.4940025806427,2.5058787834076655,2.4940025806427,2.4940025806427
2000-03-13,2.4844480968656995,2.5083370208740234,2.4844480968656995,2.5083370208740234
2000-03-14,2.508335512790954,2.508335512790954,2.4963910579681396,2.4963910579681396
2000-03-15,2.4963910579681396,2.508335512790954,2.4963910579681396,2.4963910579681396
2000-03-16,2.4963910579681396,2.508335512790954,2.4963910579681396,2.4963910579681396
2000-03-17,2.4963910579681396,2.508335512790954,2.4963910579681396,2.4963910579681396
2000-03-20,2.4963910579681396,2.508335512790954,2.4963910579681396,2.4963910579681396
2000-03-21,2.496389558529967,2.5202784538269043,2.496389558529967,2.5202784538269043
2000-03-22,2.532223625717876,2.55611252784729,2.532223625717876,2.55611252784729
2000-03-23,2.5680583407621427,2.5680583407621427,2.5441694259643555,2.5441694259643555
2000-03-24,2.5441673491238417,2.5441673491238417,2.5202784538269043,2.5202784538269043
2000-03-27,2.5441673491238417,2.5441673491238417,2.5202784538269043,2.5202784538269043
2000-03-28,2.5202784538269043,2.5441673491238417,2.5202784538269043,2.5202784538269043
2000-03-29,2.520279012761026,2.5441679133559174,2.520279012761026,2.5322234630584717
2000-03-30,2.544168076782583,2.55611252784729,2.532223625717876,2.55611252784729
2000-03-31,2.5561123636533627,2.5561123636533627,2.5322234630584717,2.5322234630584717
2000-04-03,2.5441679133559174,2.5561123636533627,2.5322234630584717,2.5322234630584717
2000-04-04,2.532224968565462,2.5680583407621427,2.532224968565462,2.5441694259643555
2000-04-05,2.556113883363249,2.556113883363249,2.5441694259643555,2.5441694259643555
2000-04-06,2.544168076782583,2.55611252784729,2.532223625717876,2.55611252784729
2000-04-07,2.532224968565462,2.5441694259643555,2.532224968565462,2.5441694259643555
2000-04-10,2.55611252784729,2.5680569789119967,2.544168076782583,2.55611252784729
2000-04-11,2.5441694259643555,2.556113883363249,2.5441694259643555,2.5441694259643555
2000-04-12,2.5345574651124343,2.5585817064879075,2.5345574651124343,2.546569585800171
2000-04-13,2.5465711316032587,2.5585832595825195,2.534559003623998,2.5585832595825195
2000-04-14,2.558580860707432,2.558580860707432,2.5345566272735596,2.5345566272735596
2000-04-17,2.5345574651124343,2.546569585800171,2.5345574651124343,2.546569585800171
2000-04-18,2.5345566272735596,2.546568743990496,2.5345566272735596,2.5345566272735596
2000-04-19,2.5225445105566235,2.546568743990496,2.5225445105566235,2.5345566272735596
2000-04-20,2.5345574651124343,2.546569585800171,2.5345574651124343,2.546569585800171
2000-04-24,2.5585832595825195,2.5585832595825195,2.5465711316032587,2.5585832595825195
2000-04-25,2.5585817064879075,2.5585817064879075,2.546569585800171,2.546569585800171
2000-04-26,2.5585833743353867,2.5705955028533936,2.5465712458173804,2.5705955028533936
2000-04-27,2.57059538756178,2.57059538756178,2.5585832595825195,2.5585832595825195
2000-04-28,2.57059538756178,2.57059538756178,2.5585832595825195,2.5585832595825195
2000-05-01,2.57059538756178,2.57059538756178,2.5465711316032587,2.5585832595825195
2000-05-02,2.5585832595825195,2.57059538756178,2.5465711316032587,2.5585832595825195
2000-05-03,2.5465727079482305,2.5465727079482305,2.5225484371185303,2.5225484371185303
2000-05-04,2.5225483287464487,2.5225483287464487,2.5105361938476562,2.5105361938476562
2000-05-05,2.5225483287464487,2.5225483287464487,2.4985240589488638,2.5105361938476562
2000-05-08,2.5105351266952662,2.5225472564880667,2.4865108671096654,2.498522996902466
2000-05-09,2.4865118369315433,2.4985239714094734,2.4744997024536133,2.4744997024536133
2000-05-10,2.4744997024536133,2.4865118369315433,2.4744997024536133,2.4744997024536133
2000-05-11,2.4648330828038656,2.4769155979156494,2.4406680525802984,2.4769155979156494
2000-05-12,2.452747422106126,2.4769124213386986,2.452747422106126,2.464829921722412
2000-05-15,2.476914751118627,2.476914751118627,2.452749729156494,2.452749729156494
2000-05-16,2.464829921722412,2.464829921722412,2.452747422106126,2.464829921722412
2000-05-17,2.4527501422579925,2.4769151682900907,2.4406676292419434,2.4406676292419434
2000-05-18,2.452749729156494,2.452749729156494,2.440667218175428,2.452749729156494
2000-05-19,2.452749729156494,2.452749729156494,2.440667218175428,2.452749729156494
2000-05-22,2.4648330828038656,2.4769155979156494,2.452750567692082,2.4769155979156494
2000-05-23,2.464832240137561,2.476914751118627,2.452749729156494,2.452749729156494
2000-05-24,2.4648330828038656,2.4769155979156494,2.452750567692082,2.4769155979156494
2000-05-25,2.4769155979156494,2.4769155979156494,2.4648330828038656,2.4769155979156494
2000-05-26,2.476916371039974,2.4889988899230957,2.476916371039974,2.4889988899230957
2000-05-30,2.4889988899230957,2.5010814088062174,2.476916371039974,2.4889988899230957
2000-05-31,2.4769143702892156,2.5131618976593018,2.4769143702892156,2.5131618976593018
2000-06-01,2.525244438423301,2.5614919662475586,2.525244438423301,2.5614919662475586
2000-06-02,2.5735751040484924,2.658152689627551,2.5735751040484924,2.6339876651763916
2000-06-05,2.6339876651763916,2.658152689627551,2.6339876651763916,2.6339876651763916
2000-06-06,2.6219050233010894,2.6219050233010894,2.6098225116729736,2.6098225116729736
2000-06-07,2.6219065189361572,2.6339890374566006,2.6098240004157143,2.6219065189361572
2000-06-08,2.6219050233010894,2.6219050233010894,2.5977400000448583,2.6098225116729736
2000-06-09,2.6098225116729736,2.6098225116729736,2.6098225116729736,2.6098225116729736
2000-06-12,2.6098210090814633,2.6098210090814633,2.59773850440979,2.59773850440979
2000-06-13,2.5880184851551506,2.5880184851551506,2.551567520575501,2.563717842102051
2000-06-14,2.551567520575501,2.5758681636286007,2.551567520575501,2.563717842102051
2000-06-15,2.563719792593093,2.563719792593093,2.5515694618225098,2.5515694618225098
2000-06-16,2.5515694618225098,2.563719792593093,2.5515694618225098,2.5515694618225098
2000-06-19,2.563718520245462,2.575868844985962,2.551568195504962,2.575868844985962
2000-06-20,2.563717842102051,2.5758681636286007,2.563717842102051,2.563717842102051
2000-06-21,2.563718520245462,2.588019169726462,2.563718520245462,2.575868844985962
2000-06-22,2.575868844985962,2.575868844985962,2.563718520245462,2.575868844985962
2000-06-23,2.575868844985962,2.588019169726462,2.563718520245462,2.575868844985962
2000-06-26,2.5758699524068387,2.600170612335205,2.5758699524068387,2.600170612335205
2000-06-27,2.600171945713184,2.6244726181030273,2.600171945713184,2.6244726181030273
2000-06-28,2.6244726181030273,2.6366229542979487,2.6244726181030273,2.6244726181030273
2000-06-29,2.636618190587953,2.648768504830294,2.6123175621032715,2.6123175621032715
2000-06-30,2.636620959010693,2.648771286010742,2.6244706320106435,2.648771286010742
2000-07-03,2.648769822839188,2.6609201431274414,2.6244691822626818,2.6609201431274414
2000-07-05,2.6487718045986193,2.6487718045986193,2.6366214752197266,2.6366214752197266
2000-07-06,2.624471145840834,2.6366214752197266,2.624471145840834,2.6366214752197266
2000-07-07,2.6244706320106435,2.648771286010742,2.6244706320106435,2.648771286010742
2000-07-10,2.636621779446149,2.68522310256958,2.636621779446149,2.68522310256958
2000-07-11,2.673070804955179,2.709521770477295,2.673070804955179,2.709521770477295
2000-07-12,2.6753170804543926,2.7119652596386996,2.6753170804543926,2.687533140182495
2000-07-13,2.687532762775507,2.7241809368133545,2.687532762775507,2.7241809368133545
2000-07-14,2.6997511612402425,2.7119672298431396,2.687535092637346,2.7119672298431396
2000-07-17,2.7119652596386996,2.7119652596386996,2.687533140182495,2.687533140182495
2000-07-18,2.687535092637346,2.7119672298431396,2.687535092637346,2.7119672298431396
2000-07-19,2.7119672298431396,2.7119672298431396,2.687535092637346,2.7119672298431396
2000-07-20,2.7119648788007384,2.7241809368133545,2.699748820788123,2.7241809368133545
2000-07-21,2.7119672298431396,2.736399367048934,2.7119672298431396,2.7119672298431396
2000-07-24,2.7241809368133545,2.7241809368133545,2.7119648788007384,2.7241809368133545
2000-07-25,2.7241826312882558,2.736398696899414,2.711966565677098,2.736398696899414
2000-07-26,2.7363989596896703,2.7608310932583278,2.7363989596896703,2.748615026473999
2000-07-27,2.748614762510572,2.748614762510572,2.736398696899414,2.736398696899414
2000-07-28,2.748614762510572,2.748614762510572,2.736398696899414,2.736398696899414
2000-07-31,2.748615026473999,2.748615026473999,2.724182892905341,2.748615026473999
2000-08-01,2.7486145760105773,2.7608306407928467,2.736398511228308,2.7608306407928467
2000-08-02,2.748613184244097,2.773045301437378,2.748613184244097,2.773045301437378
2000-08-03,2.7730467055751156,2.7730467055751156,2.7608306407928467,2.7608306407928467
2000-08-04,2.7608306407928467,2.7608306407928467,2.7486145760105773,2.7608306407928467
2000-08-07,2.7730467055751156,2.7730467055751156,2.7608306407928467,2.7608306407928467
2000-08-08,2.7608292428407375,2.773045301437378,2.7608292428407375,2.773045301437378
2000-08-09,2.7608292428407375,2.7852613600340184,2.7608292428407375,2.773045301437378
2000-08-10,2.773048419701426,2.7974805643683984,2.773048419701426,2.785264492034912
2000-08-11,2.7877180576324463,2.799998753921576,2.7877180576324463,2.7877180576324463
2000-08-14,2.7877180576324463,2.799998753921576,2.7877180576324463,2.7877180576324463
2000-08-15,2.799998753921576,2.799998753921576,2.7754373613433163,2.7877180576324463
2000-08-16,2.799998753921576,2.799998753921576,2.7877180576324463,2.7877180576324463
2000-08-17,2.799998753921576,2.799998753921576,2.7877180576324463,2.7877180576324463
2000-08-18,2.7877190091968638,2.7877190091968638,2.7754383087158203,2.7754383087158203
2000-08-21,2.763157844543457,2.7754385460747613,2.750877143012153,2.763157844543457
2000-08-22,2.763159280376775,2.775439988289561,2.7508785724639893,2.7508785724639893
2000-08-23,2.7508785724639893,2.763159280376775,2.7508785724639893,2.7508785724639893
2000-08-24,2.763159280376775,2.775439988289561,2.7508785724639893,2.7508785724639893
2000-08-25,2.7508785724639893,2.763159280376775,2.7508785724639893,2.7508785724639893
2000-08-28,2.7631547151659634,2.7631547151659634,2.738593339920044,2.738593339920044
2000-08-29,2.7385978645512035,2.7508785724639893,2.7385978645512035,2.7508785724639893
2000-08-30,2.7508785724639893,2.763159280376775,2.7385978645512035,2.7508785724639893
2000-08-31,2.763157608234777,2.7877190091968638,2.763157608234777,2.7754383087158203
2000-09-01,2.7877180576324463,2.799998753921576,2.7754373613433163,2.7877180576324463
2000-09-05,2.7877180576324463,2.799998753921576,2.763156665054187,2.7877180576324463
2000-09-06,2.7754373613433163,2.7877180576324463,2.7754373613433163,2.7877180576324463
2000-09-07,2.7877180576324463,2.799998753921576,2.7877180576324463,2.7877180576324463
2000-09-08,2.799998753921576,2.799998753921576,2.7877180576324463,2.7877180576324463
2000-09-11,2.787720197152883,2.812281608581543,2.787720197152883,2.812281608581543
2000-09-12,2.8122804143972564,2.8245611148968077,2.7877190133981538,2.799999713897705
2000-09-13,2.7901232117100765,2.814814567565918,2.7901232117100765,2.814814567565918
2000-09-14,2.8024673461914062,2.8148130173200028,2.8024673461914062,2.8024673461914062
2000-09-15,2.8148156295176676,2.8271613121032715,2.8024699469320637,2.8271613121032715
2000-09-18,2.8024673461914062,2.8148130173200028,2.7901216750628097,2.8024673461914062
2000-09-19,2.802468902241867,2.8148145802253115,2.790123224258423,2.790123224258423
2000-09-20,2.790123224258423,2.802468902241867,2.790123224258423,2.790123224258423
2000-09-21,2.8148130173200028,2.8148130173200028,2.7901216750628097,2.8024673461914062
2000-09-22,2.802468902241867,2.802468902241867,2.790123224258423,2.790123224258423
2000-09-25,2.790123224258423,2.8148145802253115,2.790123224258423,2.790123224258423
2000-09-26,2.802468902241867,2.8148145802253115,2.790123224258423,2.790123224258423
2000-09-27,2.7901216750628097,2.8024673461914062,2.7901216750628097,2.8024673461914062
2000-09-28,2.8024673461914062,2.8024673461914062,2.7901216750628097,2.8024673461914062
2000-09-29,2.802468902241867,2.802468902241867,2.790123224258423,2.790123224258423
2000-10-02,2.790123224258423,2.802468902241867,2.790123224258423,2.790123224258423
2000-10-03,2.790123224258423,2.802468902241867,2.790123224258423,2.790123224258423
2000-10-04,2.79012335035536,2.79012335035536,2.777777671813965,2.777777671813965
2000-10-05,2.777778037956783,2.777778037956783,2.765432357788086,2.765432357788086
2000-10-06,2.777777671813965,2.777777671813965,2.7654319932725695,2.777777671813965
2000-10-09,2.7654319932725695,2.777777671813965,2.7654319932725695,2.777777671813965
2000-10-10,2.7654319932725695,2.777777671813965,2.7654319932725695,2.777777671813965
2000-10-11,2.755436807870865,2.7802605628967285,2.755436807870865,2.7802605628967285
2000-10-12,2.7678486853837967,2.7926724404096603,2.755436807870865,2.7802605628967285
2000-10-13,2.767845869064331,2.767845869064331,2.743022139296938,2.767845869064331
2000-10-16,2.7430238723754883,2.7430238723754883,2.7306119996498075,2.7430238723754883
2000-10-17,2.730612558861301,2.7430244341288526,2.7057888083261985,2.71820068359375
2000-10-18,2.7057881355285645,2.7182000077098882,2.6933762633472407,2.7057881355285645
2000-10-19,2.7057881355285645,2.7182000077098882,2.7057881355285645,2.7057881355285645
2000-10-20,2.71820068359375,2.730612558861301,2.71820068359375,2.71820068359375
2000-10-23,2.71820068359375,2.71820068359375,2.71820068359375,2.71820068359375
2000-10-24,2.7182001269241267,2.7430238723754883,2.7182001269241267,2.7430238723754883
2000-10-25,2.730612558861301,2.7430244341288526,2.71820068359375,2.71820068359375
2000-10-26,2.730612558861301,2.730612558861301,2.7057888083261985,2.71820068359375
2000-10-27,2.7057881355285645,2.7182000077098882,2.7057881355285645,2.7057881355285645
2000-10-30,2.7057881355285645,2.7306118798912116,2.7057881355285645,2.7057881355285645
2000-10-31,2.71820068359375,2.71820068359375,2.693376933058647,2.71820068359375
2000-11-01,2.730611562728882,2.730611562728882,2.680964079770175,2.730611562728882
2000-11-02,2.7430234334685584,2.7430234334685584,2.718199691989205,2.730611562728882
2000-11-03,2.71820068359375,2.730612558861301,2.7057888083261985,2.71820068359375
2000-11-06,2.6933762633472407,2.7057881355285645,2.6933762633472407,2.7057881355285645
2000-11-07,2.7057888083261985,2.71820068359375,2.7057888083261985,2.71820068359375
2000-11-08,2.6933774948120117,2.7306131283808415,2.6933774948120117,2.6933774948120117
2000-11-09,2.7057881355285645,2.7057881355285645,2.680964391165917,2.7057881355285645
2000-11-10,2.693376933058647,2.71820068359375,2.693376933058647,2.71820068359375
2000-11-13,2.708215245373173,2.733175754547119,2.708215245373173,2.733175754547119
2000-11-14,2.7206954912106562,2.7206954912106562,2.6957349821169805,2.7082152366638184
2000-11-15,2.69573377564896,2.7082140246102977,2.683253526687622,2.683253526687622
2000-11-16,2.68325733365836,2.695737600326538,2.670777066990181,2.695737600326538
2000-11-17,2.69573377564896,2.69573377564896,2.6707732777262843,2.683253526687622
2000-11-20,2.670777066990181,2.708217866994717,2.670777066990181,2.695737600326538
2000-11-21,2.6957349821169805,2.7082152366638184,2.6707744730233047,2.7082152366638184
2000-11-22,2.7082152366638184,2.7082152366638184,2.7082152366638184,2.7082152366638184
2000-11-24,2.695737600326538,2.695737600326538,2.68325733365836,2.695737600326538
2000-11-27,2.695735206066723,2.695735206066723,2.658294439315796,2.658294439315796
2000-11-28,2.658294439315796,2.670774694899438,2.6458141837321536,2.658294439315796
2000-11-29,2.658294679962586,2.6707749366760254,2.658294679962586,2.6707749366760254
2000-11-30,2.6458144232491465,2.6707749366760254,2.6458144232491465,2.6707749366760254
2000-12-01,2.6707735411617732,2.7206945419311523,2.6707735411617732,2.7206945419311523
2000-12-04,2.7206954912106562,2.7206954912106562,2.6957349821169805,2.7082152366638184
2000-12-05,2.7206945419311523,2.7206945419311523,2.695734041546463,2.7206945419311523
2000-12-06,2.6957349907861996,2.7456560091340925,2.6957349907861996,2.733175754547119
2000-12-07,2.7456550423158417,2.758135292508187,2.7206945419311523,2.7206945419311523
2000-12-08,2.720695499960146,2.7456560091340925,2.720695499960146,2.733175754547119
2000-12-11,2.733175046877428,2.758135549588637,2.733175046877428,2.7456552982330322
2000-12-12,2.7581377007939794,2.7830982229731105,2.7581377007939794,2.770617961883545
2000-12-13,2.773127554758499,2.773127554758499,2.7480313777923584,2.7480313777923584
2000-12-14,2.7354832893092884,2.773127554758499,2.7354832893092884,2.7480313777923584
2000-12-15,2.7605800585703806,2.7856762409210205,2.7480319673950606,2.7856762409210205
2000-12-18,2.7731267424811303,2.835867166519165,2.7731267424811303,2.835867166519165
2000-12-19,2.8233200311660767,2.8484162092208862,2.810771942138672,2.810771942138672
2000-12-20,2.8358686056223004,2.8358686056223004,2.7856762409210205,2.7856762409210205
2000-12-21,2.810770996903951,2.835867166519165,2.7856748272887373,2.835867166519165
2000-12-22,2.810770996903951,2.848415251326772,2.810770996903951,2.835867166519165
2000-12-26,2.8484171587124205,2.8860614383429812,2.8358690655022336,2.8609652519226074
2000-12-27,2.8735133368036023,2.8986095231512317,2.8735133368036023,2.886061429977417
2000-12-28,2.886060007617005,2.9362523555755615,2.886060007617005,2.9362523555755615
2000-12-29,2.948800442565201,2.973896616544479,2.9237042685859223,2.9362523555755615
2001-01-02,2.9237072045290016,2.9738996028900146,2.9237072045290016,2.9738996028900146
2001-01-03,2.9738996028900146,2.998995802070521,2.9738996028900146,2.9738996028900146
2001-01-04,2.986445069811833,3.011541246869075,2.973896981283212,2.998993158340454
2001-01-05,3.011543021714392,3.0491873094858217,3.011543021714392,3.0366392135620117
2001-01-08,3.0366384827993746,3.0868308544158936,3.0366384827993746,3.0868308544158936
2001-01-09,3.0742814540863037,3.0868295416540033,3.0742814540863037,3.0742814540863037
2001-01-10,3.089411380838175,3.102021223208943,3.064191696096639,3.0768015384674072
2001-01-11,3.089412799695643,3.102022647857666,3.0768029515336197,3.102022647857666
2001-01-12,3.102022647857666,3.102022647857666,3.0768029515336197,3.102022647857666
2001-01-16,3.089412799695643,3.102022647857666,3.0768029515336197,3.102022647857666
2001-01-17,3.102023103544789,3.1272428035736084,3.102023103544789,3.1272428035736084
2001-01-18,3.1146324960196887,3.127242344181712,3.102022647857666,3.102022647857666
2001-01-19,3.1272412581965026,3.1272412581965026,3.1020215706304017,3.114631414413452
2001-01-22,3.114631414413452,3.114631414413452,3.1020215706304017,3.114631414413452
2001-01-23,3.102021223208943,3.102021223208943,3.051581853725871,3.0768015384674072
2001-01-24,3.0768015384674072,3.089411380838175,3.0768015384674072,3.0768015384674072
2001-01-25,3.089411380838175,3.089411380838175,3.0768015384674072,3.0768015384674072
2001-01-26,3.0768015384674072,3.089411380838175,3.0768015384674072,3.0768015384674072
2001-01-29,3.090927658455595,3.090927658455595,3.0808399281807484,3.086892604827881
2001-01-30,3.101013243976035,3.1070659160614014,3.088907899805302,3.1070659160614014
2001-01-31,3.11311943798765,3.115136867501496,3.0909259816361883,3.1010138988494873
2001-02-01,3.121189923836737,3.1272425975698486,3.090926170349121,3.090926170349121
2001-02-02,3.082854792175806,3.123206256914175,3.082854792175806,3.096977949142456
2001-02-05,3.096977949142456,3.1191712066458184,3.082854792175806,3.096977949142456
2001-02-06,3.1171535853061596,3.1171535853061596,3.080837363247108,3.096977949142456
2001-02-07,3.090924670479351,3.105047825551395,3.088907241821289,3.088907241821289
2001-02-08,3.086889204479965,3.096977116053643,3.080836534500122,3.080836534500122
2001-02-09,3.084873914718628,3.10101450846853,3.084873914718628,3.084873914718628
2001-02-12,3.092942291548348,3.094959912617345,3.080836949956236,3.088907241821289
2001-02-13,3.1020884759865544,3.1041160311751064,3.0797857556290924,3.0919508934020996
2001-02-14,3.0797857556290924,3.0919508934020996,3.0777583937988457,3.0919508934020996
2001-02-15,3.0919520411504835,3.0960071530328657,3.0919520411504835,3.093979597091675
2001-02-16,3.093979597091675,3.093979597091675,3.0919520411504835,3.093979597091675
2001-02-20,3.0960060037792037,3.0960060037792037,3.0919508934020996,3.0919508934020996
2001-02-21,3.0919508934020996,3.0939784485906516,3.0919508934020996,3.0919508934020996
2001-02-22,3.091949437095623,3.091949437095623,3.065591812133789,3.065591812133789
2001-02-23,3.0737041929331426,3.0737041929331426,3.0493741035461426,3.0493741035461426
2001-02-26,3.0493730920280546,3.065593146238978,3.0108505116166864,3.02504301071167
2001-02-27,3.0412634223176247,3.065593506493167,3.027070921554805,3.0554559230804443
2001-02-28,3.0554576196605185,3.112228040950907,3.0554576196605185,3.0716776847839355
2001-03-01,3.091949939763385,3.1365551733625754,3.091949939763385,3.1284451484680176
2001-03-02,3.1284438443204405,3.138581226194005,3.122361183166504,3.122361183166504
2001-03-05,3.12236281271451,3.12236281271451,3.087895154953003,3.087895154953003
2001-03-06,3.087895154953003,3.087895154953003,3.0676201872662885,3.087895154953003
2001-03-07,3.087891746559262,3.087891746559262,3.0615343369954875,3.0818092823028564
2001-03-08,3.081812037405457,3.0960047245025635,3.0676195436665767,3.0960047245025635
2001-03-09,3.0777580738067627,3.0960056818899306,3.0716754088735163,3.0777580738067627
2001-03-12,3.0777543705846035,3.0818092823028564,3.0777543705846035,3.0818092823028564
2001-03-13,3.0930172134400076,3.0950546264648438,3.084866978389869,3.0950546264648438
2001-03-14,3.095058023210774,3.095058023210774,3.0889453887939453,3.0889453887939453
2001-03-15,3.0869042121072345,3.0930170337774645,3.062453508377075,3.062453508377075
2001-03-16,3.072643475586227,3.072643475586227,3.058380603790283,3.058380603790283
2001-03-19,3.066534867889724,3.0787601470947266,3.066534867889724,3.0787601470947266
2001-03-20,3.0848689779287617,3.1032068729400635,3.0848689779287617,3.1032068729400635
2001-03-21,3.111355490566927,3.1174681186676025,3.111355490566927,3.1174681186676025
2001-03-22,3.1011676475211716,3.1195057261401424,3.097092432576092,3.1174681186676025
2001-03-23,3.090978334355539,3.09709095954895,3.090978334355539,3.09709095954895
2001-03-26,3.107278797749203,3.115429029446035,3.076715477465296,3.09709095954895
2001-03-27,3.10728331781804,3.1337716579437256,3.10728331781804,3.1337716579437256
2001-03-28,3.1378446252526833,3.1378446252526833,3.111356496810913,3.111356496810913
2001-03-29,3.127659797668457,3.127659797668457,3.1011714509893267,3.127659797668457
2001-03-30,3.1317328112638507,3.1317328112638507,3.056343039604975,3.1032068729400635
2001-04-02,3.103207374616524,3.1704471111297607,3.103207374616524,3.1704471111297607
2001-04-03,3.158219814300537,3.166370051209924,3.158219814300537,3.158219814300537
2001-04-04,3.158219774870929,3.176557856267347,3.1378440856933594,3.1378440856933594
2001-04-05,3.1541445593086257,3.1541445593086257,3.1378440856933594,3.1378440856933594
2001-04-06,3.1317357552572567,3.1317357552572567,3.086909294128418,3.086909294128418
2001-04-09,3.0869043394126487,3.09709218163293,3.080791711807251,3.080791711807251
2001-04-10,3.0797710442312107,3.0941050225404827,3.071580171585083,3.071580171585083
2001-04-11,3.073627938568067,3.0818188112141947,3.067484637619115,3.071580171585083
2001-04-12,3.0736267227804785,3.0797698260136888,3.0592925548553467,3.0592925548553467
2001-04-16,3.047007311956052,3.075675461586427,3.026530034322099,3.044959545135498
2001-04-17,3.0408627760531473,3.0408627760531473,3.010146874054062,3.0367672443389893
2001-04-18,3.016290235286266,3.0511014767023332,3.016290235286266,3.040863037109375
2001-04-19,3.034719739010739,3.0470061399222934,3.0306244022306994,3.040863037109375
2001-04-20,3.040863987422115,3.065436601638794,3.030625349343721,3.065436601638794
2001-04-23,3.0633880872013073,3.0633880872013073,3.049054114561906,3.0592925548553467
2001-04-24,3.0511026503113667,3.0511026503113667,3.044959545135498,3.044959545135498
2001-04-25,3.057244983968097,3.061340321028327,3.0408632451557156,3.0592925548553467
2001-04-26,3.059292343063808,3.0879604816436768,3.059292343063808,3.0879604816436768
2001-04-27,3.090008735503967,3.102294943059488,3.071579228884938,3.081817865371704
2001-04-30,3.071578736677641,3.071578736677641,3.047006130218506,3.047006130218506
2001-05-01,3.0674874471212195,3.112537385578924,3.0674874471212195,3.1022987365722656
2001-05-02,3.1207249280684635,3.1227726947368777,3.108438718629534,3.114581823348999
2001-05-03,3.12277173429433,3.133010369201619,3.085912726742377,3.09000825881958
2001-05-04,3.0838663405617632,3.0879616789263458,3.0633890628814697,3.0633890628814697
2001-05-07,3.0613380067114178,3.0920538902282715,3.0613380067114178,3.0920538902282715
2001-05-08,3.081821881140722,3.0941081047058105,3.073631000335329,3.0941081047058105
2001-05-09,3.081821881140722,3.0941081047058105,3.081821881140722,3.0941081047058105
2001-05-10,3.0900061256033644,3.1022923227816395,3.0879583609784578,3.0920538902282715
2001-05-11,3.1177780195112503,3.1177780195112503,3.0971987438812434,3.1136622428894043
2001-05-14,3.1074884798264413,3.1136622428894043,3.099256730322361,3.1136622428894043
2001-05-15,3.1074907367303455,3.1074907367303455,3.0930850174403477,3.1054327487945557
2001-05-16,3.0848538480199195,3.101317362112923,3.0786800793001854,3.080738067626953
2001-05-17,3.0869100798656,3.0869100798656,3.0683885879847335,3.07662034034729
2001-05-18,3.0766227649303004,3.082796535002444,3.0766227649303004,3.0786807537078857
2001-05-21,3.0766220909734177,3.0827958596931517,3.0766220909734177,3.080738067626953
2001-05-22,3.066330489003938,3.0848519802093506,3.060156724022284,3.0848519802093506
2001-05-23,3.0807373028757716,3.086911070062952,3.062215805053711,3.062215805053711
2001-05-24,3.060158686704016,3.060158686704016,3.039579391479492,3.039579391479492
2001-05-25,3.056041955947876,3.0766212447736794,3.0354624708615576,3.056041955947876
2001-05-29,3.0560406637472686,3.0560406637472686,3.0313452135815786,3.035461187362671
2001-05-30,3.0436969199329083,3.0622184336537868,3.039581137028651,3.045754909515381
2001-05-31,3.056041955947876,3.06633150223052,3.0478102011654515,3.056041955947876
2001-06-01,3.06633150223052,3.093084754338528,3.0416362378832473,3.056041955947876
2001-06-04,3.0642733573913574,3.0663311486542946,3.0642733573913574,3.0642733573913574
2001-06-05,3.070448322253684,3.086911836346687,3.049868831507145,3.080738067626953
2001-06-06,3.080736202308398,3.0910259414514547,3.080736202308398,3.0848519802093506
2001-06-07,3.09308221072838,3.107487916946411,3.0869084487837117,3.107487916946411
2001-06-08,3.086910693722056,3.107490176851068,3.086910693722056,3.0992584228515625
2001-06-11,3.105430493385324,3.1157202293305217,3.105430493385324,3.1136622428894043
2001-06-12,3.1074884798264413,3.1198360059523678,3.1074884798264413,3.1136622428894043
2001-06-13,3.109112645875572,3.1235930121651903,3.1070441912149183,3.117387056350708
2001-06-14,3.1153198900368526,3.121525651140233,3.109113931655884,3.109113931655884
2001-06-15,3.1070452192134135,3.1318684588518506,3.1070452192134135,3.123594045639038
2001-06-18,3.1339371451768896,3.1401431035020746,3.113251209259033,3.113251209259033
2001-06-19,3.1235932626373137,3.138073432810549,3.1235932626373137,3.127730369567871
2001-06-20,3.1277305702237364,3.138073634129961,3.1194561585542635,3.1215248107910156
2001-06-21,3.1215235272188084,3.1380723437528713,3.1215235272188084,3.12979793548584
2001-06-22,3.123593334513863,3.1649653911590576,3.123593334513863,3.1649653911590576
2001-06-25,3.1649646090844294,3.183582079293702,3.1587588514404983,3.1691017150878906
2001-06-26,3.183582079293702,3.1897878369376333,3.1670332607248994,3.1691017150878906
2001-06-27,3.167034043310699,3.175308454639738,3.15875963198166,3.1649653911590576
2001-06-28,3.175309181213379,3.1815149418107773,3.1608288101160196,3.175309181213379
2001-06-29,3.177376124372292,3.177376124372292,3.1649646090844294,3.1691017150878906
2001-07-02,3.175307815836204,3.179444922029663,3.175307815836204,3.1773762702941895
2001-07-03,3.1794448036702145,3.1897878646850586,3.1753076976307653,3.1897878646850586
2001-07-05,3.1794464309851787,3.1897894972938454,3.1794464309851787,3.1835837364196777
2001-07-06,3.1835822255006097,3.187719331694069,3.1773762702941895,3.1773762702941895
2001-07-09,3.1897910649969554,3.1897910649969554,3.177379339870984,3.181516647338867
2001-07-10,3.1856543697004174,3.1856543697004174,3.1794486045837402,3.1794486045837402
2001-07-11,3.189424798379626,3.2060580277146022,3.189424798379626,3.1915040016174316
2001-07-12,3.191502526599077,3.206056545969809,3.176948308944702,3.176948308944702
2001-07-13,3.17695088274981,3.17695088274981,3.172792673110962,3.172792673110962
2001-07-16,3.1852661160791214,3.1852661160791214,3.162395477294922,3.162395477294922
2001-07-17,3.170711760782312,3.170711760782312,3.1582367420196533,3.1582367420196533
2001-07-18,3.1727910093906075,3.176949216849011,3.160315990447998,3.160315990447998
2001-07-19,3.1603159448607125,3.1769491710217928,3.1582367420196533,3.1582367420196533
2001-07-20,3.1582384436654856,3.17695088274981,3.1582384436654856,3.172792673110962
2001-07-23,3.1790275112215616,3.191502526599077,3.168631698120906,3.176948308944702
2001-07-24,3.1769497322227442,3.191503956397433,3.1769497322227442,3.189424753189087
2001-07-25,3.189427703966486,3.2081401535864167,3.189427703966486,3.195665121078491
2001-07-26,3.195662930589704,3.214375367383068,3.1935837268829346,3.1935837268829346
2001-07-27,3.2019011974334717,3.2164554289789637,3.2019011974334717,3.2019011974334717
2001-07-30,3.197741413047114,3.2185328505739674,3.1769497772365263,3.1915040016174316
2001-07-31,3.1915062510375867,3.1998228715667505,3.179031221101904,3.183189630508423
2001-08-01,3.1977429871946397,3.2164554289789637,3.1915055726944757,3.2019011974334717
2001-08-02,3.2164538432577667,3.2164538432577667,3.195662207462448,3.2060580253601074
2001-08-03,3.2102183382134144,3.216455952011718,3.20190171809954,3.2039809226989746
2001-08-06,3.214377211763106,3.222693833078404,3.2039813855480097,3.2185354232788086
2001-08-07,3.222691952447918,3.2476418018341064,3.222691952447918,3.2476418018341064
2001-08-08,3.2497215193036175,3.264275550842285,3.2497215193036175,3.264275550842285
2001-08-09,3.2663549804835657,3.2809090130275647,3.2663549804835657,3.2767508029937744
2001-08-10,3.2892225277001397,3.330805778503418,3.276747711086064,3.330805778503418
2001-08-13,3.31158185005188,3.342921660921556,3.290688509969657,3.31158185005188
2001-08-14,3.319942797259547,3.322031974162364,3.273977518081665,3.273977518081665
2001-08-15,3.2886039061914847,3.305318522800152,3.280246597887151,3.2906932830810547
2001-08-16,3.3032288572014346,3.3032288572014346,3.2865140438079834,3.2865140438079834
2001-08-17,3.28442486648098,3.3032288572014346,3.28442486648098,3.2865140438079834
2001-08-20,3.3053177938893814,3.3053177938893814,3.2844246273630215,3.3032286167144775
2001-08-21,3.303231031968923,3.3220348358154297,3.303231031968923,3.3220348358154297
2001-08-22,3.30949622098007,3.3366575141192563,3.3053174685337874,3.3324787616729736
2001-08-23,3.338747510337555,3.342926263809204,3.305318279580092,3.342926263809204
2001-08-24,3.3429254435347966,3.3429254435347966,3.3324787616729736,3.3324787616729736
2001-08-27,3.332479113555527,3.347104549407959,3.3262111834781445,3.347104549407959
2001-08-28,3.3324749908804447,3.3324749908804447,3.307403102333972,3.31158185005188
2001-08-29,3.3115860081704422,3.319943314846264,3.3053178787231445,3.3053178787231445
2001-08-30,3.3115890247802025,3.3115890247802025,3.2990529537200928,3.2990529537200928
2001-08-31,3.299049007306938,3.3241209201813553,3.299049007306938,3.309495687484741
2001-09-04,3.315764674932211,3.3429259723681723,3.3136752983785414,3.319943428039551
2001-09-05,3.3178535266187517,3.3324787616729736,3.3178535266187517,3.3324787616729736
2001-09-06,3.3136769634479997,3.363821029663086,3.3136769634479997,3.363821029663086
2001-09-07,3.34710493307228,3.384712916355227,3.34710493307228,3.3763554096221924
2001-09-10,3.3763554186803773,3.3847129254358337,3.3763554186803773,3.3805341720581055
2001-09-17,3.37426764230145,3.3951610205913134,3.353374264011587,3.365910530090332
2001-09-18,3.3659111858038364,3.384715190077119,3.3659111858038364,3.3784470558166504
2001-09-19,3.3868015689989313,3.3868015689989313,3.2927820183363656,3.3053178787231445
2001-09-20,3.3053175571621978,3.3053175571621978,3.228012428118071,3.2384591102600098
2001-09-21,3.207121193091625,3.2175676822662354,3.1193693290976356,3.2175676822662354
2001-09-24,3.1966731855359893,3.2384597227529843,3.1966731855359893,3.228013038635254
2001-09-25,3.2008525940523436,3.2489072741198393,3.196674038842202,3.2217459678649902
2001-09-26,3.209211310460338,3.2906952649427663,3.209211310460338,3.261444568634033
2001-09-27,3.271888806249371,3.2865140438079834,3.2384595779703047,3.2865140438079834
2001-09-28,3.276066470318851,3.322031544295024,3.2593518617359063,3.309495687484741
2001-10-01,3.317854340741107,3.3638196326595846,3.311586409787566,3.342926263809204
2001-10-02,3.3429254435347966,3.3638188072584425,3.3283002084805746,3.3324787616729736
2001-10-03,3.3324788926961237,3.3742654225324538,3.3324788926961237,3.370086669921875
2001-10-04,3.3700844392053915,3.3742631890499846,3.345012737152873,3.355459213256836
2001-10-05,3.370088690005641,3.370088690005641,3.3450169563293457,3.3450169563293457
2001-10-08,3.342926263809204,3.3596408791879355,3.336658332855663,3.342926263809204
2001-10-09,3.3554621257162864,3.3596408791879355,3.338747510337555,3.342926263809204
2001-10-10,3.3491930391408897,3.3742647528125937,3.3429249114691117,3.3575501441955566
2001-10-11,3.359859112107078,3.3745584316383197,3.3451597925758363,3.3493595123291016
2001-10-12,3.349363471630541,3.361963046310783,3.336764097213745,3.336764097213745
2001-10-15,3.330462059596476,3.347261348148885,3.324162376455152,3.3388617038726807
2001-10-16,3.347262964667795,3.357762575149536,3.340963278484116,3.357762575149536
2001-10-17,3.3493614679133117,3.3493614679133117,3.3304622173309326,3.3304622173309326
2001-10-18,3.3283653710868664,3.34516467514645,3.3199657190570746,3.334665060043335
2001-10-19,3.345161587277321,3.347261348148885,3.3388617038726807,3.3388617038726807
2001-10-22,3.338863859440914,3.338863859440914,3.3346641347231305,3.336764097213745
2001-10-23,3.338862109747449,3.338862109747449,3.3283627033233643,3.3283627033233643
2001-10-24,3.328362543189006,3.328362543189006,3.31156325340271,3.31156325340271
2001-10-25,3.3115631136927597,3.3115631136927597,3.2989635467529297,3.2989635467529297
2001-10-26,3.3136654808026553,3.3136654808026553,3.2905664902196623,3.2968661785125732
2001-10-29,3.2842638409889657,3.2863636016845703,3.2716642754988396,3.2863636016845703
2001-10-30,3.290565747918722,3.2989653971689314,3.27796617391169,3.2947654724121094
2001-10-31,3.2947632452568882,3.3094627717059186,3.2716642754988396,3.2863636016845703
2001-11-01,3.3010668304251825,3.3514647483825684,3.298966867111077,3.3514647483825684
2001-11-02,3.334662123816061,3.3766603469848633,3.334662123816061,3.3766603469848633
2001-11-05,3.370364147667838,3.3913633823394775,3.370364147667838,3.3913633823394775
2001-11-06,3.3808608055114746,3.3913602127709948,3.3640615135802143,3.3808608055114746
2001-11-07,3.380862205473276,3.4123608408216386,3.380862205473276,3.4018614292144775
2001-11-08,3.4018609621856286,3.408160448074341,3.3808617413273323,3.408160448074341
2001-11-09,3.3808612970595697,3.410259962081909,3.3808612970595697,3.410259962081909
2001-11-12,3.39136159769004,3.412360821311176,3.38086218614291,3.4060609340667725
2001-11-13,3.4214686804942755,3.4214686804942755,3.3982510902119896,3.404582977294922
2001-11-14,3.3982493190921037,3.4193565377372397,3.3876955084761806,3.3898062705993652
2001-11-15,3.394031366179214,3.398252894867642,3.3349313735961914,3.3349313735961914
2001-11-16,3.3349292739664262,3.3349292739664262,3.292715020127548,3.3032684326171875
2001-11-19,3.2927112612660405,3.2927112612660405,3.2821576595306396,3.2821576595306396
2001-11-20,3.2927134460272383,3.3032668534717615,3.282159837289371,3.290602684020996
2001-11-21,3.301156763997153,3.301156763997153,3.2610530853271484,3.2610530853271484
2001-11-23,3.265274971674884,3.267385532922875,3.2568321228027344,3.2568321228027344
2001-11-26,3.2716070580056478,3.2716070580056478,3.239946425058435,3.2568321228027344
2001-11-27,3.263162136077881,3.2652728972783205,3.239944366752844,3.263162136077881
2001-11-28,3.2336140031559717,3.271606922149658,3.2336140031559717,3.271606922149658
2001-11-29,3.273714818400961,3.2969325811842745,3.273714818400961,3.2821576595306396
2001-11-30,3.3011571466764753,3.3011571466764753,3.2737178373775713,3.2758285999298096
2001-12-03,3.292715004846355,3.313822031021118,3.2779398651012377,3.313822031021118
2001-12-04,3.313822031021118,3.3222648817497116,3.303268417287017,3.313822031021118
2001-12-05,3.33915173385746,3.33915173385746,3.2779409946589664,3.2969374656677246
2001-12-06,3.2927145806831977,3.2927145806831977,3.271607355934,3.2737181186676025
2001-12-07,3.286383621415442,3.286383621415442,3.2526122091951244,3.2673871517181396
2001-12-10,3.277938312278822,3.3011562917537294,3.2504990100860596,3.2504990100860596
2001-12-11,3.239946290517177,3.271606922149658,3.239946290517177,3.271606922149658
2001-12-12,3.25522393258039,3.306962540462572,3.25522393258039,3.266002655029297
2001-12-13,3.2530691157655744,3.259536392360867,3.244446011774845,3.2552249431610107
2001-12-14,3.250912477374212,3.2595355792137606,3.2293546199798584,3.2293546199798584
2001-12-17,3.2509123630039234,3.2509123630039234,3.207796855323027,3.2250430583953857
2001-12-18,3.225042842187668,3.24660069737835,3.225042842187668,3.233665943145752
2001-12-19,3.244445202392292,3.2466010292499203,3.2293546199798584,3.2293546199798584
2001-12-20,3.240133670067301,3.253068426106701,3.2293547409662957,3.244445323944092
2001-12-21,3.2250411331247237,3.244443151396336,3.2228853076299147,3.2358200550079346
2001-12-24,3.2509125991683057,3.2595357013309147,3.237978048719878,3.244445323944092
2001-12-26,3.2552228878779075,3.2681574329018783,3.250911235809326,3.250911235809326
2001-12-27,3.2660004203443793,3.274623515757924,3.2530658800194687,3.2703120708465576
2001-12-28,3.2832480997495956,3.358700373020208,3.2832480997495956,3.3263638019561768
2001-12-31,3.347921449725362,3.347921449725362,3.3349869035273927,3.3457658290863037
2002-01-02,3.3479204177856445,3.363010991153069,3.337141495549153,3.3479204177856445
2002-01-03,3.3522320689165777,3.3522320689165777,3.3479204177856445,3.3479204177856445
2002-01-04,3.356542455532142,3.363009930188178,3.315582810664465,3.332828998565674
2002-01-07,3.341454813841101,3.3500779148144724,3.3285200595855713,3.3285200595855713
2002-01-08,3.3371421590949795,3.3371421590949795,3.319895962323756,3.330674886703491
2002-01-09,3.337143160558943,3.337143160558943,3.3285200595855713,3.3285200595855713
2002-01-10,3.3328325284679505,3.337143977214248,3.319897771047068,3.3349883556365967
2002-01-11,3.3560171127319336,3.3560171127319336,3.327833687597899,3.3560171127319336
2002-01-14,3.3560171127319336,3.3560171127319336,3.3430094098629497,3.3560171127319336
2002-01-15,3.3668555148991453,3.3755273818969727,3.3668555148991453,3.3755273818969727
2002-01-16,3.3755293211226927,3.390705252152605,3.360353596846517,3.369025468826294
2002-01-17,3.3776962459421638,3.384200096130371,3.371192395753957,3.384200096130371
2002-01-18,3.408047493028812,3.408047493028812,3.3841997005369397,3.388535737991333
2002-01-22,3.403712005770457,3.416719913482666,3.403712005770457,3.416719913482666
2002-01-23,3.4297292654855065,3.434065305728138,3.3820340633392334,3.3820340633392334
2002-01-24,3.3950390572524585,3.4080469608306885,3.3776953236505607,3.4080469608306885
2002-01-25,3.4167215582651695,3.4167215582651695,3.3820340633392334,3.3820340633392334
2002-01-28,3.3993778108022017,3.3993778108022017,3.3733621896077497,3.3820340633392334
2002-01-29,3.3907040445318914,3.401543725580689,3.382032175640655,3.392871856689453
2002-01-30,3.403711534564341,3.403711534564341,3.384199779074053,3.3863677978515625
2002-01-31,3.401543725580689,3.403711744491914,3.3863680067094415,3.392871856689453
2002-02-01,3.401543663611717,3.442735195159912,3.401543663611717,3.442735195159912
2002-02-04,3.442737094481971,3.4947685423403527,3.438401054346367,3.4839284420013428
2002-02-05,3.494765964776141,3.4969335697376795,3.444902573762299,3.464414119720459
2002-02-06,3.4579096665639852,3.4622457027435303,3.447069782868708,3.4622457027435303
2002-02-07,3.464413375444947,3.464413375444947,3.4275581031615707,3.4470696449279785
2002-02-08,3.4514074325561523,3.4665831527719284,3.4514074325561523,3.4514074325561523
2002-02-11,3.464413375444947,3.464413375444947,3.4470696449279785,3.4470696449279785
2002-02-12,3.447069307179908,3.4839247826057163,3.447069307179908,3.479588747024536
2002-02-13,3.459752268589502,3.4728327090042557,3.4357717037200928,3.4357717037200928
2002-02-14,3.444493090601501,3.470653772354126,3.444493090601501,3.470653772354126
2002-02-15,3.4662936292384603,3.4946346282958984,3.4662936292384603,3.4946346282958984
2002-02-19,3.49899541494392,3.49899541494392,3.464114703280586,3.488095283508301
2002-02-20,3.4902733197454943,3.4924534279003123,3.4771928787231445,3.4771928787231445
2002-02-21,3.48155309503278,3.485913103435859,3.46847265401043,3.4771928787231445
2002-02-22,3.488095283508301,3.4924555024078927,3.4771949441660013,3.488095283508301
2002-02-25,3.477191340143096,3.4880916681874745,3.457570791244507,3.457570791244507
2002-02-26,3.4488513224348525,3.4597516528561196,3.444491315010252,3.4553916454315186
2002-02-27,3.4771937286057617,3.4771937286057617,3.4488529393858514,3.4597532749176025
2002-02-28,3.468471875611831,3.468471875611831,3.4510314301004077,3.4553916454315186
2002-03-01,3.4641136538926243,3.48373400927713,3.451033209063003,3.470653772354126
2002-03-04,3.4750126091512588,3.4771927172048085,3.4357717037200928,3.4357717037200928
2002-03-05,3.4401341193413826,3.444494338499783,3.4183336472694585,3.4314138889312744
2002-03-06,3.4270524215239613,3.437952756881714,3.4270524215239613,3.437952756881714
2002-03-07,3.4226936585211662,3.4314138889312744,3.4226936585211662,3.4314138889312744
2002-03-08,3.4292325361237483,3.4292325361237483,3.357290609345391,3.3747310638427734
2002-03-11,3.3747299279651135,3.379090144075192,3.3572894793378945,3.368189811706543
2002-03-12,3.3769106381313083,3.3769106381313083,3.3398496262137645,3.3529300689697266
2002-03-13,3.365865145934527,3.368057732974865,3.3483231949125134,3.352708578109741
2002-03-14,3.354900598526001,3.354900598526001,3.3483224206929303,3.354900598526001
2002-03-15,3.3614787763590717,3.3614787763590717,3.3439368293932143,3.354900598526001
2002-03-18,3.3549037761725393,3.3549037761725393,3.3373618125915527,3.3373618125915527
2002-03-19,3.3549035752808454,3.3549035752808454,3.311048668954412,3.3285906314849854
2002-03-20,3.3263966225575463,3.3263966225575463,3.247457819916115,3.2671923637390137
2002-03-21,3.2891212054699275,3.2891212054699275,3.2452662978870004,3.265001058578491
2002-03-22,3.267193908345775,3.2869286706151417,3.267193908345775,3.2715795040130615
2002-03-25,3.2869271166785246,3.289119913475495,3.264999776058655,3.2671923637390137
2002-03-26,3.2891199687772272,3.2891199687772272,3.2715780123397447,3.273770809173584
2002-03-27,3.278156580356622,3.278156580356622,3.267192804010953,3.27596378326416
2002-03-28,3.275965972970566,3.2781587715287284,3.234303845949381,3.245267629623413
2002-04-01,3.260614182464714,3.2671923637390137,3.245265023119144,3.2671923637390137
2002-04-02,3.2671936932806664,3.289121251940281,3.2671936932806664,3.2781574726104736
2002-04-03,3.289121468448785,3.289121468448785,3.267193908345775,3.2715795040130615
2002-04-04,3.2781561937246466,3.280348990558486,3.2693852155059053,3.273770809173584
2002-04-05,3.28034876890846,3.2978907241606494,3.28034876890846,3.2956979274749756
2002-04-08,3.2956992726871945,3.30008486784862,3.284735493900318,3.291313886642456
2002-04-09,3.2956992726871945,3.30008486784862,3.2891210890617435,3.291313886642456
2002-04-10,3.300085368408924,3.311049148858798,3.28912158795905,3.2978925704956055
2002-04-11,3.275612221446746,3.313110828399658,3.275612221446746,3.313110828399658
2002-04-12,3.3197286144085196,3.3197286144085196,3.3086995737570386,3.3175227642059326
2002-04-15,3.3197286144085196,3.3329632949011336,3.3064937235544516,3.3175227642059326
2002-04-16,3.3042874287764548,3.3153164679440335,3.3042874287764548,3.313110828399658
2002-04-17,3.313110288627516,3.3329623034611555,3.3086985895346688,3.330756664276123
2002-04-18,3.3351688371958845,3.3395805371937635,3.3197283079261766,3.337374687194824
2002-04-19,3.3417887687683105,3.3417887687683105,3.332965572290595,3.3417887687683105
2002-04-22,3.341788130383375,3.3484056842487018,3.308701202502968,3.32414174079895
2002-04-23,3.326343086417146,3.3373721175585183,3.319725751876831,3.319725751876831
2002-04-24,3.3307609632097805,3.3351724576350477,3.3175260592106555,3.3263492584228516
2002-04-25,3.350611965246026,3.350611965246026,3.328554079232536,3.3417887687683105
2002-04-26,3.3417895261446233,3.3462012305641395,3.3329663276672363,3.3329663276672363
2002-04-29,3.3395798521004263,3.3395798521004263,3.3153159278125486,3.330756664276123
2002-04-30,3.348404139448606,3.352815629628674,3.339580948727009,3.35060977935791
2002-05-01,3.3550228692385464,3.3638460636138916,3.3461996748632017,3.3638460636138916
2002-05-02,3.3660509980280815,3.3660509980280815,3.352816104888916,3.352816104888916
2002-05-03,3.3506111668701,3.3638460636138916,3.3417879724947555,3.3638460636138916
2002-05-06,3.368258159738778,3.385904550552368,3.368258159738778,3.385904550552368
2002-05-07,3.385904550552368,3.385904550552368,3.370463800819298,3.385904550552368
2002-05-08,3.385904550552368,3.385904550552368,3.379286996226093,3.385904550552368
2002-05-09,3.38590522818202,3.3925225734710693,3.363847130069704,3.3925225734710693
2002-05-10,3.3925210126353957,3.4079615479931458,3.357228240182528,3.3682572841644287
2002-05-13,3.365813854373971,3.405751067156121,3.3635950733094937,3.3946573734283447
2002-05-14,3.4035364409683075,3.4168487204169544,3.3613803956595696,3.3680367469787598
2002-05-15,3.3813471201877396,3.383565902709961,3.3613785006772425,3.383565902709961
2002-05-16,3.392440821204099,3.3946596037263204,3.3791283376655183,3.383565902709961
2002-05-17,3.405752706336591,3.405752706336591,3.3835653082022983,3.388002872467041
2002-05-20,3.4057511436913344,3.4146260565540736,3.396876230828595,3.4079697132110596
2002-05-21,3.41684740779891,3.4345972479748954,3.4057539163850086,3.4190661907196045
2002-05-22,3.4345978745257026,3.4345978745257026,3.399098187697761,3.4146294593811035
2002-05-23,3.425724416736235,3.4345993422357495,3.416849491236721,3.4212870597839355
2002-05-24,3.4212843779423143,3.427940513950677,3.416846812873573,3.4235031604766846
2002-05-28,3.4412503632276414,3.447906494140625,3.4190629780582467,3.447906494140625
2002-05-29,3.4501261503000626,3.459001064300537,3.434594892103252,3.459001064300537
2002-05-30,3.4678744868251856,3.4723118361196716,3.4612183570861816,3.4612183570861816
2002-05-31,3.4723138225037276,3.476751385931331,3.4523454218635226,3.4745326042175293
2002-06-03,3.4723160577859327,3.487847328186035,3.4723160577859327,3.487847328186035
2002-06-04,3.510031843258061,3.510031843258061,3.485625882124515,3.505594491958618
2002-06-05,3.505598037825031,3.505598037825031,3.496723114654633,3.4989418983459473
2002-06-06,3.5100340780687502,3.5100340780687502,3.490065455520784,3.4945030212402344
2002-06-07,3.505598037825031,3.505598037825031,3.4878481914842347,3.4989418983459473
2002-06-10,3.4967232052885766,3.5033793449401855,3.487848281888143,3.5033793449401855
2002-06-11,3.51225108024943,3.514469861984253,3.49450124956019,3.514469861984253
2002-06-12,3.521835979628829,3.521835979628829,3.508445087265702,3.5151405334472656
2002-06-13,3.510676773467163,3.537458983979126,3.508445099961497,3.5240678787231445
2002-06-14,3.535227036076677,3.5575452606555307,3.5285315899874603,3.5553135871887207
2002-06-17,3.5553164832111266,3.557548158495772,3.5263025760650635,3.5263025760650635
2002-06-18,3.517371892929077,3.5374584413094405,3.5084445617427336,3.517371892929077
2002-06-19,3.541922456382484,3.5441543426774405,3.5240677917116163,3.537458896636963
2002-06-20,3.537458896636963,3.5463862289723966,3.526299678006573,3.537458896636963
2002-06-21,3.537458280555792,3.544153725430195,3.515139847181974,3.532994508743286
2002-06-24,3.537462290988919,3.555316972792145,3.5196076091856923,3.5441577434539795
2002-06-25,3.5553138757807,3.5597774359210295,3.5374592095305606,3.55308198928833
2002-06-26,3.5553113856405125,3.568702269526936,3.5463840587681426,3.5664703845977783
2002-06-27,3.5709354877471924,3.577631145034644,3.548617055811036,3.5709354877471924
2002-06-28,3.575400600486761,3.617805168814831,3.575400600486761,3.602182388305664
2002-07-01,3.6066470654580556,3.6066470654580556,3.5999514039807394,3.60441517829895
2002-07-02,3.6155736811156927,3.6222689151763916,3.5776324605793226,3.6222689151763916
2002-07-03,3.6155735567818583,3.6155735567818583,3.5932551174064,3.6088778972625732
2002-07-05,3.613340665793207,3.6155725516791875,3.599949350477325,3.6111087799072266
2002-07-08,3.61557250208156,3.626731505669679,3.6111087303708325,3.6133406162261963
2002-07-09,3.6200365889793242,3.6200365889793242,3.5709363671785823,3.593254804611206
2002-07-10,3.5977178409273494,3.61557250208156,3.5932540692166217,3.6133406162261963
2002-07-11,3.6387056500197645,3.6409504304879317,3.602790018825287,3.6274821758270264
2002-07-12,3.6252361673029583,3.636460065841675,3.602788798373476,3.636460065841675
2002-07-15,3.63646128675962,3.63646128675962,3.614013910293579,3.614013910293579
2002-07-16,3.63646128675962,3.638705639072939,3.6050347884479246,3.614013910293579
2002-07-17,3.6387056200912586,3.6387056200912586,3.605034769641892,3.6207478046417236
2002-07-18,3.6297269453753795,3.6297269453753795,3.5983008752117787,3.614013910293579
2002-07-19,3.6027921441713957,3.622994752154651,3.5983030087349435,3.6005477905273438
2002-07-22,3.622993488290824,3.622993488290824,3.5736095905303955,3.5736095905303955
2002-07-23,3.5915647922052223,3.5915647922052223,3.5736069853701116,3.5870752334594727
2002-07-24,3.5915690171292693,3.6005481451833203,3.5556533612098478,3.582590103149414
2002-07-25,3.5870765016489354,3.5870765016489354,3.5376926224299776,3.542181968688965
2002-07-26,3.5399385566178836,3.5736094137960697,3.5376937757195805,3.557896375656128
2002-07-29,3.5668773651123047,3.575856279867261,3.5668773651123047,3.5668773651123047
2002-07-30,3.582587550036584,3.600545579272792,3.5691190816279392,3.5803427696228027
2002-07-31,3.602788798373476,3.636460065841675,3.584831202933456,3.636460065841675
2002-08-01,3.643196811300067,3.645441592754297,3.6027916014204933,3.616260290145874
2002-08-02,3.618504056129782,3.6476853505489815,3.6050353711841536,3.631972312927246
2002-08-05,3.6454424147711575,3.658910678385235,3.63197415115708,3.6476871967315674
2002-08-06,3.649931475312391,3.67237886367228,3.6409523487091064,3.6409523487091064
2002-08-07,3.6633980567417908,3.6701323986053467,3.638705898056878,3.6701323986053467
2002-08-08,3.6723777184449355,3.6723777184449355,3.6544198989868164,3.6544198989868164
2002-08-09,3.658910678385235,3.6701345881872838,3.6476871967315674,3.6476871967315674
2002-08-12,3.6476866936615697,3.670134082021459,3.6409523487091064,3.6409523487091064
2002-08-13,3.69581206956131,3.700327089732873,3.6822657171953583,3.686781167984009
2002-08-14,3.7025863147944955,3.7138749463383833,3.686782661250315,3.7003285884857178
2002-08-15,3.7003275365342474,3.7003275365342474,3.684523887482824,3.6980698108673096
2002-08-16,3.69129811386787,3.7003285884857178,3.686782661250315,3.7003285884857178
2002-08-19,3.7003298055051443,3.7003298055051443,3.670980215072632,3.670980215072632
2002-08-20,3.700330647430991,3.7161343097686768,3.682269257528279,3.7161343097686768
2002-08-21,3.716135883553237,3.7251667976379395,3.6958171880980277,3.7251667976379395
2002-08-22,3.7251656442192274,3.7251656442192274,3.6980733409713653,3.7025887966156006
2002-08-23,3.725160386852026,3.725160386852026,3.7025835711113526,3.713872194290161
2002-08-26,3.7025868017832617,3.7229059106175013,3.691298599371937,3.7116177082061768
2002-08-27,3.7161302152338322,3.7161302152338322,3.682265200306843,3.691296100616455
2002-08-28,3.702587758749654,3.7183914184570312,3.693557280610052,3.7183914184570312
2002-08-29,3.7251627235490106,3.747739553451538,3.7229049974970363,3.747739553451538
2002-08-30,3.747738345095503,3.7590265410985886,3.725161522472256,3.736449718475342
2002-09-03,3.7590285859025228,3.768059492111206,3.7432249306546366,3.768059492111206
2002-09-04,3.7770914577272716,3.792895119209544,3.7770914577272716,3.781606912612915
2002-09-05,3.815471963020281,3.815471963020281,3.781606912612915,3.781606912612915
2002-09-06,3.7928929118458545,3.7928929118458545,3.7703165117914663,3.774831533432007
2002-09-09,3.7906392091315477,3.810957902315267,3.78160829605644,3.786123752593994
2002-09-10,3.8109510942002283,3.81546654267111,3.7951474551690088,3.813208818435669
2002-09-11,3.8327394366667664,3.8327394366667664,3.8145748112068794,3.825927972793579
2002-09-12,3.825926646666563,3.825926646666563,3.791868039869384,3.821385383605957
2002-09-13,3.8213863655246274,3.825927629752127,3.791869014203467,3.796409845352173
2002-09-16,3.8123046119683717,3.837280701301446,3.810033979651032,3.825927972793579
2002-09-17,3.848635196685791,3.859987929128104,3.825929298722182,3.848635196685791
2002-09-18,3.848635196685791,3.882693827091713,3.823658665617923,3.848635196685791
2002-09-19,3.8554446697235107,3.8667978293754253,3.8372800473592057,3.8554446697235107
2002-09-20,3.871338660157433,3.8781505559485816,3.8554446697235107,3.8554446697235107
2002-09-23,3.8781551300189467,3.8781551300189467,3.8531785824050306,3.8645317554473877
2002-09-24,3.8736088944410154,3.878150157835596,3.8622561690332775,3.8758795261383057
2002-09-25,3.8781514748211148,3.884963372226245,3.859986848152961,3.862257480621338
2002-09-26,3.9144805625090995,3.9144805625090995,3.882692575454712,3.882692575454712
2002-09-27,3.903125333290193,3.905395964207863,3.8872313499450684,3.8872313499450684
2002-09-30,3.903127060200791,3.903127060200791,3.8872330698234845,3.898585796356201
2002-10-01,3.905397415161133,3.905397415161133,3.887232794149725,3.905397415161133
2002-10-02,3.914480478320251,3.914480478320251,3.8804218596260722,3.8895039558410645
2002-10-03,3.9053960084950146,3.91447809919012,3.8849607630828147,3.9076662063598633
2002-10-04,3.9167500448199135,3.9167500448199135,3.887232698804891,3.8940441608428955
2002-10-07,3.894044571077473,3.914479825501756,3.8917739391326904,3.8917739391326904
2002-10-08,3.9167496326742164,3.9167496326742164,3.878149763898628,3.8963143825531006
2002-10-09,3.90993824560494,3.90993824560494,3.887232794149725,3.905397415161133
2002-10-10,3.9227529961714453,3.9227529961714453,3.858819729992293,3.881653070449829
2002-10-11,3.8862179454425605,3.8862179454425605,3.806301510260625,3.810868263244629
2002-10-14,3.7834680380910144,3.8245679423771874,3.7834680380910144,3.7948849201202393
2002-10-15,3.756072264511597,3.7697721015608097,3.7332389124229315,3.7446553707122803
2002-10-16,3.744651874059157,3.744651874059157,3.7035519657795177,3.7058353424072266
2002-10-17,3.721818308649463,3.721818308649463,3.5619858743725272,3.5779690742492676
2002-10-18,3.6007994999724517,3.6190660616031955,3.5779661890567267,3.6030826568603516
2002-10-21,3.6167871524760504,3.619070529937744,3.5756872291850033,3.619070529937744
2002-10-22,3.6190695034311107,3.6190695034311107,3.5277363906626684,3.5414364337921143
2002-10-23,3.5642676969050435,3.5642676969050435,3.550567878647936,3.5619845390319824
2002-10-24,3.575686656761768,3.6030865286511315,3.5642699890358265,3.5893867015838623
2002-10-25,3.5734031314170136,3.641902917176008,3.548286637665803,3.630486249923706
2002-10-28,3.619069322010488,3.6396190590423196,3.561986211049785,3.596235990524292
2002-10-29,3.605370627851972,3.6304871276756616,3.5962373353929147,3.600804090499878
2002-10-30,3.628202190696016,3.6373354786813676,3.605368861855254,3.6167855262756348
2002-10-31,3.6190705883933294,3.6624538898468018,3.6190705883933294,3.6624538898468018
2002-11-01,3.6647324593274107,3.673865958424244,3.6350494582811166,3.653316020965576
2002-11-04,3.671586810873235,3.671586810873235,3.6122203049207546,3.6578869819641113
2002-11-05,3.6693027879286424,3.6693027879286424,3.6236363366742514,3.630486249923706
2002-11-06,3.630486599293557,3.6533199359954636,3.628203439827236,3.6373367309570312
2002-11-07,3.6601661452882013,3.6624495200624096,3.6441827396233464,3.653316020965576
2002-11-08,3.662450231754388,3.6647331714630127,3.653316730882721,3.6647331714630127
2002-11-11,3.6738709823118163,3.71040415763855,3.6738709823118163,3.71040415763855
2002-11-12,3.710401163132271,3.728667736053467,3.680718145451371,3.728667736053467
2002-11-13,3.743828828613522,3.743828828613522,3.7093765020847056,3.73234486579895
2002-11-14,3.727748921869326,3.741530194876401,3.702484130859375,3.702484130859375
2002-11-15,3.690999746322632,3.7093743389618576,3.6887028674821227,3.690999746322632
2002-11-18,3.6978912930293,3.7070783725677643,3.67951669586742,3.688703775405884
2002-11-19,3.6955953184914,3.697892198459646,3.674923836862245,3.6841113567352295
2002-11-20,3.663440465927124,3.6978930159395267,3.663440465927124,3.663440465927124
2002-11-21,3.6864039556182084,3.6864039556182084,3.6289835495693565,3.6450612545013428
2002-11-22,3.656549214653374,3.656549214653374,3.6175031315827293,3.6289873123168945
2002-11-25,3.6450634914838886,3.6634380852661974,3.635876194592734,3.6496572494506836
2002-11-26,3.651953772223568,3.651953772223568,3.6358760580285385,3.6427664756774902
2002-11-27,3.651955454742696,3.651955454742696,3.6175031315827293,3.6289873123168945
2002-11-29,3.628985597665868,3.628985597665868,3.6060172470498006,3.6266887187957764
2002-12-02,3.6289873123168945,3.6289873123168945,3.6220968914934066,3.6289873123168945
2002-12-03,3.635878130474807,3.6473623124639816,3.631284589104669,3.6381750106811523
2002-12-04,3.651953682203671,3.6978903828441583,3.651953682203671,3.690999746322632
2002-12-05,3.6910015585549076,3.6955953184914,3.6795175967987372,3.6841113567352295
2002-12-06,3.684111302846623,3.702485904238761,3.684111302846623,3.6955952644348145
2002-12-09,3.684110454679128,3.7070783725677643,3.684110454679128,3.688703775405884
2002-12-10,3.711671738366799,3.72085925501739,3.688703384825229,3.707077980041504
2002-12-11,3.7308739614196686,3.7689440668356693,3.7308739614196686,3.7641851902008057
2002-12-12,3.7522862347383734,3.766562402373893,3.7475273609161377,3.7475273609161377
2002-12-13,3.7641834047047933,3.7641834047047933,3.7332514019975918,3.752286672592163
2002-12-16,3.752285826585167,3.752285826585167,3.7356299969346667,3.740388870239258
2002-12-17,3.7118368231791337,3.742768596263513,3.7118368231791337,3.735630512237549
2002-12-18,3.733249455920121,3.733249455920121,3.7118352131308843,3.730870246887207
2002-12-19,3.730874505673705,3.7332537174224854,3.7070805728598204,3.7332537174224854
2002-12-20,3.733252671807376,3.733252671807376,3.6951825715005007,3.7189764976501465
2002-12-23,3.7046970275699143,3.7237320619545433,3.6975589464045555,3.7165939807891846
2002-12-24,3.740387887227725,3.747525968393084,3.714214544762229,3.7165939807891846
2002-12-26,3.7403910869183288,3.757046699523926,3.733252772731042,3.757046699523926
2002-12-27,3.7570435131143465,3.795113582162555,3.749905431896685,3.792734146118164
2002-12-30,3.830807550211053,3.830807550211053,3.8022547483430444,3.8189103603363037
2002-12-31,3.8522194541296746,3.864116182192846,3.8022521978359687,3.8141493797302246
2003-01-02,3.8236682369273405,3.8236682369273405,3.7951156694375627,3.7998745441436768
2003-01-03,3.8236683244710346,3.8236683244710346,3.7974951937350747,3.816530466079712
2003-01-06,3.814152043577083,3.814152043577083,3.8022548533736944,3.8093931674957275
2003-01-07,3.8093915181567013,3.823667686388262,3.7951151230095377,3.8070120811462402
2003-01-08,3.8117725035686085,3.8117725035686085,3.7713229656219482,3.7713229656219482
2003-01-09,3.771320927716835,3.771320927716835,3.735630058094773,3.7594239711761475
2003-01-10,3.7665641230337408,3.7665641230337408,3.7094589725734273,3.7189764976501465
2003-01-13,3.713229398532849,3.734776220423895,3.7108352564742986,3.7228057384490967
2003-01-14,3.732382831182919,3.7347769737243652,3.713230147487348,3.7347769737243652
2003-01-15,3.727593205696176,3.7491400241851807,3.727593205696176,3.7491400241851807
2003-01-16,3.7491376516954364,3.7491376516954364,3.734773267337963,3.7395613193511963
2003-01-17,3.739563685780947,3.7491400241851807,3.727593205696176,3.7491400241851807
2003-01-21,3.7491392349944492,3.761109712559445,3.7395628986060268,3.756321430206299
2003-01-22,3.765899849851938,3.7778703340388824,3.7515354514820003,3.7635059356689453
2003-01-23,3.780263566176029,3.780263566176029,3.756322603567607,3.7658989429473877
2003-01-24,3.7539278959723745,3.7826569080352783,3.7539278959723745,3.7826569080352783
2003-01-27,3.7898408182258274,3.7898408182258274,3.761111793167957,3.7635059356689453
2003-01-28,3.761112928390503,3.7802656175433027,3.7539307270377194,3.761112928390503
2003-01-29,3.7587160723814796,3.782657030702557,3.756321930885792,3.7778687477111816
2003-01-30,3.782659075997104,3.8018117616827176,3.773082733154297,3.773082733154297
2003-01-31,3.789843587299922,3.789843587299922,3.7706908899339644,3.7802672386169434
2003-02-03,3.7898398595198506,3.8185688773102155,3.7778693783610473,3.794628143310547
2003-02-04,3.811387756009545,3.828146297372539,3.7970231288998346,3.8209640979766846
2003-02-05,3.820962830147906,3.8305391689375328,3.8065982078045026,3.8281450271606445
2003-02-06,3.830539787994511,3.8449041843414307,3.8042049091465153,3.8449041843414307
2003-02-07,3.8425092322034846,3.8425092322034846,3.823356783884115,3.840115547180176
2003-02-10,3.840115274779305,3.8592679500579834,3.832932850311376,3.8592679500579834
2003-02-11,3.861662026289508,3.868844451485373,3.8592683411933972,3.866450309753418
2003-02-12,3.870305050057182,3.8847553450445758,3.8558547550697884,3.882347345352173
2003-02-13,3.8654883655497345,3.8775306615725005,3.8510380696890376,3.8558549880981445
2003-02-14,3.8486296104844846,3.863080365711804,3.838996003349583,3.8558549880981445
2003-02-18,3.858262574956923,3.863079492276934,3.8341784477233887,3.8341784477233887
2003-02-19,3.841403203591388,3.8799378491851484,3.831769599613757,3.8654870986938477
2003-02-20,3.8678948586739494,3.8919789791107178,3.865486400693634,3.8919789791107178
2003-02-21,3.8775334262188177,3.9184763431549072,3.8775334262188177,3.9184763431549072
2003-02-24,3.918473558936763,3.949782609939575,3.918473558936763,3.949782609939575
2003-02-25,3.9256969207903207,3.932922295557093,3.8943878822005247,3.9160635471343994
2003-02-26,3.9401487321629465,3.961824402938244,3.877530178741705,3.908839225769043
2003-02-27,3.9329236866529893,3.9449655228237623,3.91365647315979,3.91365647315979
2003-02-28,3.937738541031076,3.9473719130453566,3.9184713376361513,3.9449634552001953
2003-03-03,3.9449644345486896,3.949781351434825,3.932922601699829,3.932922601699829
2003-03-04,3.9521893922670572,3.9618232250213623,3.9377391025020287,3.9618232250213623
2003-03-05,3.944963236989221,3.9714558124542236,3.944963236989221,3.9714558124542236
2003-03-06,3.973867087830398,3.973867087830398,3.9353326558492543,3.969050168991089
2003-03-07,3.97386624187462,4.019626042373391,3.97386624187462,3.988316535949707
2003-03-10,3.995537822629017,4.031663750519629,3.995537822629017,4.024438381195068
2003-03-11,4.024441983920561,4.041301194103757,4.009991691701473,4.012400150299072
2003-03-12,4.033231819417878,4.033231819417878,3.9896292383384213,4.03080940246582
2003-03-13,4.0211202129455685,4.0211202129455685,3.9896292544702767,3.996896505355835
2003-03-14,4.006584333652413,4.006584333652413,3.9750933896356204,4.001739501953125
2003-03-17,3.9775177733968494,3.996896647753289,3.972672939300537,3.972672939300537
2003-03-18,3.9823616387947256,3.9847840552536353,3.9581379362343223,3.9799392223358154
2003-03-19,3.9775177733968494,3.984785024541318,3.953294064944098,3.972672939300537
2003-03-20,3.9847840552536353,3.9944732590605785,3.9605603526932325,3.9799392223358154
2003-03-21,3.979938702096064,3.979938702096064,3.9242245169099337,3.9266464710235596
2003-03-24,3.9508720531442334,3.972673346785028,3.916959135049156,3.9678285121917725
2003-03-25,3.9678281052042252,3.984785024541318,3.95813889904041,3.972672939300537
2003-03-26,3.972674492235884,4.009009838104248,3.9605628642894266,4.009009838104248
2003-03-27,4.016277704468806,4.018700122833252,3.9799423530602334,4.018700122833252
2003-03-28,4.018700037284046,4.021122455596924,4.013855200658289,4.021122455596924
2003-03-31,4.030811138031064,4.042923228006512,3.9944757921627003,4.009009838104248
2003-04-01,4.0211205146838696,4.062300682067871,3.994474388132802,4.062300682067871
2003-04-02,4.057458143474668,4.064725399017334,4.057458143474668,4.064725399017334
2003-04-03,4.04049908301429,4.062300373622761,4.04049908301429,4.057455539703369
2003-04-04,4.059879351117905,4.059879351117905,4.033233217437841,4.045345306396484
2003-04-07,4.059875724320833,4.059875724320833,3.996894304085754,4.025962829589844
2003-04-08,4.001743046147969,4.030811138031064,4.001743046147969,4.009009838104248
2003-04-09,4.03080788867571,4.064721251239394,3.9993174041829516,4.033230304718018
2003-04-10,4.057455847780617,4.062300682067871,4.025965348971123,4.062300682067871
2003-04-11,4.0881266593933105,4.090563024150102,4.058890747000884,4.0881266593933105
2003-04-14,4.0808150376990255,4.0808150376990255,4.058888233157183,4.061324596405029
2003-04-15,4.078379762775529,4.078379762775529,4.0296538788823195,4.071070671081543
2003-04-16,4.0345249366728995,4.0783785443577285,4.0345249366728995,4.068633556365967
2003-04-17,4.0759430646872685,4.090561246876683,4.061325347186715,4.08081579208374
2003-04-21,4.058890747000884,4.090563024150102,4.056454382244093,4.0881266593933105
2003-04-22,4.092996539484284,4.105178356170654,4.063761108814581,4.105178356170654
2003-04-23,4.0929966711209795,4.114923477172852,4.07350622848474,4.114923477172852
2003-04-24,4.114923894564156,4.117360258226916,4.09786981361369,4.11005163192749
2003-04-25,4.110051631940108,4.129542076553393,4.07350664168745,4.127105712890625
2003-04-28,4.117361205344527,4.1222339337909215,4.075943942928093,4.092998027801514
2003-04-29,4.093000275265229,4.100309371948242,4.068637549033621,4.100309371948242
2003-04-30,4.100307120471106,4.117361205344527,4.092998027801514,4.092998027801514
2003-05-01,4.11248711375722,4.124668930835375,4.097869397952242,4.114923477172852
2003-05-02,4.102742267048845,4.12223271036093,4.102742267048845,4.107614994049072
2003-05-05,4.100307459280142,4.136851996269861,4.100307459280142,4.117361545562744
2003-05-06,4.110054834192258,4.131981194862863,4.093000275265229,4.100309371948242
2003-05-07,4.105182632232111,4.141727190979369,4.105182632232111,4.122236728668213
2003-05-08,4.11736012830123,4.166086470641132,4.11736012830123,4.151468753814697
2003-05-09,4.136850157018428,4.180703767784293,4.136850157018428,4.156340599060059
2003-05-12,4.156343325225966,4.17583378005148,4.144161965218431,4.163652420043945
2003-05-13,4.160220845673872,4.165121100300174,4.147970676422119,4.147970676422119
2003-05-14,4.160220347614406,4.165120601654053,4.145520052809415,4.165120601654053
2003-05-15,4.155320167541504,4.1602204216683765,4.1357196183479665,4.155320167541504
2003-05-16,4.15532059104757,4.165121100300174,4.147970676422119,4.147970676422119
2003-05-19,4.147974277600753,4.184725284576416,4.147974277600753,4.184725284576416
2003-05-20,4.177373665946329,4.189624309539795,4.177373665946329,4.189624309539795
2003-05-21,4.1896230860033175,4.236174583435059,4.1896230860033175,4.236174583435059
2003-05-22,4.214122612874279,4.233723163604736,4.214122612874279,4.233723163604736
2003-05-23,4.233723439797829,4.236173567213222,4.211672760373307,4.228823184967041
2003-05-27,4.228822550449675,4.263123394490444,4.228822550449675,4.248423099517822
2003-05-28,4.236172374056198,4.258222579956055,4.236172374056198,4.258222579956055
2003-05-29,4.2484232595182085,4.287624359130859,4.2484232595182085,4.287624359130859
2003-05-30,4.290074985988367,4.299875028376076,4.253324009234918,4.270474433898926
2003-06-02,4.258226846136738,4.287627928982364,4.243526538371104,4.2753777503967285
2003-06-03,4.245973132378172,4.302324654657111,4.245973132378172,4.287624359130859
2003-06-04,4.272926272291366,4.348878383636475,4.272926272291366,4.348878383636475
2003-06-05,4.324373365867868,4.356224536895752,4.321923239841587,4.356224536895752
2003-06-06,4.29497737677449,4.334178500448483,4.29497737677449,4.299877166748047
2003-06-09,4.285172852929135,4.3170240281852434,4.285172852929135,4.312123775482178
2003-06-10,4.302324157505878,4.324374831904194,4.299874030648963,4.304774284362793
2003-06-11,4.335815141887454,4.348132610321045,4.333351554224476,4.348132610321045
2003-06-12,4.348131783889943,4.404792879725207,4.348131783889943,4.380157947540283
2003-06-13,4.409721416579718,4.422039356359247,4.382622888827467,4.399867534637451
2003-06-16,4.3974018400838055,4.3974018400838055,4.3505946311075405,4.387547492980957
2003-06-17,4.372767163030953,4.3900118034224755,4.367839988667315,4.385084629058838
2003-06-18,4.36044865075162,4.385083576896455,4.340740427907093,4.343203544616699
2003-06-19,4.338279518275729,4.338279518275729,4.254519402031575,4.26930046081543
2003-06-20,4.212635591462083,4.259442784111931,4.158437641063007,4.188000202178955
2003-06-23,4.202784257337036,4.217565783420288,4.173222144933143,4.215102195739746
2003-06-24,4.2052465945084245,4.2323455810546875,4.195392716597797,4.2323455810546875
2003-06-25,4.224957695376946,4.284082412719727,4.22003051812801,4.284082412719727
2003-06-26,4.259450406388794,4.276695068781978,4.232351382695613,4.264377117156982
2003-06-27,4.276693013721173,4.279156602862355,4.242203235626221,4.242203235626221
2003-06-30,4.239735872017366,4.24712663286121,4.2052465945084245,4.2323455810546875
2003-07-01,4.247128085654362,4.271763493679583,4.222492677629139,4.227419853210449
2003-07-02,4.217565162072494,4.254518032073975,4.217565162072494,4.254518032073975
2003-07-03,4.2643758245053585,4.308719497149915,4.2643758245053585,4.286547660827637
2003-07-07,4.261910896121824,4.311181732445235,4.254520599590376,4.266838073730469
2003-07-08,4.254517762748083,4.276689577321665,4.254517762748083,4.261908054351807
2003-07-09,4.261910483044031,4.269301248740662,4.249593010097787,4.25205659866333
2003-07-10,4.249594030010133,4.249594030010133,4.232349375794045,4.237276554107666
2003-07-11,4.238761065213778,4.238761065213778,4.189213700122048,4.20407772064209
2003-07-14,4.2115095093984465,4.231328358777223,4.199122905731201,4.199122905731201
2003-07-15,4.226370660994162,4.226370660994162,4.171868980307917,4.194165229797363
2003-07-16,4.161964517049467,4.186738210994065,4.132236462331078,4.137191295623779
2003-07-17,4.137189987133764,4.149576593929034,4.100029221710436,4.102506637573242
2003-07-18,4.100028139704747,4.100028139704747,4.020752743090938,4.070300102233887
2003-07-21,4.067822521902426,4.082686540034491,4.04552625844502,4.048003673553467
2003-07-22,4.043050656504428,4.072779178619385,4.038095824065463,4.072779178619385
2003-07-23,4.055435918098538,4.147097914500356,4.055435918098538,4.119846820831299
2003-07-24,4.100028038024902,4.117369944057904,4.097551095395955,4.100028038024902
2003-07-25,4.0975518552685655,4.112415876391837,4.082687361626581,4.087642192840576
2003-07-28,4.077731875342284,4.090118951387339,4.020752743090938,4.070300102233887
2003-07-29,4.062868574442057,4.062868574442057,3.9885479951151703,4.000934600830078
2003-07-30,4.0157952308654785,4.028182298638267,4.000931222056453,4.0157952308654785
2003-07-31,4.018272073959581,4.0257043135681245,3.9266101480454827,3.958815574645996
2003-08-01,3.9266130179218157,3.968728128114741,3.914226179113432,3.948909044265747
2003-08-04,3.946430234595274,3.951384826315495,3.896882899837852,3.93652081489563
2003-08-05,3.9365223245693453,3.9365223245693453,3.8894523857501047,3.9117486476898193
2003-08-06,3.9018390974127204,3.9612956364805907,3.8968842676940887,3.9513862133026123
2003-08-07,3.9390004887596333,3.976160777116868,3.934045893899699,3.9736838340759277
2003-08-08,3.963773684101696,4.003411383141222,3.9563416745966156,3.9761602878570557
2003-08-11,3.9736826900628697,4.035616643667202,3.966250445523666,4.033139228820801
2003-08-12,4.03561969434462,4.045528888702393,4.033142277625446,4.045528888702393
2003-08-13,4.024592876434326,4.039544791538059,4.019608746295479,4.024592876434326
2003-08-14,4.027087832001041,4.027087832001041,3.9498356606513427,3.9523274898529053
2003-08-15,3.9498310573408397,3.972258919955924,3.947338993387064,3.9697670936584473
2003-08-18,3.97226069381375,3.977244823947021,3.9498328211832465,3.9622926712036133
2003-08-19,3.957310247925861,3.9872143268585205,3.957310247925861,3.9872143268585205
2003-08-20,3.984725275618979,4.029581546783447,3.984725275618979,4.029581546783447
2003-08-21,4.01712168271036,4.029581546783447,4.007153411201213,4.029581546783447
2003-08-22,4.029577072949808,4.032069138060282,3.9971811771392822,3.9971811771392822
2003-08-25,3.9996709104785593,4.024591074703718,3.9697670936584473,3.9697670936584473
2003-08-26,3.9697670936584473,3.9747509839096997,3.957307011545868,3.9697670936584473
2003-08-27,3.957309457018276,3.967277481336954,3.942357301712036,3.942357301712036
2003-08-28,3.9573067985493036,3.999670695201817,3.949830844746659,3.9797348976135254
2003-08-29,3.9946896935380436,4.004657480118137,3.9797375383550144,3.9897055625915527
2003-09-02,3.984719651570336,4.024591730704625,3.984719651570336,3.9921958446502686
2003-09-03,3.989705124219124,4.009641170501709,3.989705124219124,4.009641170501709
2003-09-04,4.00465576938344,4.04203578488811,4.00465576938344,4.027083873748779
2003-09-05,4.022101438678092,4.056989879778646,4.022101438678092,4.042037487030029
2003-09-08,4.056992181648878,4.076928241312205,4.049515981032698,4.064467906951904
2003-09-09,4.069453958999177,4.086897960013386,4.069453958999177,4.074438095092773
2003-09-10,4.0569920281473015,4.0569920281473015,4.0270877021272025,4.037055969238281
2003-09-11,4.036055184060557,4.063630390580793,4.028534412384033,4.028534412384033
2003-09-12,4.0335443751572795,4.073654162505624,4.026023610724573,4.06112003326416
2003-09-15,4.061117957366137,4.0761590003967285,4.061117957366137,4.0761590003967285
2003-09-16,4.083684734397146,4.10875301059608,4.073657041400197,4.09872579574585
2003-09-17,4.098723123396962,4.098723123396962,4.06362669893707,4.096216201782227
2003-09-18,4.091203104836705,4.096216948980761,4.073655128479004,4.073655128479004
2003-09-19,4.088694760708172,4.096215524308519,4.086187839508057,4.086187839508057
2003-09-22,4.0460755509322155,4.073651188910029,4.0460755509322155,4.056103229522705
2003-09-23,4.071147241028055,4.071147241028055,4.053599268831452,4.06112003326416
2003-09-24,4.0736553089498235,4.0736553089498235,4.058614253997803,4.058614253997803
2003-09-25,4.0611191817136545,4.066132545471191,4.046077656002202,4.066132545471191
2003-09-26,4.086188604453628,4.088695526123047,4.05109265737461,4.088695526123047
2003-09-29,4.096217821959327,4.098724744565625,4.08869705414043,4.093710899353027
2003-09-30,4.09872579574585,4.116273780343791,4.093711949247376,4.09872579574585
2003-10-01,4.106244759738557,4.1187793719321215,4.093710625691557,4.116272449493408
2003-10-02,4.103736701352884,4.118777751922607,4.098722858447517,4.118777751922607
2003-10-03,4.098724652462242,4.108751864515517,4.098724652462242,4.101231575012207
2003-10-06,4.1012297799002,4.121284673375291,4.1012297799002,4.118777751922607
2003-10-07,4.111257275188168,4.126298326810165,4.111257275188168,4.1212849617004395
2003-10-08,4.12629442656671,4.136322103600651,4.121281066195698,4.128801345825195
2003-10-09,4.131312568258526,4.141340255737305,4.128805646388831,4.141340255737305
2003-10-10,4.130245028557195,4.163025022012636,4.130245028557195,4.137809753417969
2003-10-13,4.150415771780419,4.157980494134215,4.135286808013916,4.135286808013916
2003-10-14,4.132766246795654,4.135287821531599,4.122680428793081,4.132766246795654
2003-10-15,4.132767916651751,4.132767916651751,4.117638943064386,4.122682094573975
2003-10-16,4.117637574253365,4.125202299003034,4.117637574253365,4.120159149169922
2003-10-17,4.120156823584829,4.120156823584829,4.115113676598275,4.117635250091553
2003-10-20,4.115121111966352,4.130250099320715,4.115121111966352,4.125207424163818
2003-10-21,4.1251999705713835,4.135285783603523,4.115113676598275,4.117635250091553
2003-10-22,4.117637574253365,4.135288117728019,4.117637574253365,4.120159149169922
2003-10-23,4.135287764162356,4.16806775433367,4.135287764162356,4.155459880828857
2003-10-24,4.142852488265244,4.155459880828857,4.142852488265244,4.155459880828857
2003-10-27,4.147894806526983,4.170588493347168,4.147894806526983,4.170588493347168
2003-10-28,4.170589984063063,4.1731110782187875,4.163025258772068,4.1680684089660645
2003-10-29,4.168070479258099,4.200850009918213,4.155462597510738,4.200850009918213
2003-10-30,4.200849716924125,4.200849716924125,4.193284988403321,4.19328498840332
2003-10-31,4.18319619181696,4.208411454691997,4.180674617435343,4.198325157165527
2003-11-03,4.205887148207985,4.215972958241675,4.205887148207985,4.213451385498047
2003-11-04,4.213455854504982,4.221020580759405,4.200848458355614,4.2058916091918945
2003-11-05,4.210930217437788,4.210930217437788,4.193279208552036,4.19580078125
2003-11-06,4.210930217437788,4.210930217437788,4.185714971398958,4.19580078125
2003-11-07,4.205892152750658,4.205892152750658,4.18319845199585,4.18319845199585
2003-11-10,4.1857200277398725,4.1857200277398725,4.180676876251827,4.18319845199585
2003-11-11,4.190760253833114,4.190760253833114,4.1857171058654785,4.1857171058654785
2003-11-12,4.192310730481535,4.210063934326172,4.184702007231609,4.210063934326172
2003-11-13,4.217675739499579,4.220211982727051,4.199922520646207,4.220211982727051
2003-11-14,4.220208414920882,4.222744656004191,4.192310730481535,4.210063934326172
2003-11-17,4.21006686536812,4.235428810119629,4.21006686536812,4.235428810119629
2003-11-18,4.235427637655169,4.235427637655169,4.2202101847734905,4.225282669067383
2003-11-19,4.2252808970875,4.232889620337426,4.204991452159554,4.210063934326172
2003-11-20,4.227822198320729,4.235430930677313,4.222749710083008,4.222749710083008
2003-11-21,4.222748409832222,4.273472309112549,4.222748409832222,4.273472309112549
2003-11-24,4.298832032795476,4.311512759179935,4.258253127878761,4.281078338623047
2003-11-25,4.281079807472703,4.281079807472703,4.2607903480529785,4.2607903480529785
2003-11-26,4.2836135349989855,4.2836135349989855,4.255715847015381,4.255715847015381
2003-11-28,4.265857334134997,4.27092981338501,4.265857334134997,4.27092981338501
2003-12-01,4.2836105277717955,4.2836105277717955,4.253176619748212,4.27092981338501
2003-12-02,4.258250356353636,4.276003555232513,4.255714115979741,4.263322353363037
2003-12-03,4.263323894981476,4.270932618854477,4.263323894981476,4.268396377563477
2003-12-04,4.2861530420631535,4.2962980154148,4.265863579098814,4.273472309112549
2003-12-05,4.288686612905851,4.303903579711914,4.273469646099788,4.303903579711914
2003-12-08,4.311513954873321,4.316586440329316,4.278543766887025,4.314050197601318
2003-12-09,4.352093589198298,4.352093589198298,4.324195398325579,4.347021102905273
2003-12-10,4.35209384523705,4.35209384523705,4.321659893166271,4.33687686920166
2003-12-11,4.33998913365905,4.371118981390851,4.332207042820208,4.352960109710693
2003-12-12,4.368523044113365,4.368523044113365,4.355552568026195,4.363334655761719
2003-12-15,4.371119022369385,4.384089503750481,4.35814804619614,4.371119022369385
2003-12-16,4.378896535155254,4.378896535155254,4.345173021946969,4.368520259857178
2003-12-17,4.365926067334751,4.376302837424459,4.365926067334751,4.368520259857178
2003-12-18,4.386682186669896,4.386682186669896,4.365929126739502,4.365929126739502
2003-12-19,4.399652384639353,4.404840772990999,4.363334655761719,4.363334655761719
2003-12-22,4.38408946265035,4.38408946265035,4.352960109710693,4.352960109710693
2003-12-23,4.37111877960262,4.37630716978376,4.355554103851318,4.355554103851318
2003-12-24,4.347771368615593,4.355553953618865,4.345177173614502,4.345177173614502
2003-12-26,4.345175293326222,4.347769487204727,4.329610624847081,4.332204818725586
2003-12-29,4.345178899622565,4.345178899622565,4.311455340796793,4.316643238067627
2003-12-30,4.3451796640412645,4.3451796640412645,4.269949450267965,4.288108825683594
2003-12-31,4.314045783110362,4.324422559397783,4.298481113471155,4.321828365325928
2004-01-02,4.339989825570178,4.339989825570178,4.316642559747181,4.319236755371094
2004-01-05,4.332206059452085,4.40743572430665,4.316640891723252,4.397059440612793
2004-01-06,4.394464387667334,4.402246475219727,4.376305523655839,4.402246475219727
2004-01-07,4.410026096806183,4.461908954685249,4.378896283120422,4.441155910491943
2004-01-08,4.448943225656653,4.4748846851084725,4.394466606120798,4.423001766204834
2004-01-09,4.467097101751239,4.472285486796093,4.363331874812324,4.368520259857178
2004-01-12,4.368524282430981,4.3814947621948095,4.3348002433776855,4.3348002433776855
2004-01-13,4.357240272365046,4.357240272365046,4.32593054388972,4.341585159301758
2004-01-14,4.3520195373207375,4.359846591949463,4.331146562225833,4.359846591949463
2004-01-15,4.370284966321168,4.380721706605838,4.349411983402994,4.36767578125
2004-01-16,4.383327960968018,4.398983062705332,4.362454989635823,4.383327960968018
2004-01-20,4.396375881297439,4.41724886213569,4.388548326863925,4.404202938079834
2004-01-21,4.404200831360449,4.419855932738965,4.404200831360449,4.414637565612793
2004-01-22,4.422465255117153,4.425073941111242,4.409419336892229,4.419856071472168
2004-01-23,4.422466890150191,4.435512315547251,4.398984726314619,4.409420967102051
2004-01-26,4.414638153377245,4.417247337287718,4.388546811923468,4.40159273147583
2004-01-27,4.404202985560704,4.404202985560704,4.385939189336725,4.388548374176025
2004-01-28,4.3963711824523255,4.40680741289164,4.359843131788258,4.372889041900635
2004-01-29,4.378110880602112,4.380720064695348,4.357237905507208,4.359846591949463
2004-01-30,4.367670677855684,4.383325272339949,4.357234447416369,4.372889041900635
2004-02-02,4.409419198486622,4.435510536466601,4.409419198486622,4.414637565612793
2004-02-03,4.432901492046196,4.43551067569118,4.40420096960226,4.419856071472168
2004-02-04,4.430295125790401,4.443341052311713,4.417249696920301,4.435513496398926
2004-02-05,4.440726473872753,4.440726473872753,4.3963713728707114,4.4302897453308105
2004-02-06,4.4407292795267885,4.448556333227773,4.432901728174882,4.445947647094727
2004-02-09,4.435514663439418,4.461606025695801,4.435514663439418,4.461606025695801
2004-02-10,4.4616020031244865,4.4616020031244865,4.4459473989453535,4.453774452209473
2004-02-11,4.473718340609109,4.473718340609109,4.465847015380859,4.465847015380859
2004-02-12,4.478964405778599,4.481588346611179,4.460597320416078,4.468469142913818
2004-02-13,4.47896354463993,4.47896354463993,4.460596462808718,4.471092224121094
2004-02-17,4.486837677519156,4.4894616191992665,4.465846644543978,4.4815897941589355
2004-02-18,4.486838353565816,4.489462295641284,4.46584731742785,4.473718643188477
2004-02-19,4.494709761888852,4.5104534146308515,4.463223457336426,4.463223457336426
2004-02-20,4.468465801836199,4.468465801836199,4.450098229741595,4.45534610748291
2004-02-23,4.460599131584863,4.473718340609109,4.460599131584863,4.465847015380859
2004-02-24,4.484211425296118,4.5052024474554235,4.471092224121094,4.471092224121094
2004-02-25,4.463223073482861,4.4815901663031035,4.447479922560617,4.465847015380859
2004-02-26,4.499955431973699,4.499955431973699,4.468469142913818,4.468469142913818
2004-02-27,4.468471073001732,4.505205259593545,4.468471073001732,4.494709491729736
2004-03-01,4.497336476280649,4.5209514694847215,4.478969370558837,4.486841201782227
2004-03-02,4.499957375661641,4.5104531435254485,4.494709491729736,4.494709491729736
2004-03-03,4.4999568854540035,4.4999568854540035,4.468470586224089,4.4815897941589355
2004-03-04,4.489461898803711,4.489461898803711,4.473718247742533,4.489461898803711
2004-03-05,4.536692624926614,4.578674700652939,4.526196855762123,4.576050758361816
2004-03-08,4.555052762330412,4.657383853037056,4.555052762330412,4.618025779724121
2004-03-09,4.604909206741598,4.610157086861188,4.591790006908019,4.599661827087402
2004-03-10,4.6075331468013925,4.6075331468013925,4.576046867014644,4.599661827087402
2004-03-11,4.598872735328443,4.60414981842041,4.590957110690491,4.60414981842041
2004-03-12,4.604147100409186,4.609423677135839,4.583039283752441,4.583039283752441
2004-03-15,4.577765911063359,4.596235202689046,4.577765911063359,4.590958118438721
2004-03-16,4.593592940455791,4.604147100409186,4.564569503834,4.583039283752441
2004-03-17,4.590955606658437,4.590955606658437,4.559294124979858,4.567209243774414
2004-03-18,4.580403206878095,4.60414957629281,4.556656837463379,4.556656837463379
2004-03-19,4.564571603891041,4.6067872566270065,4.564571603891041,4.580402851104736
2004-03-22,4.596234957410807,4.596234957410807,4.567211498833306,4.575127124786377
2004-03-23,4.5856733322143555,4.596227482988539,4.56192749947166,4.5856733322143555
2004-03-24,4.583041168127763,4.593594829170384,4.564571380615234,4.564571380615234
2004-03-25,4.564573230905998,4.588319606940517,4.564573230905998,4.577765941619873
2004-03-26,4.588319576313558,4.61206595218957,4.583042995313685,4.590958118438721
2004-03-29,4.598870020432488,4.598870020432488,4.583039283752441,4.583039283752441
2004-03-30,4.585677900260334,4.588316440582275,4.567208621256858,4.588316440582275
2004-03-31,4.590956512663589,4.593595053865871,4.575125768700171,4.580402851104736
2004-04-01,4.56985028468787,4.590958118438721,4.56985028468787,4.590958118438721
2004-04-02,4.564571668895893,4.564571668895893,4.4590325355529785,4.4590325355529785
2004-04-05,4.432647128177072,4.432647128177072,4.2743386975816415,4.287530899047852
2004-04-06,4.247952807339717,4.247952807339717,4.195183007198807,4.224206447601318
2004-04-07,4.200458920700876,4.292805793662416,4.200458920700876,4.284890174865723
2004-04-08,4.290168762207031,4.305999502115503,4.2769760595748485,4.290168762207031
2004-04-12,4.30864337158518,4.30864337158518,4.197827048667618,4.211019515991211
2004-04-13,4.046756082945347,4.1316715394417765,4.046756082945347,4.099828243255615
2004-04-14,4.060023486972542,4.110441967315977,4.044101715087891,4.044101715087891
2004-04-15,4.04675501474805,4.073291214432596,4.0308332443237305,4.0308332443237305
2004-04-16,4.030834201089038,4.115749908394543,4.030834201089038,4.113096237182617
2004-04-19,4.139633073381416,4.139633073381416,4.083907234787388,4.089214324951172
2004-04-20,4.089215410448856,4.105137191302812,4.022875120848925,4.038796901702881
2004-04-21,4.025529979968484,4.025529979968484,3.9936866619407043,4.012261867523193
2004-04-22,4.012257472005977,4.030832657238938,4.012257472005977,4.0255255699157715
2004-04-23,4.022872031312864,4.033486459374326,3.972453561287903,3.9830679893493652
2004-04-26,3.980418052594499,3.988378817840602,3.929999535278294,3.9591891765594482
2004-04-27,3.932650551040416,3.953879414098739,3.916729030280679,3.951225996017456
2004-04-28,3.95918782455045,3.95918782455045,3.9061156525862506,3.9379589557647705
2004-04-29,3.9512280538479136,3.9512280538479136,3.9008092880249023,3.9008092880249023
2004-04-30,3.9220367587104703,3.927344101874027,3.879579025674219,3.908768653869629
2004-05-03,3.9087694496824184,3.9087694496824184,3.874272724368081,3.887540578842163
2004-05-04,3.8875387671482793,3.9220357294542403,3.853042057910303,3.911421298980713
2004-05-05,3.927344498932975,3.9299981707830427,3.8503897867575487,3.8663113117218018
2004-05-06,3.8636546481370386,3.8636546481370386,3.8238503630189795,3.8344647884368896
2004-05-07,3.807930696681581,3.8132377854283246,3.717707910375059,3.744243860244751
2004-05-10,3.7230150918160225,3.7389368645886414,3.6885181283653434,3.730976104736328
2004-05-11,3.733630954067609,3.794664144515991,3.73097753514488,3.794664144515991
2004-05-12,3.8189659119696104,3.8189659119696104,3.7628831863403325,3.762883186340332
2004-05-13,3.7548688046306773,3.8082808261334633,3.7548688046306773,3.7869160175323486
2004-05-14,3.7869184122221276,3.8723777006674864,3.7869184122221276,3.8616952896118164
2004-05-17,3.848345614238172,3.87238112403414,3.8403338625358474,3.8510162830352783
2004-05-18,3.845671653747558,3.8563540651034045,3.8189657527023306,3.8456716537475586
2004-05-19,3.8590256438388755,3.8590256438388755,3.8136253211722786,3.832319736480713
2004-05-20,3.8376608160768106,3.8430021503617455,3.8162959883147463,3.832319736480713
2004-05-21,3.82965087890625,3.877721891429595,3.82965087890625,3.82965087890625
2004-05-24,3.829646066017034,3.877717018127442,3.829646066017034,3.8777170181274414
2004-05-25,3.888403887466115,3.917780472652711,3.8697094653574364,3.9070980548858643
2004-05-26,3.8990863052329616,3.9364746400724604,3.8990863052329616,3.9070980548858643
2004-05-27,3.9257922223056134,3.9391453081864043,3.9044273867719204,3.9070980548858643
2004-05-28,3.9204480959883994,3.9204480959883994,3.875047792066778,3.8964126110076904
2004-06-01,3.899085326739262,3.915108822023896,3.8670378267922625,3.8937439918518066
2004-06-02,3.8670397864399275,3.8670397864399275,3.82698077323931,3.8510162830352783
2004-06-03,3.8376598358154297,3.8536835798884184,3.834989169355136,3.8376598358154297
2004-06-04,3.83498804162203,3.843000038646868,3.818964556949748,3.8269762992858887
2004-06-07,3.824306758202734,3.8456715805075383,3.8216363464312124,3.8376598358154297
2004-06-08,3.824305917150739,3.8590238094329834,3.824305917150739,3.8590238094329834
2004-06-09,3.8456700078561026,3.8563524146400328,3.834987601072173,3.8403289318084717
2004-06-10,3.8323187575836144,3.840330502275723,3.8216363464312124,3.8376598358154297
2004-06-14,3.8411519527435307,3.843838134434789,3.8411519527435307,3.8411519527435303
2004-06-15,3.841152507896766,3.8545831621257762,3.8250356715882696,3.835780143737793
2004-06-16,3.8223470646490343,3.8438362514839732,3.8196611404418945,3.8196611404418945
2004-06-17,3.8196621479696575,3.827720435053164,3.782056381299414,3.8062314987182617
2004-06-18,3.7874309399724297,3.81697818052664,3.7874309399724297,3.7928030490875244
2004-06-21,3.7874303246223056,3.8035469055175777,3.784744142416949,3.803546905517578
2004-06-22,3.7874317169189453,3.7901176439432405,3.7793731673404736,3.7874317169189453
2004-06-23,3.7793718761323944,3.814291477203369,3.7766859500257355,3.814291477203369
2004-06-24,3.816974960066495,3.8250332450244344,3.798172209775216,3.8196611404418945
2004-06-25,3.803547004271411,3.827722132410427,3.803547004271411,3.814291477203369
2004-06-28,3.814291477203369,3.814291477203369,3.787430422957694,3.814291477203369
2004-06-29,3.814288779691095,3.8196611404418945,3.7874277444418767,3.8196611404418945
2004-06-30,3.819661954630126,3.825034060357768,3.806231306058548,3.82234787940979
2004-07-01,3.8357799656360116,3.8545829831509386,3.827721675940135,3.8304078578948975
2004-07-02,3.889500141143799,3.89755868248572,3.8492084591072597,3.889500141143799
2004-07-06,3.889501848891313,3.9029325008565223,3.876071453094483,3.8760714530944824
2004-07-07,3.87070047501591,3.902933897566488,3.87070047501591,3.89756178855896
2004-07-08,3.8841280364174513,3.9056169676593746,3.8841280364174513,3.889500141143799
2004-07-09,3.894875483688833,3.9297950877310863,3.894875483688833,3.9163644313812256
2004-07-12,3.910993794005418,3.951285522045802,3.910993794005418,3.948599338531494
2004-07-13,3.9602107126726014,3.9791202313773795,3.9385997605463205,3.9575092792510986
2004-07-14,3.965615663280324,3.965615663280324,3.946705877016376,3.962914228439331
2004-07-15,3.9359018480400976,3.9683183052281077,3.9359018480400976,3.949408769607544
2004-07-16,3.946703803187958,3.968314755314239,3.946703803187958,3.9575092792510986
2004-07-19,3.949409889591413,3.9764237403869633,3.9467084529872234,3.976423740386963
2004-07-20,3.9737176221572446,3.9791202313773795,3.9548081034524665,3.9575092792510986
2004-07-21,3.9467051738467323,3.9629135223819065,3.916990168759033,3.927795648574829
2004-07-22,3.9061872127698547,3.941305109266956,3.9034857766647404,3.9250967502593994
2004-07-23,3.9196928782565346,3.9413038449185147,3.911588572541009,3.9304983615875244
2004-07-26,3.9304970829345183,3.9304970829345183,3.922393037478411,3.927795648574829
2004-07-27,3.938605340332379,3.9467093944549556,3.916994357590017,3.946709394454956
2004-07-28,3.9277955131882907,3.9521079063415523,3.9250940789217172,3.9521079063415527
2004-07-29,3.9602107126726014,3.968314755314239,3.9548081034524665,3.9575092792510986
2004-07-30,3.9683194305743936,3.979124919367979,3.949409889591413,3.976423740386963
2004-08-02,3.9548075029361125,4.011536308059352,3.9548075029361125,3.981821060180664
2004-08-03,3.9899301875971718,4.000735675095735,3.9764232638181825,3.9980342388153076
2004-08-04,3.9872245145792666,4.016939509220025,3.9872245145792666,4.006134033203125
2004-08-05,4.006136092849349,4.016941574421595,4.000733480874727,4.003434658050537
2004-08-06,4.025045520437745,4.065566268536579,4.022344343329553,4.035851001739502
2004-08-09,4.016942501068115,4.046657517840835,4.016942501068115,4.016942501068115
2004-08-10,4.035850643105478,4.035850643105478,4.011538505554199,4.011538505554199
2004-08-11,4.025936421707789,4.025936421707789,4.020503443732928,4.023220062255859
2004-08-12,4.02593798564317,4.02593798564317,4.0069221667376755,4.009638786315918
2004-08-13,4.006921981543801,4.034087657928467,4.001488742638432,4.034087657928467
2004-08-16,4.036804542551052,4.050387382507324,4.015072102249465,4.050387382507324
2004-08-17,4.015070735052948,4.053102622165814,4.015070735052948,4.039519786834717
2004-08-18,4.039517787662464,4.06125020980835,4.039517787662464,4.06125020980835
2004-08-19,4.063967627992065,4.08026707734811,4.061251009920898,4.066684246063232
2004-08-20,4.06940221786499,4.072118837012819,4.053103021120142,4.06940221786499
2004-08-23,4.082986354827881,4.085702974840862,4.0558209319115,4.082986354827881
2004-08-24,4.082983942924905,4.082983942924905,4.063968132209356,4.07483434677124
2004-08-25,4.085702974840862,4.0884195948538435,4.082986354827881,4.082986354827881
2004-08-26,4.085701439641434,4.104717254444836,4.07755184173584,4.07755184173584
2004-08-27,4.096566775895007,4.110149608865109,4.063968132209356,4.07483434677124
2004-08-30,4.077550965179459,4.102000012711445,4.069401109954803,4.07483434677124
2004-08-31,4.066685522187531,4.112867007605272,4.066685522187531,4.0992841720581055
2004-09-01,4.102003219468246,4.115585803985596,4.0884203758797035,4.115585803985596
2004-09-02,4.115585017770224,4.118301637783206,4.077553373873062,4.082986354827881
2004-09-03,4.077550965179459,4.099283394303226,4.07483434677124,4.07483434677124
2004-09-07,4.080268857416067,4.107434272766113,4.074835618903415,4.107434272766113
2004-09-08,4.1101528219928944,4.115585803985596,4.1101528219928944,4.115585803985596
2004-09-09,4.091134344776798,4.137315568531955,4.091134344776798,4.134599208831787
2004-09-10,4.126449724953095,4.161764994952928,4.126449724953095,4.156332015991211
2004-09-13,4.157152317517211,4.179003294021874,4.129838466644287,4.129838466644287
2004-09-14,4.121641289615227,4.179000124558572,4.121641289615227,4.173537254333496
2004-09-15,4.146225658035933,4.168076628368118,4.121643251291196,4.165345191955566
2004-09-16,4.129836886700818,4.1926586154812835,4.129836886700818,4.181733131408691
2004-09-17,4.13803066769703,4.187195473094198,4.13803066769703,4.1462249755859375
2004-09-20,4.1489579783292605,4.173540391854314,4.1489579783292605,4.154420852661133
2004-09-21,4.151687587027806,4.154419022990775,4.124374008850324,4.1462249755859375
2004-09-22,4.146223684660088,4.173537254333496,4.127103899356313,4.173537254333496
2004-09-23,4.157151143202025,4.173539240709108,4.157151143202025,4.165345191955566
2004-09-24,4.159885337748587,4.179005146026611,4.159885337748587,4.179005146026611
2004-09-27,4.162614039252023,4.189927884270926,4.162614039252023,4.176270961761475
2004-09-28,4.187199200726163,4.200856132214951,4.168079652932441,4.179005146026611
2004-09-29,4.179001521980143,4.179001521980143,4.1462250711215,4.168076038360596
2004-09-30,4.168079049145407,4.168079049145407,4.129839698613006,4.140765190124512
2004-10-01,4.14076530986342,4.143496747941348,4.1079888343811035,4.1079888343811035
2004-10-04,4.097062950001162,4.1216453693786494,4.094331512184943,4.099794387817383
2004-10-05,4.113449130918182,4.1271057917749365,4.09979220957732,4.1189117431640625
2004-10-06,4.121643485877074,4.124374922445087,4.10252395086924,4.105255126953125
2004-10-07,4.097061835054208,4.116181373596191,4.097061835054208,4.116181373596191
2004-10-08,4.110720153588938,4.140765190124512,4.110720153588938,4.140765190124512
2004-10-11,4.129835782110432,4.143492698669434,4.129835782110432,4.143492698669434
2004-10-12,4.148955309002623,4.157149615228434,4.138029827852226,4.143492698669434
2004-10-13,4.149810337322589,4.180020905179682,4.149810337322589,4.16628885269165
2004-10-14,4.160797729941301,4.180022716522217,4.147065933419943,4.180022716522217
2004-10-15,4.1635439587131335,4.185515146206299,4.160797494797184,4.174529552459717
2004-10-18,4.180022839721959,4.182769041956833,4.155305186187431,4.171783447265625
2004-10-19,4.1717836474585415,4.174530111742449,4.1553053855896,4.1553053855896
2004-10-20,4.15530407369257,4.174528793775863,4.15530407369257,4.158050537109375
2004-10-21,4.158050537109375,4.1910073123595195,4.158050537109375,4.158050537109375
2004-10-22,4.149811169094286,4.174528816143627,4.149811169094286,4.163543224334717
2004-10-25,4.163544316726528,4.171783447265625,4.155305186187431,4.171783447265625
2004-10-26,4.163541556386054,4.177273606125314,4.158048893640589,4.169034481048584
2004-10-27,4.16628885269165,4.191006494786684,4.163542389810621,4.16628885269165
2004-10-28,4.169034481048584,4.18276626887078,4.155302431309324,4.169034481048584
2004-10-29,4.185515146206299,4.191008074038198,4.1635439587131335,4.174529552459717
2004-11-01,4.188260848942716,4.1910073123595195,4.15530407369257,4.158050537109375
2004-11-02,4.1525603695185325,4.171785102376042,4.1525603695185325,4.160799503326416
2004-11-03,4.160795926929591,4.16628885269165,4.144317673477646,4.16628885269165
2004-11-04,4.160797852574416,4.171783447265625,4.1525587220353195,4.171783447265625
2004-11-05,4.14431687821689,4.147063340570896,4.064671303370184,4.075656890869141
2004-11-08,4.092137013288539,4.092137013288539,3.9328457907202945,3.985027551651001
2004-11-09,3.957561972853561,4.026221966170013,3.9548155102608016,4.0152363777160645
2004-11-10,4.0050174609333435,4.043686689867433,4.0050174609333435,4.029876232147217
2004-11-11,4.029877358480439,4.049211846645103,4.029877358480439,4.032639503479004
2004-11-12,4.038160032254835,4.060256646278226,4.038160032254835,4.051970481872559
2004-11-15,4.040926281638149,4.060260772705078,4.035401990811778,4.060260772705078
2004-11-16,4.057495633166788,4.065782063291585,4.038161156367241,4.054733753204346
2004-11-17,4.0574967251331255,4.076831470548591,4.049210556190818,4.071307182312012
2004-11-18,4.07683212349279,4.0961666085922985,4.063021664102024,4.085118293762207
2004-11-19,4.074071236358321,4.121026654731737,4.060260772705078,4.060260772705078
2004-11-22,4.063020706176758,4.0713068744925724,4.049210250042039,4.063020706176758
2004-11-23,4.065785063531449,4.06854694553195,4.043688427051334,4.060260772705078
2004-11-24,4.049209466454481,4.109975303640544,4.043685443117106,4.054733753204346
2004-11-26,4.060260772705078,4.060260772705078,4.054736745291392,4.060260772705078
2004-11-29,4.063022308225283,4.063022308225283,4.027115213481874,4.032639503479004
2004-11-30,4.018827572267852,4.032638028797734,4.010541403714942,4.024351596832275
2004-12-01,4.007779605159901,4.043686689867433,4.007779605159901,4.029876232147217
2004-12-02,4.03263950272698,4.03263950272698,4.007780724569821,4.010542869567871
2004-12-03,4.016066896900259,4.057498018228153,4.016066896900259,4.032639503479004
2004-12-06,4.06025777654172,4.06025777654172,4.021588822942626,4.054733753204346
2004-12-07,4.032640108811277,4.06854694553195,4.032640108811277,4.060260772705078
2004-12-08,4.0464485844351685,4.085117813500693,4.040924559375849,4.074069499969482
2004-12-09,4.079591381108007,4.096163709919342,4.051970481872559,4.051970481872559
2004-12-10,4.079594916669996,4.096167259843676,4.049211848497175,4.087881088256836
2004-12-13,4.110934894154963,4.110934894154963,4.077603021825106,4.088713645935059
2004-12-14,4.116491153082441,4.122046599043111,4.0831592720131455,4.091492176055908
2004-12-15,4.099825344996915,4.116491153082441,4.088714717973817,4.091492176055908
2004-12-16,4.088712650811929,4.11093389362356,4.077602029406113,4.080379486083984
2004-12-17,4.05537889130061,4.088710739940316,4.03315765887414,4.04149055480957
2004-12-20,4.0553811378099445,4.060936316544902,4.041492793625349,4.0442705154418945
2004-12-21,4.0414927827286,4.063714027404785,4.038715060919544,4.063714027404785
2004-12-22,4.0664947897336505,4.083160603252759,4.035940356784735,4.055384159088135
2004-12-23,4.047049368501456,4.122046294031643,4.03593874230049,4.08315896987915
2004-12-27,4.12204487201824,4.144266116754338,4.0331598930738455,4.0442705154418945
2004-12-28,4.055382564432882,4.077603816986084,4.049827118845467,4.077603816986084
2004-12-29,4.105382465755002,4.113715638633234,4.058162212371826,4.058162212371826
2004-12-30,4.058160818022084,4.083159798270605,4.044272731126929,4.066493988037109
2004-12-31,4.04427080810048,4.080380134736046,4.04427080810048,4.072047233581543
2005-01-03,4.080384106542162,4.110938548680324,4.063718288010809,4.097050189971924
2005-01-04,4.108157171902931,4.108157171902931,4.0748252995730745,4.088713645935059
2005-01-05,4.085933063812552,4.127597808837891,4.083155343504733,4.127597808837891
2005-01-06,4.135934352874756,4.144267255716377,4.119268282293307,4.135934352874756
2005-01-07,4.147041586094638,4.14981904150447,4.127597808837891,4.127597808837891
2005-01-10,4.127599917795209,4.149821161815518,4.124822460966263,4.147043704986572
2005-01-11,4.13315599486727,4.1581549644470215,4.127600550561475,4.1581549644470215
2005-01-12,4.156199902242088,4.164579262879401,4.1226821933177655,4.131061553955078
2005-01-13,4.133854861569743,4.161786153152093,4.133854861569743,4.139441013336182
2005-01-14,4.142235205817225,4.172959713764655,4.125476480164132,4.158994197845459
2005-01-18,4.186925689684787,4.189718899547856,4.161787333667475,4.175753116607666
2005-01-19,4.200891472624978,4.20927083583903,4.161787333667475,4.175753116607666
2005-01-20,4.1645787408123915,4.184130668640137,4.153406172571531,4.184130668640137
2005-01-21,4.186922074583661,4.186922074583661,4.164576947722802,4.181335926055908
2005-01-24,4.189719754432048,4.198099119355854,4.153408817928612,4.1729607582092285
2005-01-25,4.181338004539044,4.18413094700379,4.156199657730935,4.167372226715088
2005-01-26,4.186925969639295,4.189719179689129,4.161787611941133,4.164580821990967
2005-01-27,4.175753395815131,4.186925969639295,4.161787611941133,4.164580821990967
2005-01-28,4.181335926055908,4.184128867132323,4.172956303701893,4.181335926055908
2005-01-31,4.181337726361201,4.184130668640137,4.178544517707226,4.184130668640137
2005-02-01,4.18413023048264,4.206475630999412,4.18413023048264,4.2036824226379395
2005-02-02,4.189716953259476,4.217648506164551,4.189716953259476,4.217648506164551
2005-02-03,4.214858625395658,4.234410568041221,4.200892837916583,4.223237991333008
2005-02-04,4.234409251874983,4.256754398345947,4.231616041972324,4.256754398345947
2005-02-07,4.259547233581543,4.273513015491264,4.259547233581543,4.259547233581543
2005-02-08,4.273515692164654,4.298654062072289,4.273515692164654,4.279101848602295
2005-02-09,4.287476367378196,4.326580214912275,4.287476367378196,4.312614440917969
2005-02-10,4.3070291769181495,4.3405468815726636,4.304235968269847,4.329374313354492
2005-02-11,4.352965570371392,4.352965570371392,4.3164567947387695,4.3164567947387695
2005-02-14,4.3136487682875515,4.3192656271368906,4.299607156817347,4.310840606689453
2005-02-15,4.338925395774422,4.338925395774422,4.299608443370691,4.308033466339111
2005-02-16,4.3192648409758485,4.3192648409758485,4.2911810874938965,4.2911810874938965
2005-02-17,4.291180702550133,4.291180702550133,4.265905380249023,4.265905380249023
2005-02-18,4.246247149519622,4.260289025775595,4.226588683457167,4.243438720703125
2005-02-22,4.2153544425964355,4.2518632068596185,4.212546014308546,4.2153544425964355
2005-02-23,4.232204476670851,4.246246350283839,4.2153544425964355,4.2153544425964355
2005-02-24,4.235013459772631,4.237821888428444,4.220971584320068,4.220971584320068
2005-02-25,4.240629491908022,4.263096381129734,4.229396047297167,4.254671096801758
2005-02-28,4.265904541412614,4.28275484224212,4.243437652190902,4.254671096801758
2005-03-01,4.2265887502007535,4.260289093051355,4.2265887502007535,4.240630626678467
2005-03-02,4.240630509145893,4.251863956451416,4.240630509145893,4.251863956451416
2005-03-03,4.263097403756939,4.268713993496446,4.237822080362885,4.251863956451416
2005-03-04,4.249053034190253,4.2659030613471565,4.246244607055319,4.263094902038574
2005-03-07,4.263093803913957,4.263093803913957,4.25466852467941,4.260285377502441
2005-03-08,4.265904541412614,4.271521397631265,4.254671096801758,4.254671096801758
2005-03-09,4.254671367321047,4.254671367321047,4.198504140695558,4.2153544425964355
2005-03-10,4.198503494262695,4.215353793569176,4.187270050667182,4.198503494262695
2005-03-11,4.1685693384058125,4.216581336683355,4.1685693384058125,4.213757038116455
2005-03-14,4.199632501617691,4.199632501617691,4.162917457231558,4.177038669586182
2005-03-15,4.185514980665405,4.1911635783249075,4.14879990389852,4.1516242027282715
2005-03-16,4.137500762939453,4.165743197437669,4.134676734961485,4.137500762939453
2005-03-17,4.129032080012203,4.168571472167969,4.126207779999632,4.168571472167969
2005-03-18,4.16856672344458,4.16856672344458,4.131851673126221,4.131851673126221
2005-03-21,4.123378090031068,4.1403233281691705,4.112081174825765,4.129026412963867
2005-03-22,4.100786182023087,4.1262040511458515,4.089488992182083,4.092313289642334
2005-03-23,4.081018363440065,4.081018363440065,4.018885135650635,4.018885135650635
2005-03-24,4.018883869431293,4.055598934769146,4.013235542870018,4.052774906158447
2005-03-28,4.058422304018955,4.066894926591989,4.013234624509682,4.016058921813965
2005-03-29,4.016058572823503,4.055597654288313,4.013234275764648,4.035828113555908
2005-03-30,4.035827775885016,4.058421611785889,4.02453085793458,4.058421611785889
2005-03-31,4.058419853392758,4.0810136795043945,4.058419853392758,4.0810136795043945
2005-04-01,4.0866624404972285,4.165740835173553,4.0866624404972285,4.109256267547607
2005-04-04,4.095137587102585,4.100786182023087,4.092313289642334,4.092313289642334
2005-04-05,4.0923107625899915,4.109256267547607,4.0866624404972285,4.109256267547607
2005-04-06,4.109258015251986,4.131851851911726,4.0951368000047035,4.123379230499268
2005-04-07,4.126205966509649,4.131854564052201,4.086666861071609,4.08949089050293
2005-04-08,4.083837975103262,4.112080392412634,4.064068444590493,4.0810136795043945
2005-04-11,4.06689545389784,4.103610515594482,4.0612471278967375,4.103610515594482
2005-04-12,4.10925846276215,4.1149067878723145,4.066894812406779,4.1149067878723145
2005-04-13,4.120585918426514,4.129105317136901,4.1035468501789385,4.120585918426514
2005-04-14,4.106385077599841,4.131943534210743,4.103545188903809,4.103545188903809
2005-04-15,4.106388339517824,4.123427414402347,4.100708557614014,4.114907741546631
2005-04-18,4.114906138735055,4.126265427291171,4.112066248889326,4.120585918426514
2005-04-19,4.1262665541097405,4.14046573638916,4.1262665541097405,4.14046573638916
2005-04-20,4.131947270855161,4.137626782556685,4.117748085360942,4.123427867889404
2005-04-21,4.123428998257842,4.13194840355905,4.117749214172363,4.117749214172363
2005-04-22,4.112068176269531,4.120587849800002,4.109228555919636,4.112068176269531
2005-04-25,4.114906691397448,4.1347856521606445,4.114906691397448,4.1347856521606445
2005-04-26,4.140465161788102,4.1461449422423975,4.120586471851744,4.1347856521606445
2005-04-27,4.14330505201525,4.148984561642707,4.129105871706349,4.1347856521606445
2005-04-28,4.1461475778844745,4.1461475778844745,4.140467793819627,4.143307685852051
2005-04-29,4.1404653355442,4.154664516448975,4.1404653355442,4.154664516448975
2005-05-02,4.160342269534994,4.17170155529678,4.151822872920339,4.1575026512146
2005-05-03,4.148987277800435,4.188744954527575,4.148987277800435,4.174545764923096
2005-05-04,4.1887439018115655,4.200103196474926,4.143306723158124,4.168865203857422
2005-05-05,4.168862746486812,4.185901543024719,4.151823679122117,4.180222034454346
2005-05-06,4.1830620525586255,4.1830620525586255,4.151824075373243,4.166023254394531
2005-05-09,4.166024781103585,4.174544183307709,4.146146085684991,4.171704292297363
2005-05-10,4.163185910869317,4.188744394575314,4.160346019162656,4.185904502868652
2005-05-11,4.1944707939946335,4.203036961968008,4.185904898326172,4.197326183319092
2005-05-12,4.203033447265625,4.208743948834336,4.197322673392229,4.203033447265625
2005-05-13,4.208746170635836,4.22302284055131,4.203035666052544,4.217312335968018
2005-05-16,4.217309980715075,4.234441757202148,4.217309980715075,4.234441757202148
2005-05-17,4.2173121042760195,4.251575946807861,4.2173121042760195,4.251575946807861
2005-05-18,4.251575793171972,4.274418354034424,4.2487204049879645,4.274418354034424
2005-05-19,4.271564182994029,4.271564182994029,4.254432121313163,4.265853404998779
2005-05-20,4.254431237910566,4.265852519224635,4.245865345001221,4.245865345001221
2005-05-23,4.248720578731999,4.268707752227783,4.248720578731999,4.268707752227783
2005-05-24,4.2601428195567905,4.2772746086120605,4.2601428195567905,4.2772746086120605
2005-05-25,4.262998288306037,4.268708793996405,4.25157700462042,4.265853404998779
2005-05-26,4.265853485286074,4.26870887433744,4.243010917484922,4.254432201385498
2005-05-27,4.265853404998779,4.265853404998779,4.257287510310787,4.265853404998779
2005-05-31,4.265852189482401,4.274418354034424,4.262997073603198,4.274418354034424
2005-06-01,4.274414729911831,4.322955198665022,4.271559344148802,4.3115339279174805
2005-06-02,4.2829812416383195,4.311534558837754,4.254427924438885,4.297257900238037
2005-06-03,4.302974782908374,4.311540954157196,4.274421695660688,4.282987594604492
2005-06-06,4.285842985020766,4.297264274380844,4.282987594604492,4.282987594604492
2005-06-07,4.282985466679647,4.300117528360514,4.265853404998779,4.265853404998779
2005-06-08,4.274416182898588,4.282982070794872,4.240152359008789,4.240152359008789
2005-06-09,4.237296972275139,4.251573633638722,4.214454423015273,4.240152359008789
2005-06-10,4.240154050428339,4.240154050428339,4.208745328438421,4.231587886810303
2005-06-13,4.221255669257785,4.2327342596931565,4.221255669257785,4.224125385284424
2005-06-14,4.218387492703909,4.229866087328318,4.212648332227346,4.221257209777832
2005-06-15,4.218385953231146,4.229864543666518,4.218385953231146,4.224125385284424
2005-06-16,4.229864543666518,4.2327342596931565,4.221255669257785,4.224125385284424
2005-06-17,4.229864543666518,4.229864543666518,4.224125385284424,4.224125385284424
2005-06-20,4.232738018035889,4.232738018035889,4.218389698833685,4.232738018035889
2005-06-21,4.241344426232875,4.26143217086792,4.229865832300536,4.26143217086792
2005-06-22,4.238475397774151,4.272911182941005,4.238475397774151,4.270041465759277
2005-06-23,4.267171323941052,4.275780200958252,4.255692730027697,4.275780200958252
2005-06-24,4.278650953296294,4.292999267578125,4.2614331950951625,4.292999267578125
2005-06-27,4.2901285117677626,4.2987373887849625,4.275780200958252,4.275780200958252
2005-06-28,4.270043721211203,4.295870642146037,4.26717400251368,4.287261486053467
2005-06-29,4.290130678545386,4.304478996601673,4.281521797180176,4.281521797180176
2005-06-30,4.278649917854407,4.310216256369585,4.275780200958252,4.275780200958252
2005-07-01,4.290128878708613,4.307346907886961,4.278650283813477,4.278650283813477
2005-07-05,4.272910757733363,4.284389351646718,4.272910757733363,4.275780200958252
2005-07-06,4.27004196329394,4.295868873596191,4.27004196329394,4.295868873596191
2005-07-07,4.29586663357664,4.31882381439209,4.290127201537186,4.31882381439209
2005-07-08,4.304478186580406,4.330305099487305,4.290129871224201,4.330305099487305
2005-07-11,4.304479832983589,4.330306755768924,4.304479832983589,4.3245673179626465
2005-07-12,4.390567198884375,4.390567198884375,4.321695623088626,4.347522258758545
2005-07-13,4.337143898010254,4.3486788442144775,4.3083063949922895,4.337143898010254
2005-07-14,4.3457932472229,4.363095796903133,4.325607168441542,4.3457932472229
2005-07-15,4.325605869293213,4.345791942011904,4.325605869293213,4.325605869293213
2005-07-18,4.351559331160685,4.354443134266348,4.308303109619535,4.319838047027588
2005-07-19,4.311188292049675,4.345793115345325,4.302537154979435,4.331374645233154
2005-07-20,4.32560671564867,4.331374323276576,4.322722911834717,4.322722911834717
2005-07-21,4.302532801127435,4.3256026599795065,4.2996490000173235,4.311183929443359
2005-07-22,4.319838262793807,4.325605869293213,4.316954734558719,4.325605869293213
2005-07-25,4.3256070371765345,4.3342581742467745,4.3169559001062945,4.331374645233154
2005-07-26,4.325605959219395,4.351559638977051,4.30541988608105,4.351559638977051
2005-07-27,4.319839108020764,4.351560399944908,4.319839108020764,4.322722911834717
2005-07-28,4.322723115724202,4.357327938079834,4.322723115724202,4.357327938079834
2005-07-29,4.360212920275237,4.377515473636003,4.351561781102231,4.368864059448242
2005-08-01,4.368861783168539,4.389048130740997,4.368861783168539,4.371745586395264
2005-08-02,4.345794266621394,4.380399099084462,4.345794266621394,4.365980625152588
2005-08-03,4.354442108766414,4.3890469128409135,4.354442108766414,4.377511978149414
2005-08-04,4.377511167032992,4.41211596469551,4.3573248288023265,4.391929626464844
2005-08-05,4.383282808079755,4.389050417538262,4.368864059448242,4.368864059448242
2005-08-08,4.36598054811177,4.374631687321191,4.34002685546875,4.34002685546875
2005-08-09,4.3486758674936725,4.365978412463614,4.308303445906891,4.334257125854492
2005-08-10,4.325607168441542,4.3457932472229,4.325607168441542,4.3457932472229
2005-08-11,4.3614424682219575,4.3614424682219575,4.338258743286133,4.338258743286133
2005-08-12,4.335361573782137,4.358545303344727,4.335361573782137,4.358545303344727
2005-08-15,4.34695191090897,4.3614418058863516,4.332462015931588,4.335360050201416
2005-08-16,4.335359868101959,4.346951728322615,4.332461833953857,4.332461833953857
2005-08-17,4.332460164664736,4.358541909204902,4.317970275878906,4.317970275878906
2005-08-18,4.3266662237636915,4.338258084471245,4.320870155224035,4.335360050201416
2005-08-19,4.3353607085762045,4.346952571044117,4.3179727766884355,4.338258743286133
2005-08-22,4.3266662237636915,4.344053876639141,4.3266662237636915,4.335360050201416
2005-08-23,4.349847242243518,4.352745274712548,4.341153144836426,4.341153144836426
2005-08-24,4.346952571044117,4.346952571044117,4.338258743286133,4.338258743286133
2005-08-25,4.3382553887389825,4.344051177305457,4.3382553887389825,4.341153144836426
2005-08-26,4.3440545363341885,4.3440545363341885,4.3353607085762045,4.338258743286133
2005-08-29,4.320870498848104,4.346952256607232,4.320870498848104,4.344054222106934
2005-08-30,4.34695191090897,4.34695191090897,4.332462015931588,4.335360050201416
2005-08-31,4.344053876639141,4.352747979448626,4.323768189493863,4.335360050201416
2005-09-01,4.349848507790475,4.381726045109515,4.346950474478289,4.364338397979736
2005-09-02,4.375929759505372,4.402011227247641,4.364337903940484,4.3672356605529785
2005-09-06,4.364340811062811,4.396218366007236,4.352748947776491,4.378830432891846
2005-09-07,4.361442482012209,4.387524241740429,4.355646412574027,4.381728172302246
2005-09-08,4.375931080581448,4.375931080581448,4.358543153798952,4.373033046722412
2005-09-09,4.35854225933852,4.364338325867123,4.349848435917281,4.355644226074219
2005-09-12,4.349848015391466,4.3672356605529785,4.3469499824073345,4.3672356605529785
2005-09-13,4.373643580865521,4.382379142485915,4.364907741546631,4.364907741546631
2005-09-14,4.3649074518726305,4.367819398119011,4.329964930011496,4.344524383544922
2005-09-15,4.344526385246594,4.350350002724056,4.324143307527564,4.327054977416992
2005-09-16,4.312493896634877,4.327053072769296,4.297934442801974,4.321229457855225
2005-09-19,4.318315505977699,4.321227450931572,4.292108556789562,4.3124918937683105
2005-09-20,4.295023058851707,4.318318076955022,4.295023058851707,4.30375862121582
2005-09-21,4.297932446701035,4.318315505981445,4.297932446701035,4.318315505981445
2005-09-22,4.30084627222915,4.3095818332121025,4.257167911917438,4.265903472900391
2005-09-23,4.268817240718797,4.268817240718797,4.207667732347442,4.251346111297607
2005-09-26,4.251344484446686,4.25425615310362,4.2251375226448555,4.24552059173584
2005-09-27,4.24260845144087,4.254255958631639,4.225137329503955,4.233872890472412
2005-09-28,4.228049469000279,4.248432538091263,4.216401683578586,4.24552059173584
2005-09-29,4.245518981618838,4.283373436787536,4.245518981618838,4.260078430175781
2005-09-30,4.265903660826824,4.268815607182248,4.24552059173584,4.24552059173584
2005-10-03,4.265903660826824,4.265903660826824,4.242608645380416,4.24552059173584
2005-10-04,4.239696025848389,4.248431585256966,4.236784080146054,4.239696025848389
2005-10-05,4.242608740489808,4.254256248474121,4.222225670941882,4.254256248474121
2005-10-06,4.230962756708092,4.251346111297607,4.230962756708092,4.251346111297607
2005-10-07,4.230960188741385,4.239696025848389,4.216400737928137,4.239696025848389
2005-10-10,4.239699939713351,4.2455235587956475,4.219316578678602,4.222228527069092
2005-10-11,4.2280485207374765,4.242607693852297,4.2280485207374765,4.239696025848389
2005-10-12,4.260767587911772,4.263693727093019,4.231503963470459,4.231503963470459
2005-10-13,4.2139443505821275,4.2139443505821275,4.193459987640381,4.193459987640381
2005-10-14,4.193462776440088,4.199315614932081,4.12615680825437,4.149567604064941
2005-10-17,4.123228703097569,4.1729766936236885,4.123228703097569,4.152492046356201
2005-10-18,4.129078769267755,4.170047760009766,4.129078769267755,4.170047760009766
2005-10-19,4.164194371067644,4.1788261714547374,4.16126823425293,4.16126823425293
2005-10-20,4.161270747483977,4.1700497213870085,4.067627335896961,4.143712520599365
2005-10-21,4.155419689950481,4.175904343259442,4.143714293379075,4.172977924346924
2005-10-24,4.1817568326361,4.187609670364046,4.164198598530924,4.175904273986816
2005-10-25,4.170052861135852,4.213948042779463,4.170052861135852,4.199316501617432
2005-10-26,4.178830483093293,4.199315136402254,4.172977924346924,4.172977924346924
2005-10-27,4.1729775885141835,4.199314798449949,4.164198332483164,4.178830146789551
2005-10-28,4.199311456533287,4.199311456533287,4.181753237523163,4.190532207489014
2005-10-31,4.175905700863671,4.205169062266492,4.175905700863671,4.199316501617432
2005-11-01,4.213944905058213,4.225650296719208,4.199313374790881,4.202239513397217
2005-11-02,4.199311966906413,4.225648880004883,4.1934591334988935,4.225648880004883
2005-11-03,4.216873645782471,4.2315054631888955,4.216873645782471,4.216873645782471
2005-11-04,4.2168711863691986,4.2285765776516415,4.202239377496509,4.208092212677002
2005-11-07,4.208092212677002,4.225650160061395,4.208092212677002,4.208092212677002
2005-11-08,4.211021086267124,4.24613728059532,4.211021086267124,4.216873645782471
2005-11-09,4.216870717134806,4.243207914359253,4.213944299870199,4.219797134399414
2005-11-10,4.24391322235915,4.261559273742533,4.226266890496837,4.229207992553711
2005-11-11,4.240975589208392,4.240975589208392,4.199800968170166,4.199800968170166
2005-11-14,4.199798006900674,4.199798006900674,4.158623695373535,4.158623695373535
2005-11-15,4.152746133776468,4.176274418235769,4.152746133776468,4.16745138168335
2005-11-16,4.1703898226176435,4.1703898226176435,4.138038241798252,4.146861553192139
2005-11-17,4.140976276060676,4.167445629663499,4.1350943533038755,4.164504528045654
2005-11-18,4.146862814245087,4.167449986133149,4.143921709552741,4.149803638458252
2005-11-21,4.161567178725653,4.190977660464428,4.149803042125971,4.179213523864746
2005-11-22,4.185092265814245,4.185092265814245,4.135094933687922,4.15568208694458
2005-11-23,4.152743480308967,4.164507615021719,4.143920449394177,4.146861553192139
2005-11-25,4.158622605288854,4.164504528045654,4.149799300435321,4.164504528045654
2005-11-28,4.158623188975224,4.167446214588232,4.152740984913936,4.15568208694458
2005-11-29,4.158628479365576,4.1645104104306245,4.1351001941468155,4.138041019439697
2005-11-30,4.146862814245087,4.155685847842945,4.126275361877844,4.149803638458252
2005-12-01,4.138038241798252,4.161566511223757,4.138038241798252,4.146861553192139
2005-12-02,4.14979890034418,4.170386329205324,4.146858079488755,4.152740001678467
2005-12-05,4.152743480308967,4.155684584106929,4.138038241798252,4.146861553192139
2005-12-06,4.143916873016413,4.1645040208763655,4.143916873016413,4.161562919616699
2005-12-07,4.149799882883291,4.161564010526942,4.146859061331574,4.15568208694458
2005-12-08,4.14979879505689,4.161562919616699,4.146857974276078,4.161562919616699
2005-12-09,4.170386329205324,4.173327150060749,4.14979890034418,4.152740001678467
2005-12-12,4.152740984913936,4.190974469875535,4.117448601982981,4.15568208694458
2005-12-13,4.153317776567475,4.153317776567475,4.064634779539873,4.097151756286621
2005-12-14,4.076462707706699,4.1089797127499015,4.076462707706699,4.091243267059326
2005-12-15,4.088284463720664,4.1237576141534795,4.079416246591345,4.094196796417236
2005-12-16,4.0853309305519865,4.103067658158284,4.061682148354072,4.091243267059326
2005-12-19,4.106019545887993,4.108975429144435,4.085326671600342,4.085326671600342
2005-12-20,4.085328297709855,4.108977064667019,4.061679530752691,4.103065013885498
2005-12-21,4.111931594316303,4.111931594316303,4.064634079228117,4.085326671600342
2005-12-22,4.085327571745003,4.108976334499769,4.064634974813455,4.106020450592041
2005-12-23,4.0941960711191285,4.120800717793999,4.064634976704175,4.114888668060303
2005-12-27,4.144450635756547,4.230177489324915,4.144450635756547,4.194704055786133
2005-12-28,4.200615154001489,4.21243953440038,4.174010227625117,4.203571319580078
2005-12-29,4.203571972088122,4.271562099456787,4.200615806050656,4.271562099456787
2005-12-30,4.298165321350098,4.315902028608664,4.271560401419948,4.298165321350098
2006-01-03,4.268607585985263,4.324773634779433,4.262695533537025,4.274519920349121
2006-01-04,4.301124096502063,4.301124096502063,4.277475327082146,4.292255878448486
2006-01-05,4.286344461928473,4.318861456356925,4.2715639074007665,4.315905570983887
2006-01-06,4.327728300787085,4.339552683497615,4.304079535366023,4.330684185028076
2006-01-09,4.327726138434345,4.330682021198427,4.304077384829408,4.324769973754883
2006-01-10,4.342508567738607,4.357289116605651,4.309991585763528,4.330684185028076
2006-01-11,4.35207161862961,4.36989592785276,4.3223648143347395,4.34613037109375
2006-01-12,4.337218368834899,4.417427052267466,4.337218368834899,4.381778717041016
2006-01-13,4.441190779846554,4.441190779846554,4.4203959970230295,4.426337242126465
2006-01-17,4.435253694320084,4.435253694320084,4.399605340343869,4.420400142669678
2006-01-18,4.390692091992054,4.435252737328451,4.390692091992054,4.432281970977783
2006-01-19,4.405543878475675,4.450104222682648,4.405543878475675,4.414455890655518
2006-01-20,4.408514519562232,4.456045627593994,4.408514519562232,4.456045627593994
2006-01-23,4.530317337817863,4.530317337817863,4.456049840476586,4.470903396606445
2006-01-24,4.4916958810010765,4.4916958810010765,4.459018301070628,4.479813098907471
2006-01-25,4.473873358115363,4.479814609511634,4.453078269958496,4.453078269958496
2006-01-26,4.429311345451343,4.482784008231965,4.429311345451343,4.450106143951416
2006-01-27,4.476841233750003,4.482782764992438,4.450104909774652,4.4619879722595215
2006-01-30,4.470900677720622,4.4916954736716885,4.470900677720622,4.476841926574707
2006-01-31,4.491694778548287,4.491694778548287,4.447134427461237,4.4619879722595215
2006-02-01,4.48278062880127,4.48278062880127,4.426337242126465,4.426337242126465
2006-02-02,4.441194944995487,4.459019263637561,4.420400142669678,4.420400142669678
2006-02-03,4.4114894994514,4.417430751977865,4.372870366451295,4.387723922729492
2006-02-06,4.292660485587158,4.372869503679284,4.292660485587158,4.337221145629883
2006-02-07,4.352074415669492,4.360986717662817,4.3223675922823075,4.337221145629883
2006-02-08,4.337221145629883,4.337221145629883,4.3193968249512,4.337221145629883
2006-02-09,4.322367584285665,4.41148862089827,4.319396816960053,4.360986709594727
2006-02-10,4.349100807859125,4.363954067230225,4.32533525289605,4.363954067230225
2006-02-13,4.361567144437133,4.3944059575276,4.361567144437133,4.373508453369141
2006-02-14,4.36753808123397,4.37052347973847,4.313802046966072,4.331714153289795
2006-02-15,4.352612573542222,4.3645538861494755,4.337685861607319,4.355597972869873
2006-02-16,4.364553131972375,4.388435753060061,4.358582619052104,4.370523929595947
2006-02-17,4.4003778706157775,4.415304582708906,4.391421957241241,4.412319183349609
2006-02-21,4.427243629948317,4.433214425611554,4.415302323325051,4.424258232116699
2006-02-22,4.424258232116699,4.445155732234821,4.41828772115667,4.424258232116699
2006-02-23,4.442172285141836,4.442172285141836,4.40336295039766,4.418289661407471
2006-02-24,4.439186928895414,4.44814284170651,4.418289704101746,4.427245616912842
2006-02-27,4.436203479213749,4.43918887969716,4.418291645720202,4.421277046203613
2006-02-28,4.439186651491155,4.445157449460994,4.424259941269874,4.442172050476074
2006-03-01,4.44217531206557,4.454116632069637,4.424263189707707,4.439189910888672
2006-03-02,4.4541109390704,4.480978945914225,4.442169634329052,4.4481401443481445
2006-03-03,4.41828772115667,4.439184936571584,4.403361016701785,4.424258232116699
2006-03-06,4.433217053440783,4.4362021683386486,4.382466399033193,4.400378227233887
2006-03-07,4.406348584843728,4.406348584843728,4.358583334824286,4.394407272338867
2006-03-08,4.400377786239624,4.427245810551397,4.364553848725042,4.394407272338867
2006-03-09,4.379483086803551,4.421277847031226,4.376497685779393,4.41530704498291
2006-03-10,4.412318278245114,4.457098405338694,4.412318278245114,4.454113006591797
2006-03-13,4.445714199935626,4.502710697212904,4.43371498252208,4.4637131690979
2006-03-14,4.463711050156671,4.475710261874144,4.442712501172036,4.445712089538574
2006-03-15,4.445712089538574,4.466710924606982,4.424713540553939,4.445712089538574
2006-03-16,4.424715640982898,4.4847117280506295,4.424715640982898,4.4637131690979
2006-03-17,4.463713350183019,4.478712444079416,4.439714914382351,4.448714256286621
2006-03-20,4.445714199935626,4.475712386511447,4.442714610145171,4.4637131690979
2006-03-21,4.475712398790158,4.4877116162366235,4.469712647024971,4.4817118644714355
2006-03-22,4.472707838591624,4.490706788952779,4.46970796585083,4.46970796585083
2006-03-23,4.463715368840742,4.517712016853492,4.463715368840742,4.496713161468506
2006-03-24,4.508711154268529,4.523710250854492,4.487712590698565,4.523710250854492
2006-03-27,4.499710955041248,4.532708732388007,4.490711613234662,4.52070951461792
2006-03-28,4.526707957963459,4.550706386566162,4.502709529360755,4.550706386566162
2006-03-29,4.559705082943974,4.592703132183503,4.544705995660896,4.574704170227051
2006-03-30,4.574704041489303,4.574704041489303,4.544705867767334,4.544705867767334
2006-03-31,4.544706767224146,4.601703251359479,4.544706767224146,4.5897040367126465
2006-04-03,4.550706685830578,4.577704991305046,4.550706685830578,4.5657057762146
2006-04-04,4.571704387664795,4.595702813367723,4.559705174813331,4.571704387664795
2006-04-05,4.559705092643363,4.58970326727333,4.5507057546878915,4.583703517913818
2006-04-06,4.580703217675692,4.5897025542330585,4.544705299278727,4.547705173492432
2006-04-07,4.547708690958444,4.565707664078394,4.523710250854492,4.523710250854492
2006-04-10,4.5417070388793945,4.544706627886254,4.5057093960425645,4.5417070388793945
2006-04-11,4.545324325561523,4.557380877322262,4.521211222040046,4.545324325561523
2006-04-12,4.542308049266417,4.551350674561241,4.5181949567150275,4.530251502990723
2006-04-13,4.539296193406588,4.548338535364425,4.521211222040046,4.545324325561523
2006-04-17,4.563409296928065,4.566423219280099,4.536281983603686,4.545324325561523
2006-04-18,4.566422739514512,4.578479290008545,4.5513522669851,4.578479290008545
2006-04-19,4.545327206653789,4.602596079405784,4.542312994940304,4.563412189483643
2006-04-20,4.536278816238583,4.590533117554503,4.536278816238583,4.560391902923584
2006-04-21,4.530252967585541,4.599578346671184,4.530252967585541,4.581493377685547
2006-04-24,4.572451787662787,4.6176637863739325,4.56943757776181,4.593550682067871
2006-04-25,4.614650372037067,4.626706925517629,4.587523054843074,4.611636161804199
2006-04-26,4.65684796126699,4.65986217136767,4.5814944334553855,4.623692512512207
2006-04-27,4.641776518250471,4.647804937568739,4.590536103848608,4.635748386383057
2006-04-28,4.656846478762318,4.656846478762318,4.6116344914489265,4.650818347930908
2006-05-01,4.668903953215465,4.6839747144571025,4.620677747202917,4.632734298706055
2006-05-02,4.6176626251589585,4.653832272522381,4.569436428674396,4.572450637817383
2006-05-03,4.554365989336326,4.575465167363927,4.506139789474654,4.524224758148193
2006-05-04,4.494083960409015,4.521211274045427,4.469970856610176,4.485041618347168
2006-05-05,4.4850428996790335,4.497099455022891,4.466957922937771,4.469972133636475
2006-05-08,4.469972569654087,4.476000991639527,4.451887878599731,4.463944435119629
2006-05-09,4.472985592764454,4.485042146082516,4.44887248612833,4.45791482925415
2006-05-10,4.4579174230650285,4.479016331785176,4.439832438839851,4.445860862731934
2006-05-11,4.444341992649676,4.45947916596365,4.429204530612629,4.4352593421936035
2006-05-12,4.4443440010729605,4.4443440010729605,4.4170966148376465,4.4170966148376465
2006-05-15,4.441316978843769,4.441316978843769,4.395904855521757,4.40801477432251
2006-05-16,4.408013455668912,4.423150633099149,4.392875989515522,4.4049859046936035
2006-05-17,4.38076799780172,4.395905470601521,4.338383131706931,4.383795261383057
2006-05-18,4.389845628244101,4.404983084706778,4.383790530169844,4.395900726318359
2006-05-19,4.395903652194849,4.408013567680654,4.389848550090366,4.401958465576172
2006-05-22,4.398934643158951,4.398934643158951,4.368659973144531,4.368659973144531
2006-05-23,4.365629421010131,4.38076688998193,4.344437137683537,4.359574317932129
2006-05-24,4.347464068129419,4.362601535943937,4.308106767300948,4.332326889038086
2006-05-25,4.332325103668771,4.332325103668771,4.299022630456284,4.308104991912842
2006-05-26,4.28994194500123,4.332326796229258,4.28994194500123,4.314161777496338
2006-05-30,4.338379915065454,4.338379915065454,4.308104991912842,4.308104991912842
2006-05-31,4.338381658012641,4.338381658012641,4.305079460144043,4.305079460144043
2006-06-01,4.326272415619748,4.3686572739200535,4.31416249735155,4.3565473556518555
2006-06-02,4.353518915545365,4.386821111806613,4.347463813285229,4.362601280212402
2006-06-05,4.371687098896649,4.408017163715078,4.34443998336792,4.34443998336792
2006-06-06,4.344438946224552,4.344438946224552,4.305081626003148,4.3262739181518555
2006-06-07,4.323242453489148,4.3262700035490225,4.299022630456284,4.308104991912842
2006-06-08,4.320219488046829,4.320219488046829,4.2808621643019364,4.292972087860107
2006-06-09,4.323242453489148,4.323242453489148,4.283885168879978,4.308104991912842
2006-06-12,4.299023151397705,4.314160614808319,4.299023151397705,4.299023151397705
2006-06-13,4.309669281248823,4.312710754712864,4.288379547102284,4.294462203979492
2006-06-14,4.309667059289506,4.309667059289506,4.273170266690494,4.276211738586426
2006-06-15,4.276214623783274,4.291421413421631,4.276214623783274,4.291421413421631
2006-06-16,4.2822997870898565,4.300548351403929,4.279258311362329,4.285341262817383
2006-06-19,4.2792551840574555,4.2883796045718565,4.276214000603533,4.282296657562256
2006-06-20,4.273172435831291,4.282296566099938,4.257965358682963,4.261006832122803
2006-06-21,4.261009961704219,4.270134098674267,4.251885534683087,4.26405143737793
2006-06-22,4.2579665184021,4.267090651155837,4.236676778626393,4.2579665184021
2006-06-23,4.242759643393624,4.257966725423186,4.242759643393624,4.25492525100708
2006-06-26,4.279257361256572,4.279257361256572,4.251884665888453,4.267091751098633
2006-06-27,4.282297340994599,4.300545894884897,4.273173209074911,4.2792558670043945
2006-06-28,4.279254763875483,4.288379183493953,4.248840901966463,4.270130634307861
2006-06-29,4.279255807680394,4.291421413421631,4.239717516508642,4.291421413421631
2006-06-30,4.303586391994103,4.303586391994103,4.257965449625608,4.282296657562256
2006-07-03,4.264052118374452,4.3157557628295145,4.264052118374452,4.312714576721191
2006-07-05,4.297503349751156,4.306627479396674,4.294461876519033,4.303586006164551
2006-07-06,4.29445998986057,4.29445998986057,4.273170266690494,4.276211738586426
2006-07-07,4.282297464396972,4.300546018813137,4.2731733322143555,4.2731733322143555
2006-07-10,4.273173807452747,4.288380889482308,4.251883776590975,4.25492525100708
2006-07-11,4.254921725365626,4.282294392327565,4.254921725365626,4.276211738586426
2006-07-12,4.258799032897006,4.292405238570251,4.258799032897006,4.274074554443359
2006-07-13,4.264909334316461,4.286294889548504,4.252688975418674,4.26185417175293
2006-07-14,4.26185376151261,4.277129281503527,4.249633403791138,4.258798599243164
2006-07-17,4.258799418548304,4.271019778620721,4.249634221333083,4.264909744262695
2006-07-18,4.249634221333083,4.271019778620721,4.23130382690264,4.264909744262695
2006-07-19,4.271018956964636,4.271018956964636,4.240468208339111,4.258798599243164
2006-07-20,4.271018956964636,4.271018956964636,4.225192688348193,4.258798599243164
2006-07-21,4.246579466075776,4.2710201885665064,4.246579466075776,4.267965316772461
2006-07-24,4.26185779140676,4.283243656158447,4.255747752446696,4.283243656158447
2006-07-25,4.277132405568321,4.30768346786499,4.27407724106735,4.30768346786499
2006-07-26,4.3076802882147085,4.316845483595946,4.286294443850075,4.313790321350098
2006-07-27,4.310737036699434,4.341288089752197,4.3076821644793055,4.341288089752197
2006-07-28,4.353508424378663,4.393224676546293,4.338232897951661,4.368783950805664
2006-07-31,4.3871143890180155,4.402389915582849,4.377949189621691,4.393224716186523
2006-08-01,4.393226261915161,4.429887363755873,4.390171097255967,4.42683219909668
2006-08-02,4.426829836842137,4.439050197601318,4.411554313054063,4.439050197601318
2006-08-03,4.423774673813245,4.439050197601318,4.420719802140737,4.439050197601318
2006-08-04,4.439051491619018,4.454327019860025,4.420721090814983,4.445161819458008
2006-08-07,4.429888854010356,4.429888854010356,4.396282905523494,4.411558151245117
2006-08-08,4.429889110744651,4.429889110744651,4.393227994446114,4.408503532409668
2006-08-09,4.381007601179528,4.408503511109746,4.37184239498834,4.384062767028809
2006-08-10,4.377952202758255,4.414613316932096,4.377952202758255,4.411558151245117
2006-08-11,4.412476208753479,4.412476208753479,4.384859829830127,4.390996932983398
2006-08-14,4.387928485870361,4.406339210502111,4.3695174686054195,4.387928485870361
2006-08-15,4.384858468933394,4.415543389909925,4.384858468933394,4.406337738037109
2006-08-16,4.39713396895425,4.421681797559589,4.39713396895425,4.4155449867248535
2006-08-17,4.418611796098112,4.4462281673766055,4.418611796098112,4.42474889755249
2006-08-18,4.421684843465331,4.4523697966761295,4.421684843465331,4.449301242828369
2006-08-21,4.424751387078913,4.443162116534387,4.418614282171576,4.421682834625244
2006-08-22,4.418613469872611,4.452366955391329,4.412476658726707,4.440093040466309
2006-08-23,4.443163288777768,4.449300395304262,4.421684001201728,4.446231842041016
2006-08-24,4.4216822087107195,4.452367143637237,4.418613656691422,4.443161487579346
2006-08-25,4.449300155592894,4.455437261788744,4.430889129638672,4.430889129638672
2006-08-28,4.449299464880547,4.45543657012367,4.430888441784465,4.437025547027588
2006-08-29,4.40327148186139,4.452367143637237,4.40327148186139,4.443161487579346
2006-08-30,4.467707945258503,4.4707762035005345,4.4523654835158775,4.458502292633057
2006-08-31,4.467706664283981,4.479980571632301,4.461569564293304,4.476912021636963
2006-09-01,4.476912227684022,4.486117585460674,4.455432961994151,4.470775127410889
2006-09-05,4.455437553787373,4.461574367752085,4.427821159362793,4.427821159362793
2006-09-06,4.430883653813332,4.452363206320373,4.39406194004365,4.397130489349365
2006-09-07,4.375653972914614,4.415544261000351,4.369516870455354,4.400201797485352
2006-09-08,4.390995923385862,4.427817655939719,4.390995923385862,4.418612003326416
2006-09-11,4.4247510377597745,4.4247510377597745,4.406340017124521,4.4094085693359375
2006-09-12,4.415546022351176,4.427819939532581,4.403272105169771,4.421682834625244
2006-09-13,4.4565067524821425,4.4565067524821425,4.4071955216033665,4.428769111633301
2006-09-14,4.422607421875,4.42877118165675,4.40103352784323,4.422607421875
2006-09-15,4.4102753874545115,4.453422546386719,4.407193363554218,4.453422546386719
2006-09-18,4.444179990073924,4.453425774558856,4.428770153320243,4.438015937805176
2006-09-19,4.428770153320243,4.453425774558856,4.422606394969684,4.438015937805176
2006-09-20,4.419521201055026,4.438012756770699,4.416439177129755,4.431849002838135
2006-09-21,4.4102767130615135,4.4503418601359,4.4102767130615135,4.444178104400635
2006-09-22,4.4472598863577035,4.493489080560795,4.4472598863577035,4.474997520446777
2006-09-25,4.4688366419513725,4.493492268876264,4.4688366419513725,4.481164455413818
2006-09-26,4.484245023490838,4.518146426004547,4.484245023490838,4.5089006423950195
2006-09-27,4.50581723580461,4.5397186279296875,4.50581723580461,4.5397186279296875
2006-09-28,4.54588153440801,4.5489635585309784,4.5181439051372845,4.521225929260254
2006-09-29,4.536633813771039,4.542797565460205,4.521223993671316,4.542797565460205
2006-10-02,4.524306016474835,4.576699228463169,4.518141970867798,4.542797565460205
2006-10-03,4.527390822255289,4.552046727522158,4.527390822255289,4.5397186279296875
2006-10-04,4.515062474759245,4.570537740595867,4.515062474759245,4.5366363525390625
2006-10-05,4.518143748237353,4.545881376544844,4.518143748237353,4.5273895263671875
2006-10-06,4.5243079533832224,4.5427995102850405,4.521225929260254,4.521225929260254
2006-10-09,4.542801995260965,4.570539639704568,4.5150643508173625,4.5304741859436035
2006-10-10,4.499652939953993,4.548964156734086,4.499652939953993,4.5366363525390625
2006-10-11,4.549949096815133,4.549949096815133,4.518997238850279,4.5251874923706055
2006-10-12,4.509706121767114,4.534467697143555,4.506611146231006,4.534467697143555
2006-10-13,4.503521016688893,4.522092071831126,4.475664138793945,4.475664138793945
2006-10-16,4.463280995500566,4.494233131408691,4.463280995500566,4.494233131408691
2006-10-17,4.478759687466632,4.506616567068422,4.478759687466632,4.4880452156066895
2006-10-18,4.494233731292208,4.506614528271739,4.472567115191914,4.491138458251953
2006-10-19,4.488043234199116,4.509709555354416,4.478757710158487,4.497328758239746
2006-10-20,4.5066152854621695,4.5066152854621695,4.488043939281818,4.5035200119018555
2006-10-23,4.488044062508301,4.515900934952916,4.484948788863001,4.500424861907959
2006-10-24,4.500423186398421,4.522089503486057,4.491137664101067,4.506613731384277
2006-10-25,4.5313739082403695,4.543754699170753,4.525183365184509,4.540659427642822
2006-10-26,4.531378041072542,4.543758843294805,4.506616436628015,4.5251874923706055
2006-10-27,4.531372721607446,4.534467697143555,4.509706121767114,4.534467697143555
2006-10-30,4.543754699170753,4.553040218573206,4.522088093656578,4.540659427642822
2006-10-31,4.537564562422672,4.55304062626676,4.537564562422672,4.54994535446167
2006-11-01,4.553043917128746,4.577805519104004,4.543758390183419,4.577805519104004
2006-11-02,4.580900793146306,4.593281594133934,4.562329444074073,4.577805519104004
2006-11-03,4.574709260327762,4.574709260327762,4.540662138736028,4.55923318862915
2006-11-06,4.574707618111327,4.587088411989488,4.553041302619896,4.583993434906006
2006-11-07,4.55923412307452,4.593281546826017,4.55923412307452,4.571615219116211
2006-11-08,4.565421672599426,4.596373802011636,4.562326400621928,4.590183258056641
2006-11-09,4.599471769865593,4.60566231784633,4.568519915506632,4.587090969085693
2006-11-10,4.614945361162295,4.6180406334869835,4.574707706485604,4.608755111694336
2006-11-13,4.606580361411575,4.625230615148035,4.581713554053445,4.6034722328186035
2006-11-14,4.600363807789905,4.609688786440272,4.581713554053445,4.6034722328186035
2006-11-15,4.600363854002042,4.600363854002042,4.5786051750183105,4.5786051750183105
2006-11-16,4.572390350291063,4.59414874106656,4.572390350291063,4.59104061126709
2006-11-17,4.572390350291063,4.59104061126709,4.569281924055751,4.59104061126709
2006-11-20,4.569277551117307,4.6003611908507445,4.566169127856852,4.594144344329834
2006-11-21,4.56306536802097,4.59104061126709,4.56306536802097,4.59104061126709
2006-11-22,4.600363807789905,4.6034722328186035,4.575497000431776,4.6034722328186035
2006-11-24,4.575497048852496,4.612797260284424,4.575497048852496,4.612797260284424
2006-11-27,4.622122190119337,4.622122190119337,4.584821979082142,4.6034722328186035
2006-11-28,4.615905685346017,4.625230664095067,4.584822027601545,4.612797260284424
2006-11-29,4.622120457972127,4.6252288818359375,4.59414523606906,4.6252288818359375
2006-11-30,4.6252271876312525,4.646985553836684,4.6190103421808395,4.640769004821777
2006-12-01,4.65631472663646,4.662531577695893,4.628339786176336,4.643881320953369
2006-12-04,4.6532063961352526,4.684289760779696,4.643881119949734,4.66253137588501
2006-12-05,4.668748872832837,4.6905072607388965,4.665640447007456,4.684290409088135
2006-12-06,4.693610852559112,4.693610852559112,4.66874406443827,4.674960613250732
2006-12-07,4.674965074888749,4.721590273004059,4.674965074888749,4.696723461151123
2006-12-08,4.6936140060424805,4.696722134319211,4.681180603628469,4.6936140060424805
2006-12-11,4.681180603628469,4.715372386158076,4.681180603628469,4.6936140060424805
2006-12-12,4.715373563518687,4.737131949067037,4.6936151779703374,4.724698543548584
2006-12-13,4.729693938406166,4.729693938406166,4.714084625244141,4.714084625244141
2006-12-14,4.710961556644599,4.72032720192676,4.692229968351783,4.698473930358887
2006-12-15,4.695350911782625,4.714082495936159,4.695350911782625,4.707838535308838
2006-12-18,4.701594872409946,4.714082495936159,4.695350911782625,4.707838535308838
2006-12-19,4.698474278835698,4.7203275520243855,4.695352297600595,4.701596260070801
2006-12-20,4.707839274993937,4.720326900482178,4.695351649505696,4.720326900482178
2006-12-21,4.723449102118708,4.726571083068848,4.701595830924714,4.726571083068848
2006-12-22,4.748424530029297,4.779643745229311,4.729692941363588,4.748424530029297
2006-12-26,4.745299876961343,4.782762735469524,4.726568596571419,4.770275115966797
2006-12-27,4.75466858803591,4.80461939603669,4.75466858803591,4.776522159576416
2006-12-28,4.79212968723645,4.798373349444583,4.767154442947126,4.795251369476318
2006-12-29,4.76403565076672,4.820229839155058,4.76403565076672,4.798376560211182
2007-01-03,4.804618663067476,4.838959559208639,4.751546179567554,4.823349952697754
2007-01-04,4.776519681117861,4.838957786560059,4.776519681117861,4.838957786560059
2007-01-05,4.798375089242114,4.83271598815918,4.79525310814188,4.83271598815918
2007-01-08,4.829593300076549,4.829593300076549,4.792130427852734,4.807739734649658
2007-01-09,4.804617924516904,4.817105548260359,4.795251983412987,4.810861587524414
2007-01-10,4.810865972346295,4.810865972346295,4.792134668522847,4.80150032043457
2007-01-11,4.7688896907425695,4.812784903911394,4.7688896907425695,4.809649467468262
2007-01-12,4.812782287597656,4.812782287597656,4.778293103495484,4.812782287597656
2007-01-16,4.812780521492002,4.828457091409548,4.787697650810244,4.800239086151123
2007-01-17,4.784567036384231,4.803379058837891,4.784567036384231,4.803379058837891
2007-01-18,4.7971088175522665,4.8284622901566685,4.7971088175522665,4.8221917152404785
2007-01-19,4.800244961232553,4.822192425188024,4.800244961232553,4.819056987762451
2007-01-22,4.831597406712364,4.847274291480812,4.815920521943915,4.84100341796875
2007-01-23,4.8284622901566685,4.8472746129286906,4.812785703360331,4.8221917152404785
2007-01-24,4.806515699452763,4.853546066378127,4.806515699452763,4.84414005279541
2007-01-25,4.831591405979633,4.85980970371398,4.800237974394731,4.806508541107178
2007-01-26,4.834732360989968,4.837867797433101,4.797108020707409,4.809649467468262
2007-01-29,4.819056987762451,4.841004451717922,4.809650974497503,4.819056987762451
2007-01-30,4.85981463047337,4.85981463047337,4.825325731062588,4.853543758392334
2007-01-31,4.856680314715865,4.856680314715865,4.8284619818654,4.847274303436279
2007-02-01,4.8409993906114615,4.859811696485479,4.828457953032602,4.850405693054199
2007-02-02,4.8504097402000435,4.853544877952101,4.831597418629165,4.847274303436279
2007-02-05,4.847272463197746,4.847272463197746,4.815918705486788,4.825325012207031
2007-02-06,4.8096459461700425,4.850405693054199,4.8096459461700425,4.850405693054199
2007-02-07,4.834731740172503,4.85981463047337,4.825325731062588,4.853543758392334
2007-02-08,4.837867014762786,4.862949904226582,4.831596142891023,4.834731578826904
2007-02-09,4.815918705486788,4.853543035332982,4.815918705486788,4.825325012207031
2007-02-12,4.815918262262671,4.866084329785583,4.815918262262671,4.862948894500732
2007-02-13,4.8742860408072755,4.8805837123169695,4.842798584127321,4.861690998077393
2007-02-14,4.8522435606227825,4.8774336396946,4.845946190999543,4.864838600158691
2007-02-15,4.864835993874004,4.880579859931637,4.858538627624512,4.858538627624512
2007-02-16,4.880582056129238,4.880582056129238,4.852243144531215,4.855391979217529
2007-02-20,4.852241039276123,4.877431105258548,4.849092205956001,4.852241039276123
2007-02-21,4.852242748461269,4.864837785889039,4.849093914031982,4.849093914031982
2007-02-22,4.833356115882499,4.861694758728305,4.833356115882499,4.839653491973877
2007-02-23,4.839645873205226,4.883728637606928,4.839645873205226,4.867984771728516
2007-02-26,4.8616895427508355,4.893177290294569,4.8616895427508355,4.886879920959473
2007-02-27,4.893177706820337,4.899475376980932,4.880582666788589,4.896326541900635
2007-02-28,4.9089223924271534,4.924666270138615,4.877434637004232,4.912071228027344
2007-03-01,4.92466553295909,4.937260573184993,4.899475452507285,4.918367862701416
2007-03-02,4.927814067798482,4.946706778282059,4.9120704927331875,4.918367862701416
2007-03-05,4.890026993871781,4.937258601070034,4.890026993871781,4.927812099456787
2007-03-06,4.937260845779054,4.943558216094971,4.924665804857759,4.943558216094971
2007-03-07,4.927814190490174,4.9404092310296654,4.855392782460462,4.899475574493408
2007-03-08,4.896326541900635,4.912070417012679,4.880582666788589,4.896326541900635
2007-03-09,4.890028455482313,4.896326125106826,4.874284581710446,4.886879920959473
2007-03-12,4.908921241760254,4.908921241760254,4.890028532877114,4.908921241760254
2007-03-13,4.917142553348972,4.920304775238037,4.89816952358066,4.920304775238037
2007-03-14,4.898169984908295,4.929791603645029,4.8950077627214,4.92346715927124
2007-03-15,4.895010463111605,4.92979432322416,4.895010463111605,4.917145729064941
2007-03-16,4.898168890845796,4.917141918163214,4.863385359257577,4.891844749450684
2007-03-19,4.876033781481791,4.91081731191343,4.876033781481791,4.8886823654174805
2007-03-20,4.879198678448641,4.932955265045166,4.876036455339153,4.932955265045166
2007-03-21,4.932953361228219,4.939277503440271,4.917142553348972,4.920304775238037
2007-03-22,4.917144451063919,4.945603855916925,4.901333637082671,4.932955265045166
2007-03-23,4.917139690545913,4.948760986328125,4.907653331967839,4.948760986328125
2007-03-26,4.9392779639136055,4.9392779639136055,4.9139807895748655,4.936115741729736
2007-03-27,4.945602887891848,4.964575619702772,4.932954299495854,4.958251476287842
2007-03-28,4.964575786605271,4.964575786605271,4.92346779754476,4.926630020141602
2007-03-29,4.958251642977731,4.961413564008429,4.913981431320378,4.926630020141602
2007-03-30,4.926629381458135,4.945602413013396,4.913980794276662,4.92346715927124
2007-04-02,4.907658851798263,4.9550909996032715,4.907658851798263,4.9550909996032715
2007-04-03,4.942442917383379,4.96141565783907,4.907659358837096,4.917145729064941
2007-04-04,4.913981431320378,4.942440831559666,4.913981431320378,4.926630020141602
2007-04-05,4.9171447569902025,4.945604163613846,4.9171447569902025,4.942441940307617
2007-04-09,4.955089420380889,4.955089420380889,4.90765728769284,4.926630020141602
2007-04-10,4.932954299495854,4.961413397212239,4.932954299495854,4.958251476287842
2007-04-11,4.947454140410005,4.995086761551956,4.947454140410005,4.9792094230651855
2007-04-12,4.963328485013147,4.98873257312715,4.944275267507335,4.969679355621338
2007-04-13,4.972858853110748,4.972858853110748,4.9474547450183985,4.953805923461914
2007-04-16,4.979207608808115,4.985558481320614,4.953803513076703,4.956978797912598
2007-04-17,4.956980604070231,4.9792094230651855,4.950629729243687,4.9792094230651855
2007-04-18,4.982387426905393,4.985563017471331,4.972860958048564,4.976036548614502
2007-04-19,4.98556186589476,5.049072148338844,4.979210989070809,5.042721271514893
2007-04-20,5.039542017244569,5.0649461117499435,5.020489097785886,5.04589319229126
2007-04-23,5.036369733203555,5.068125023584719,5.026843267225564,5.049071788787842
2007-04-24,5.03954568168246,5.045896861347326,5.026843625193643,5.042721271514893
2007-04-25,5.03954532280985,5.049071788787842,5.026843267225564,5.049071788787842
2007-04-26,5.049071788787842,5.049071788787842,5.026843267225564,5.049071788787842
2007-04-27,5.049072148338844,5.049072148338844,5.030019215026076,5.042721271514893
2007-04-30,5.0458964514890905,5.049071738222692,5.017316751000441,5.0300188064575195
2007-05-01,5.017315177577311,5.045894869103409,5.014139588998679,5.026841640472412
2007-05-02,5.01413940664445,5.036367920204877,5.010963818181308,5.0331926345825195
2007-05-03,5.017314995107592,5.0458946855943045,5.017314995107592,5.0331926345825195
2007-05-04,5.020490766155944,5.0331928176296765,5.020490766155944,5.026841640472412
2007-05-07,5.0268461900734405,5.0395482530433116,5.017319718556304,5.036372661590576
2007-05-08,5.020489397166145,5.036366730048274,5.010962634028012,5.014138221740723
2007-05-09,5.004611761443302,5.0268402697508545,4.99190971343317,5.014138221740723
2007-05-10,5.014140870181009,5.023667335510254,5.007789994241803,5.023667335510254
2007-05-11,5.031956867234776,5.041523544278007,5.022390494301056,5.0351457595825195
2007-05-14,5.035147578072328,5.035147578072328,4.987315392019185,4.993692874908447
2007-05-15,4.987314701080322,5.009636344264749,4.980936914965012,4.987314701080322
2007-05-16,4.9777478282990115,4.993691988857563,4.974559239474956,4.98412561416626
2007-05-17,4.974559239474956,5.006447256482491,4.968181453607707,4.98412561416626
2007-05-18,4.987314507099883,5.000069774724811,4.974559239474956,4.98412561416626
2007-05-21,4.974560404648088,5.000070945873184,4.961805134035539,4.990504264831543
2007-05-22,4.993689207831468,4.993689207831468,4.974556469104038,4.977745056152344
2007-05-23,4.971370346541332,5.006447256482491,4.968181453607707,4.98412561416626
2007-05-24,4.987315675260636,5.012826216485733,4.971371510967541,4.990504264831543
2007-05-25,5.003261832187335,5.054283242168504,4.990506555719487,4.996884346008301
2007-05-29,4.99369003989184,5.054277765545902,4.99369003989184,5.04152250289917
2007-05-30,5.0670330281926335,5.0670330281926335,5.038333611210125,5.04152250289917
2007-05-31,5.044710895006634,5.0702214193116175,5.035144524419626,5.038333415985107
2007-06-01,5.038333415985107,5.047899786572117,5.022389262267134,5.038333415985107
2007-06-04,5.012824121367336,5.051089917211726,5.012824121367336,5.0351457595825195
2007-06-05,5.051089024896621,5.051089024896621,5.012823235812187,5.025578498840332
2007-06-06,5.019203786022423,5.057469598517897,5.019203786022423,5.031959056854248
2007-06-07,5.051089461368993,5.051089461368993,4.96499120040704,4.974557876586914
2007-06-08,4.974555980579639,4.996877608272687,4.939478789508429,4.94585657119751
2007-06-11,4.936289089999308,4.974555165646298,4.9299116134643555,4.9299116134643555
2007-06-12,4.920349210372775,4.939481959500029,4.8342509269714355,4.8342509269714355
2007-06-13,4.852187039790824,4.900228680103612,4.842578833904009,4.881011962890625
2007-06-14,4.881010358956495,4.92905198348247,4.881010358956495,4.900227069854736
2007-06-15,4.884209311366682,4.916237035584036,4.881006477857143,4.89702033996582
2007-06-18,4.93225252394261,4.93225252394261,4.881008389476579,4.8906168937683105
2007-06-19,4.884215358244051,4.932256698608398,4.884215358244051,4.932256698608398
2007-06-20,4.929049994617834,4.93225252394261,4.884211224240489,4.8906168937683105
2007-06-21,4.897025506871797,4.897025506871797,4.89062013853336,4.89382266998291
2007-06-22,4.897024789044742,4.909835829283056,4.874605544987515,4.903430461883545
2007-06-25,4.890619421645231,4.916241502121859,4.871402708568113,4.903430461883545
2007-06-26,4.90343095937734,4.906633490682373,4.874606039556784,4.877808570861816
2007-06-27,4.877808075967624,4.916241502121859,4.871402708568113,4.903430461883545
2007-06-28,4.913038108640478,4.941863022268212,4.900227069854736,4.900227069854736
2007-06-29,4.938664036141805,4.951475084914385,4.9194473102631875,4.941866874694824
2007-07-02,4.941859544996254,4.977089800507942,4.91944001381696,4.973886966705322
2007-07-03,4.954674563142486,4.986702010632756,4.938660686677707,4.948268890380859
2007-07-05,4.935454938759366,4.935454938759366,4.890616477636363,4.906630039215088
2007-07-06,4.897021841180031,4.913035708197865,4.897021841180031,4.906630039215088
2007-07-09,4.897027295387561,4.916244018299971,4.864999525680028,4.874608039855957
2007-07-10,4.8617949980186825,4.881011407606172,4.8617949980186825,4.877808570861816
2007-07-11,4.86687425284561,4.886174309274609,4.850790667975534,4.863657474517822
2007-07-12,4.854003371844775,4.8668701675866535,4.812186208991519,4.815402984619141
2007-07-13,4.8154067721089495,4.818623243497833,4.757505992345158,4.776806354522705
2007-07-16,4.757504463195801,4.7703712649222565,4.725337305495288,4.757504463195801
2007-07-17,4.722118652286584,4.7478522438438455,4.693168285092513,4.725335121154785
2007-07-18,4.744637828225347,4.747854605462206,4.712470669394281,4.7285542488098145
2007-07-19,4.702817556867433,4.725334369204747,4.702817556867433,4.722117900848389
2007-07-20,4.712465235200647,4.78001594543457,4.712465235200647,4.78001594543457
2007-07-23,4.763935864821182,4.786452680975889,4.7414187418978635,4.751069068908691
2007-07-24,4.747851488310623,4.747851488310623,4.71246757547363,4.722117900848389
2007-07-25,4.699604272582369,4.722121408413847,4.673870666005356,4.69317102432251
2007-07-26,4.689953339649803,4.696386893434035,4.471217419285587,4.590235710144043
2007-07-27,4.612751708607839,4.667435678903812,4.583801335301892,4.664218902587891
2007-07-30,4.667435678903812,4.680302477398825,4.6384853055978645,4.664218902587891
2007-07-31,4.693170061183316,4.693170061183316,4.648136105531082,4.651352882385254
2007-08-01,4.644918551461034,4.6706524552197335,4.628835283418774,4.664218902587891
2007-08-02,4.706036622539534,4.706036622539534,4.6417026225709614,4.657785892486572
2007-08-03,4.651352438626136,4.664219238046551,4.641702415752999,4.648135662078857
2007-08-06,4.702818271684848,4.702818271684848,4.661001109010466,4.670651435852051
2007-08-07,4.67386745939184,4.677084234699222,4.664217440238272,4.667434215545654
2007-08-08,4.664216993188334,4.667433768187399,4.615966595276564,4.61918306350708
2007-08-09,4.6127544144074175,4.6127544144074175,4.587020802322291,4.606320858001709
2007-08-10,4.606315214805235,4.60953198906722,4.541981263407938,4.583798408508301
2007-08-13,4.582510659565352,4.660070707927325,4.582510659565352,4.621290683746338
2007-08-14,4.624520664755852,4.6439105153490425,4.588972091674805,4.588972091674805
2007-08-15,4.569581778528305,4.605130039814881,4.511411616244738,4.530801773071289
2007-08-16,4.492020740341302,4.521105816827185,4.395070896316412,4.443545818328857
2007-08-17,4.443549417344013,4.585742863092655,4.443549417344013,4.5825114250183105
2007-08-20,4.582508943541833,4.582508943541833,4.498485435182736,4.504948616027832
2007-08-21,4.524338832945084,4.576045513153076,4.498485492841088,4.576045513153076
2007-08-22,4.611594765551158,4.614826202392578,4.5857411134466055,4.614826202392578
2007-08-23,4.6277489141068875,4.6277489141068875,4.5922006737026475,4.605127334594727
2007-08-24,4.595437334292347,4.6374491042041415,4.592205588561539,4.621290683746338
2007-08-27,4.650372686989178,4.650372686989178,4.595434278877863,4.598665714263916
2007-08-28,4.605130561329042,4.605130561329042,4.540497211581192,4.553423881530762
2007-08-29,4.55665428048094,4.598665714263916,4.553422536898855,4.598665714263916
2007-08-30,4.605127334594727,4.618053995486805,4.585737189158655,4.605127334594727
2007-08-31,4.605131187020406,4.630984530432196,4.598667697069377,4.6115946769714355
2007-09-04,4.637446879772395,4.653604984283447,4.621288467065254,4.653604984283447
2007-09-05,4.656834866586042,4.702078342437744,4.640676460339294,4.702078342437744
2007-09-06,4.685920155942327,4.744090297880186,4.685920155942327,4.740858554840088
2007-09-07,4.731166684195037,4.782873373389051,4.698849849350688,4.779641628265381
2007-09-10,4.795798997530142,4.82165233647671,4.779640583639508,4.792567253112793
2007-09-11,4.795799382637233,4.828115904817434,4.792567637960372,4.80549430847168
2007-09-12,4.826918149491629,4.83665629721678,4.787965249020892,4.813933849334717
2007-09-13,4.820430926038723,4.823676772113478,4.758755207061768,4.758755207061768
2007-09-14,4.745764072943554,4.778224963598446,4.7295336276161075,4.765240669250488
2007-09-17,4.71979568480611,4.761994720622638,4.71979568480611,4.7327799797058105
2007-09-18,4.723044946308871,4.836657524108887,4.723044946308871,4.836657524108887
2007-09-19,4.804196920267545,4.856134134069863,4.7782283133663865,4.836657524108887
2007-09-20,4.761995913671675,4.820425410143993,4.761995913671675,4.781472206115723
2007-09-21,4.755504674454371,4.813934184007663,4.745766526052208,4.8074421882629395
2007-09-24,4.8269151233520375,4.8269151233520375,4.787962247302041,4.810684680938721
2007-09-25,4.820426914530895,4.83341121673584,4.797704153494605,4.83341121673584
2007-09-26,4.830164063394397,4.859378814697266,4.817179763878691,4.859378814697266
2007-09-27,4.846394337216529,4.878854930028744,4.843148185064274,4.86911678314209
2007-09-28,4.901577518242581,4.904823360713952,4.865870464926619,4.875608921051025
2007-10-01,4.878854930028744,4.90482352810656,4.8658706309898365,4.86911678314209
2007-10-02,4.90482352810656,4.90482352810656,4.849640179798675,4.86911678314209
2007-10-03,4.911316012760089,4.911316012760089,4.84639451518156,4.859378814697266
2007-10-04,4.843149326824728,4.856133628924653,4.826918871807276,4.8496413230896
2007-10-05,4.820424117601547,4.833408412272683,4.787963226138707,4.794455528259277
2007-10-08,4.820423960335657,4.820423960335657,4.787963069931851,4.7912092208862305
2007-10-09,4.7912113191941055,4.813933766686055,4.755504262198037,4.771734714508057
2007-10-10,4.794456813838537,4.794456813838537,4.752257767449651,4.781472206115723
2007-10-11,4.783430392018222,4.793212371138913,4.711695152884974,4.770387649536133
2007-10-12,4.783429108004012,4.783429108004012,4.760604392528062,4.767125606536865
2007-10-15,4.760604531654895,4.770386508435688,4.727997527767675,4.757343769073486
2007-10-16,4.7508230931648745,4.7508230931648745,4.708434104919434,4.708434104919434
2007-10-17,4.741040660419213,4.741040660419213,4.698651676234855,4.7182159423828125
2007-10-18,4.705173764192897,4.770387474206498,4.705173764192897,4.763865947723389
2007-10-19,4.741043720125967,4.750825704031172,4.7312617362207625,4.737782955169678
2007-10-22,4.708433210463003,4.812775435154412,4.708433210463003,4.806253910064697
2007-10-23,4.8095138961846695,4.819295871276654,4.793210397055773,4.812774658203125
2007-10-24,4.806257074118215,4.816039368192664,4.675829596095271,4.6953935623168945
2007-10-25,4.679089931046475,4.695393131079285,4.561704900643147,4.623658180236816
2007-10-26,4.613873657930009,4.639959138535987,4.5910489401406425,4.620395183563232
2007-10-29,4.574745482798194,4.646480710664182,4.574745482798194,4.643219947814941
2007-10-30,4.646479944956695,4.662783445552734,4.636697968984436,4.656261920928955
2007-10-31,4.662784239753879,4.692130483632544,4.626916470140639,4.6530022621154785
2007-11-01,4.662782859211677,4.679086357757564,4.630175862119902,4.675825595855713
2007-11-02,4.6464799722068255,4.675826211259119,4.6464799722068255,4.666044235229492
2007-11-05,4.6627831060373355,4.666043868111796,4.636697631368422,4.646479606628418
2007-11-06,4.636699350472142,4.656263308245672,4.610613866131769,4.633438587188721
2007-11-07,4.587788291172664,4.623656061118558,4.5747455505460115,4.600831031799316
2007-11-08,4.610613461355377,4.613873913389054,4.5714852382799736,4.5910491943359375
2007-11-09,4.558441477985799,4.584527266946247,4.542138287460229,4.55518102645874
2007-11-12,4.4932277829932445,4.591048480963789,4.4932277829932445,4.55518102645874
2007-11-13,4.58663039007401,4.58663039007401,4.530935567485102,4.563697338104248
2007-11-14,4.783201543765741,4.783201543765741,4.504727363586426,4.504727363586426
2007-11-15,4.504727466328857,4.534213005189691,4.48179440829909,4.488346576690674
2007-11-16,4.517832544813504,4.52110878554033,4.445756811020909,4.481794834136963
2007-11-19,4.3998902725476565,4.524384596382574,4.3998902725476565,4.488346576690674
2007-11-20,4.485071551536993,4.547318886540549,4.45558631712641,4.521109580993652
2007-11-21,4.521107733210533,4.566973842952275,4.5014506058644725,4.547317028045654
2007-11-23,4.635773320004327,4.635773320004327,4.511279325757222,4.547317028045654
2007-11-26,4.557145761158738,4.596459706220847,4.544041112804702,4.5866312980651855
2007-11-27,4.586634410381063,4.645605524209515,4.576805995556212,4.619396209716797
2007-11-28,4.6193928328834435,4.6980207188836385,4.6095641128038345,4.691468238830566
2007-11-29,4.707850245874255,4.711126486679758,4.64887916113327,4.671812534332275
2007-11-30,4.68491792678833,4.68491792678833,4.652156138425786,4.68491792678833
2007-12-03,4.7340595474392435,4.7340595474392435,4.64887916113327,4.671812534332275
2007-12-04,4.68491750101952,4.724231456017949,4.675089090379798,4.711126804351807
2007-12-05,4.691469512144855,4.704574163368295,4.6587080403060215,4.681641101837158
2007-12-06,4.688194335017697,4.688194335017697,4.639051650724344,4.645604133605957
2007-12-07,4.6292246245416475,4.645605524209515,4.60301531004893,4.619396209716797
2007-12-10,4.661984024065596,4.66526026502019,4.632498792792859,4.658708095550537
2007-12-11,4.707850991178369,4.7275081266838095,4.652156138425786,4.68491792678833
2007-12-12,4.704011252219896,4.799474029500623,4.671092923254492,4.700719356536865
2007-12-13,4.697427129546603,4.717177873066918,4.6447577476501465,4.6447577476501465
2007-12-14,4.628297616364217,4.664507512068762,4.615130353023263,4.625005722045898
2007-12-17,4.615131378173828,4.631590225556754,4.588796531709887,4.615131378173828
2007-12-18,4.628297165973245,4.628297165973245,4.57562780380249,4.57562780380249
2007-12-19,4.55916832159365,4.608545468901842,4.55916832159365,4.592086315155029
2007-12-20,4.595378708385562,4.631588599420164,4.575627658955237,4.611837863922119
2007-12-21,4.628298803699227,4.631590384929641,4.575629422891384,4.578921318054199
2007-12-24,4.595383644104004,4.598675541533468,4.5657571951040685,4.595383644104004
2007-12-26,4.569047306130675,4.64805092995331,4.569047306130675,4.608549118041992
2007-12-27,4.598670102226653,4.6217127291128435,4.578919054944028,4.592086315155029
2007-12-28,4.592087119810848,4.690841745663917,4.578919857292592,4.680966377258301
2007-12-31,4.680966952486487,4.70400958624199,4.628297895941142,4.674383163452148
2008-01-02,4.6710904583574635,4.759969711303711,4.657923196506051,4.759969711303711
2008-01-03,4.756679386871559,4.848850250244141,4.756679386871559,4.848850250244141
2008-01-04,4.8422686543793265,4.875186989618014,4.8323932793807245,4.845560550689697
2008-01-07,4.84226665886506,4.855433924747759,4.829099392982362,4.8356828689575195
2008-01-08,4.838974879080175,4.86860130650446,4.822515717851974,4.848850250244141
2008-01-09,4.8488493683913845,4.862016946125089,4.8192232602875436,4.8389739990234375
2008-01-10,4.832387381956812,4.852138107850318,4.832387381956812,4.8422627449035645
2008-01-11,4.834988925298744,4.881288522754429,4.834988925298744,4.87136697769165
2008-01-14,4.874675277989524,4.901132106781006,4.858139681147279,4.901132106781006
2008-01-15,4.884599030616088,4.95074113245647,4.884599030616088,4.947433948516846
2008-01-16,4.9474322016710905,4.970581850293912,4.92097537027635,4.963967800140381
2008-01-17,4.973885048012653,4.983806272989265,4.937507012838371,4.960656642913818
2008-01-18,4.927591672140926,4.954048515625378,4.828378666769453,4.854835510253906
2008-01-22,4.772150847111027,4.93419885635376,4.772150847111027,4.93419885635376
2008-01-23,4.960658428767077,5.033414840698242,4.92428038049658,5.033414840698242
2008-01-24,4.973890299321038,5.0598751809391675,4.973890299321038,5.000347137451172
2008-01-25,5.00034682152481,5.00034682152481,4.957354383432046,4.9904255867004395
2008-01-28,4.967274038391726,5.0069592779377405,4.967274038391726,5.003652095794678
2008-01-29,5.00695943715814,5.0367231312214455,5.000345072661678,5.010266304016113
2008-01-30,5.020187691119745,5.036722971054566,5.000344913651614,5.003652095794678
2008-01-31,5.020186890350675,5.020186890350675,4.9540445196007585,4.993730068206787
2008-02-01,4.987119519360796,5.010269177595102,4.95404830869141,4.980505466461182
2008-02-04,4.993727813355933,4.9970346780881,4.9540422826693735,4.960656642913818
2008-02-05,4.924282396775963,5.03010971899649,4.924282396775963,4.987117290496826
2008-02-06,5.003652095794678,5.023494557872561,4.977195269430667,5.003652095794678
2008-02-07,4.993730067673941,5.026800937655173,4.983808522828394,4.997036933898926
2008-02-08,4.997039159610032,5.02680317662335,4.990425108823927,5.016881942749023
2008-02-11,5.0268025398254395,5.030109722494705,5.01688130720794,5.0268025398254395
2008-02-12,5.016882890386561,5.053260965057428,5.016882890386561,5.043339729309082
2008-02-13,5.039354294946671,5.072573632410174,4.876580238342285,4.876580238342285
2008-02-14,4.843355287135029,4.843355287135029,4.65732810000488,4.66064977645874
2008-02-15,4.663974756866101,4.720447411186225,4.61746777189573,4.717125415802002
2008-02-19,4.740377409851382,4.796849727630615,4.7171237670922554,4.796849727630615
2008-02-20,4.773599147796631,4.793530807798768,4.717126480727394,4.773599147796631
2008-02-21,4.756985363280389,4.756985363280389,4.634074464011576,4.66064977645874
2008-02-22,4.63407526266912,4.640719250327323,4.587568616272773,4.604177951812744
2008-02-25,4.604181653700515,4.697195654884542,4.5776063153059425,4.683907985687256
2008-02-26,4.6938750588251965,4.7005187370045025,4.67062170999295,4.687231063842773
2008-02-27,4.67062007325718,4.67062007325718,4.587572065898293,4.590893745422363
2008-02-28,4.584250728779618,4.594216402390892,4.4879150390625,4.4879150390625
2008-02-29,4.487912279453283,4.487912279453283,4.3982203216940885,4.404864311218262
2008-03-03,4.401543134005016,4.5776047706604,4.368323813819661,4.5776047706604
2008-03-04,4.59421566459751,4.617469004890537,4.484592322068953,4.531099319458008
2008-03-05,4.570961562434741,4.63075590133667,4.570961562434741,4.63075590133667
2008-03-06,4.7171260258514085,4.7171260258514085,4.547708040980803,4.56431770324707
2008-03-07,4.534419923583755,4.590892579591127,4.534419923583755,4.54438591003418
2008-03-10,4.54438591003418,4.587570900910578,4.5244542539362556,4.54438591003418
2008-03-11,4.541062109125419,4.580925088669708,4.527774449277323,4.551027774810791
2008-03-12,4.5203171110570795,4.543686447775999,4.453547350157788,4.4669013023376465
2008-03-13,4.4568832808165615,4.4902679823219795,4.450206149485591,4.486929416656494
2008-03-14,4.466899888863891,4.48693065160362,4.413484097046967,4.443530559539795
2008-03-17,4.466900123070563,4.466900123070563,4.346714585180966,4.350052833557129
2008-03-18,4.333357988231149,4.446866649955084,4.333357988231149,4.440189838409424
2008-03-19,4.433514626649414,4.450207140310232,4.383437404050177,4.386775970458984
2008-03-20,4.373424747824544,4.423502001621611,4.360070792253098,4.363409042358398
2008-03-24,4.360066189563026,4.453543779883824,4.360066189563026,4.440189838409424
2008-03-25,4.456884367849769,4.496946210457233,4.450207234890247,4.48025369644165
2008-03-26,4.607118411349282,4.607118411349282,4.473578558067882,4.520317554473877
2008-03-27,4.520315788180367,4.5436851180602185,4.5103004065723225,4.513638973236084
2008-03-28,4.530329584396833,4.533668149892262,4.476913810002488,4.490267753601074
2008-03-31,4.473578671475414,4.503625147185006,4.473578671475414,4.50028657913208
2008-04-01,4.516977081303121,4.5670546245553485,4.516977081303121,4.5503621101379395
2008-04-02,4.547025461453484,4.553702597390068,4.520317554473877,4.520317554473877
2008-04-03,4.510297659744942,4.547020915531681,4.506959095114408,4.523651599884033
2008-04-04,4.526994101226716,4.547024869662754,4.513640149474916,4.540348052978516
2008-04-07,4.53701016568386,4.573733458911445,4.526994779964223,4.560379505157471
2008-04-08,4.553698642853519,4.56037545460844,4.510298252105713,4.510298252105713
2008-04-09,4.533670178622675,4.553701262175644,4.5169776620590785,4.530331611633301
2008-04-10,4.5436852236955385,4.577070254342839,4.5436852236955385,4.553700923919678
2008-04-11,4.5664529296022,4.583229088545735,4.563097953796387,4.563097953796387
2008-04-14,4.576516005808175,4.593291834468459,4.556384563446045,4.556384563446045
2008-04-15,4.5597396475020515,4.57651579536935,4.5429634996347525,4.5530290603637695
2008-04-16,4.5731610474986875,4.610068321228027,4.559740191599069,4.610068321228027
2008-04-17,4.58658156826958,4.640264987945557,4.58658156826958,4.640264987945557
2008-04-18,4.646974769661448,4.660395622253418,4.623488037641725,4.660395622253418
2008-04-21,4.6671053466409695,4.767761889382232,4.6469742300797146,4.697302341461182
2008-04-22,4.680531011871723,4.693951876709472,4.680531011871723,4.690596580505371
2008-04-23,4.697302222088137,4.74763033219061,4.693946929420419,4.740920066833496
2008-04-24,4.74763033219061,4.74763033219061,4.717433658116118,4.740920066833496
2008-04-25,4.757695041158298,4.757695041158298,4.724142762682056,4.737563610076904
2008-04-28,4.704015982008027,4.744278561257549,4.697305392143838,4.720791816711426
2008-04-29,4.730857650070227,4.730857650070227,4.710726200675082,4.717436790466309
2008-04-30,4.714081891138537,4.754344473328807,4.710726595961375,4.744278907775879
2008-05-01,4.730859756469727,4.761056464039628,4.727504460080179,4.730859756469727
2008-05-02,4.7476338829744815,4.754344473328807,4.730858047045789,4.744278907775879
2008-05-05,4.744278421988959,4.761054256199903,4.730857562633088,4.7543439865112305
2008-05-06,4.747632235741626,4.757698117780666,4.724145817607428,4.750987529754639
2008-05-07,4.744275359501214,4.761051182883158,4.730854508808666,4.740920066833496
2008-05-08,4.724145135094169,4.75434213689173,4.724145135094169,4.747631549835205
2008-05-09,4.747632235741626,4.764408385828244,4.744277261707061,4.750987529754639
2008-05-12,4.767764029960658,4.777829592760412,4.700659744664846,4.7107253074646
2008-05-13,4.713421832695188,4.740394500393794,4.713421832695188,4.737022876739502
2008-05-14,4.7269085385218395,4.767367059573938,4.720165290911951,4.750509262084961
2008-05-15,4.737019979901868,4.770735231219657,4.7302767367169904,4.7639923095703125
2008-05-16,4.790965847730057,4.804452015966081,4.774108057051123,4.784222602844238
2008-05-19,4.7606261821839535,4.814570903778076,4.7606261821839535,4.814570903778076
2008-05-20,4.801083179067702,4.814569355128282,4.794340251805312,4.804454803466797
2008-05-21,4.814567536379004,4.8381685767213485,4.807824611663818,4.807824611663818
2008-05-22,4.817936608851045,4.841537315163312,4.8111936877056145,4.824679851531982
2008-05-23,4.841542991925438,4.8449146172191755,4.821313883234789,4.828056812286377
2008-05-27,4.844913035040431,4.848284659233113,4.811197757720947,4.811197757720947
2008-05-28,4.804454453113983,4.841541354192159,4.804454453113983,4.838170051574707
2008-05-29,4.841540693189234,4.85165556426796,4.824683217796156,4.83142614364624
2008-05-30,4.831428437580113,4.851657867806648,4.821313883234789,4.828056812286377
2008-06-02,4.871883344887367,4.878626590448276,4.84153938293457,4.84153938293457
2008-06-03,4.834792137145996,4.851649914443655,4.821305979614941,4.834792137145996
2008-06-04,4.824681429087924,4.848282143117062,4.780851301936942,4.784222602844238
2008-06-05,4.760624303729352,4.838170051574707,4.760624303729352,4.838170051574707
2008-06-06,4.807822066365145,4.84828055784425,4.807822066365145,4.824679851531982
2008-06-09,4.807826758165341,4.8887438200878535,4.807826758165341,4.851656913757324
2008-06-10,4.821305979614941,4.855021212674901,4.8111914418504895,4.834792137145996
2008-06-11,4.82395587448793,4.854444411830587,4.766366486855715,4.773141860961914
2008-06-12,4.7562025010474995,4.773140608801926,4.729101657867432,4.729101657867432
2008-06-13,4.7324918741085344,4.739266926991851,4.6986156404888275,4.708778381347656
2008-06-16,4.722326240689966,4.75959014200931,4.708775819228623,4.752814769744873
2008-06-17,4.759591965143534,4.779917443587341,4.749429225921631,4.749429225921631
2008-06-18,4.779917058735958,4.779917058735958,4.681676392653582,4.688451766967773
2008-06-19,4.688452239621256,4.705390354046676,4.664739073266266,4.681676864624023
2008-06-20,4.674903121695257,4.688453552416262,4.617313710364048,4.624088764190674
2008-06-23,4.627476995262326,4.651190171037786,4.593601076021351,4.607151508331299
2008-06-24,4.6071503493477755,4.6647397529447,4.6071503493477755,4.644413948059082
2008-06-25,4.6308634963171205,4.742654614967363,4.6308634963171205,4.708778381347656
2008-06-26,4.70200332846434,4.729104186133022,4.688452899629998,4.708778381347656
2008-06-27,4.735878572331237,4.735878572331237,4.678289500193069,4.681676864624023
2008-06-30,4.725716079363877,4.729103767039172,4.685064796463376,4.691840171813965
2008-07-01,4.69184035537317,4.72232857644058,4.688452667565339,4.7189412117004395
2008-07-02,4.732492714025064,4.77991906182857,4.712166905632301,4.77653169631958
2008-07-03,4.77653169631958,4.77653169631958,4.735880079534054,4.77653169631958
2008-07-07,4.732489029220527,4.790078397914137,4.732489029220527,4.786690711975098
2008-07-08,4.759591532533412,4.7968551216718565,4.742653419991347,4.7900800704956055
2008-07-09,4.790080583915528,4.83411955201812,4.769754782072924,4.823956489562988
2008-07-10,4.823956489562988,4.83411955201812,4.8002433233029995,4.823956489562988
2008-07-11,4.807272035258173,4.834508678259015,4.759607747663501,4.763012409210205
2008-07-14,4.73918342590332,4.776633752550061,4.73918342590332,4.73918342590332
2008-07-15,4.745992502922452,4.745992502922452,4.637045860290527,4.637045860290527
2008-07-16,4.664281086816536,4.732372717525276,4.640449097240104,4.69832706451416
2008-07-17,4.70173309925658,4.763015422434282,4.70173309925658,4.73918342590332
2008-07-18,4.759611006373942,4.759611006373942,4.708542346954346,4.708542346954346
2008-07-21,4.674494178973997,4.725563139279214,4.674494178973997,4.718753814697266
2008-07-22,4.681305441739612,4.759610758733688,4.681305441739612,4.73918342590332
2008-07-23,4.75960878812956,4.763013450420534,4.711944814801783,4.718753814697266
2008-07-24,4.711947010832083,4.739183672480751,4.691519352252274,4.708542346954346
2008-07-25,4.715350053362972,4.722159054090592,4.691517739100033,4.69832706451416
2008-07-28,4.701731727221223,4.732372717525276,4.691517739100033,4.69832706451416
2008-07-29,4.698327917210769,4.756205894989063,4.698327917210769,4.742587566375732
2008-07-30,4.7562047406698404,4.7562047406698404,4.722158765056108,4.745990753173828
2008-07-31,4.72215847698824,4.752799788234078,4.718753814697266,4.718753814697266
2008-08-01,4.739181806388015,4.763013794774898,4.7153498180011315,4.728968143463135
2008-08-04,4.694924627832449,4.749397958227122,4.694924627832449,4.722161293029785
2008-08-05,4.705138296109785,4.749397958227122,4.705138296109785,4.722161293029785
2008-08-06,4.732375028955456,4.732375028955456,4.6813063621521,4.6813063621521
2008-08-07,4.681308583725831,4.7051405962522885,4.6472625732421875,4.6472625732421875
2008-08-08,4.657473122978659,4.691518783569336,4.657473122978659,4.691518783569336
2008-08-11,4.698328787113514,4.705137790337594,4.681305792023377,4.688115119934082
2008-08-12,4.657473748995284,4.691519414162079,4.657473748995284,4.66768741607666
2008-08-13,4.657759666442871,4.685138096079624,4.650915222221996,4.657759666442871
2008-08-14,4.674873532366321,4.68171830628133,4.657761923955581,4.661184310913086
2008-08-15,4.671451145408816,4.674873532366321,4.657761923955581,4.661184310913086
2008-08-18,4.661185208966869,4.678296820674442,4.661185208966869,4.671452045440674
2008-08-19,4.668029912436095,4.6748743611877925,4.650918300991591,4.664607524871826
2008-08-20,4.671452507880331,4.674874895836006,4.6474964449443625,4.654341220855713
2008-08-21,4.633803622104868,4.6646044370403725,4.633803622104868,4.657759666442871
2008-08-22,4.63722962696215,4.654341240435633,4.62354040145874,4.62354040145874
2008-08-25,4.620117956976046,4.637229570240222,4.609851119568292,4.633807182312012
2008-08-26,4.620117994052719,4.668030446301535,4.620117994052719,4.654341220855713
2008-08-27,4.6543376075207465,4.678293651858748,4.6543376075207465,4.657759666442871
2008-08-28,4.681715965270996,4.695405179879178,4.668026750662814,4.681715965270996
2008-08-29,4.6748738288879395,4.6748738288879395,4.640650936272527,4.6748738288879395
2008-09-02,4.644072997070305,4.688563051209465,4.644072997070305,4.6748738288879395
2008-09-03,4.6748741236780464,4.688563346862793,4.6748741236780464,4.688563346862793
2008-09-04,4.678295187534545,4.685139634002147,4.664605968222608,4.668028354644775
2008-09-05,4.681718898458833,4.688563346862793,4.657762513102908,4.688563346862793
2008-09-08,4.685141112414688,4.784388065338135,4.678296663787296,4.784388065338135
2008-09-09,4.722784595718873,4.7296290412645074,4.685139002899474,4.698828220367432
2008-09-10,4.702252273530991,4.702252273530991,4.657762219391831,4.6748738288879395
2008-09-11,4.661456904706642,4.668337113202269,4.637375354766846,4.637375354766846
2008-09-12,4.620174059689786,4.620174059689786,4.5857720375061035,4.5857720375061035
2008-09-15,4.585776130679113,4.585776130679113,4.523852566709537,4.530733108520508
2008-09-16,4.496325952374509,4.527287699218225,4.400000772924439,4.472244739532471
2008-09-17,4.44128188380715,4.47568388906235,4.365597669094813,4.382798671722412
2008-09-18,4.38624452023994,4.396565003718649,4.097268358178029,4.241756439208984
2008-09-19,4.22799253134797,4.379360712424542,4.22799253134797,4.37592077255249
2008-09-22,4.365599334202487,4.393121145752997,4.128226457265768,4.176389217376709
2008-09-23,4.176390174583253,4.176390174583253,3.9046152169804853,4.090385437011719
2008-09-24,4.04566247883359,4.0938249164812754,3.9562174830850307,4.052542686462402
2008-09-25,4.049101743881975,4.145426923403297,4.049101743881975,4.13166618347168
2008-09-26,4.059420868517735,4.111023544101554,4.025018866073983,4.049100399017334
2008-09-29,3.9906196543637495,3.9906196543637495,3.6259594501353534,3.701643705368042
2008-09-30,3.7050842094465697,3.8048496907588025,3.6293999493911415,3.7876486778259277
2008-10-01,3.763567066026868,3.969978561631688,3.763567066026868,3.945897340774536
2008-10-02,3.9493360749672126,3.9493360749672126,3.828929679363731,3.853010892868042
2008-10-03,3.825489044189453,3.921814217020461,3.818608838742472,3.825489044189453
2008-10-06,3.667240567166318,3.6706808341045316,3.2406573092851807,3.5261929035186768
2008-10-07,3.526195261541147,3.557157028525869,3.3920277139680626,3.4505109786987305
2008-10-08,3.3576234056129763,3.567474745433083,3.3060203912401813,3.3713841438293457
2008-10-09,3.3817073857786717,3.422989634246355,2.789994501577581,2.8897600173950195
2008-10-10,2.4460080957936707,2.772142354156087,2.2447760905581653,2.5847885608673096
2008-10-13,2.6611174536336835,3.139910459373736,2.6611174536336835,3.108684778213501
2008-10-14,3.4348182115115287,3.5666597634056387,3.105214497215548,3.164196252822876
2008-10-15,3.1121534006168288,3.16072637314841,2.9490861892700195,2.9490861892700195
2008-10-16,2.966435659186144,3.0809296380601037,2.966435659186144,3.053173542022705
2008-10-17,3.0358245595651505,3.1572576742992036,2.969903943286899,3.091336727142334
2008-10-20,3.15725826459023,3.538904653476498,3.1260325817703563,3.514618158340454
2008-10-21,3.500741653950171,3.5874795528849965,3.4209426148731423,3.566662311553955
2008-10-22,3.5562520188855,3.691563190427703,3.5180874821893857,3.6117641925811768
2008-10-23,3.61176580913312,3.802589239779635,3.61176580913312,3.736668586730957
2008-10-24,3.6429895775231875,3.7401358736111234,3.5909470016243077,3.6915628910064697
2008-10-27,3.677685260772705,3.7748315677453532,3.6603376232364946,3.677685260772705
2008-10-28,3.7609554056918397,3.809528418042411,3.7054432025032833,3.743607759475708
2008-10-29,3.7262615486037505,3.760956854400536,3.4972734568060506,3.642993211746216
2008-10-30,3.6603393312412966,3.6985038869265527,3.6013575346230158,3.6082963943481445
2008-10-31,3.6533979087737345,3.6533979087737345,3.434818501461991,3.504209041595459
2008-11-03,3.441755968077036,3.52155458612731,3.4174694896927704,3.4521644115448
2008-11-04,3.4313481804394317,3.4903299228273004,3.424408996215675,3.469512701034546
2008-11-05,3.469515891057377,3.6568697359393227,3.469515891057377,3.6082963943481445
2008-11-06,3.56666214968472,3.8095281895042454,3.56666214968472,3.7123818397521973
2008-11-07,3.708913643459475,3.892798288445769,3.6811575330613433,3.8442249298095703
2008-11-10,3.8789163369635715,3.9830014809659415,3.840751475342673,3.8546295166015625
2008-11-11,3.840752173413409,3.948307260877286,3.8268741296321345,3.830343723297119
2008-11-12,3.841169488698214,3.945928723175887,3.6316510197428684,3.7992658615112305
2008-11-13,3.684034278579323,3.8306972785887146,3.6491143898072815,3.739905834197998
2008-11-14,3.7189484354812357,3.8097397480689357,3.6700610617957485,3.687520980834961
2008-11-17,3.6665713071185166,3.6665713071185166,3.5024484982208146,3.5199084281921387
2008-11-18,3.5268914147316175,3.58974667646334,3.3557845549087677,3.411656379699707
2008-11-19,3.3941991698575076,3.446578652029068,3.2545199956989705,3.278964042663574
2008-11-20,3.174203043173376,3.2126146206334196,3.0170643479017176,3.1602351665496826
2008-11-21,3.1288081155872582,3.237059435297384,3.072936595615785,3.1916637420654297
2008-11-24,3.1567423851454164,3.380228692534784,3.1357904085381376,3.376736640930176
2008-11-25,3.537369369926218,3.537369369926218,3.2684872373150373,3.3488028049468994
2008-11-26,3.3522949530610693,3.5548294051188662,3.3522949530610693,3.4570538997650146
2008-11-28,3.4989580058110974,3.4989580058110974,3.4116586583569752,3.464038133621216
2008-12-01,3.579270855011446,3.610698652387487,3.4081643282089558,3.411656379699707
2008-12-02,3.3208650308266394,3.408164319756759,3.198645893116328,3.2300736904144287
2008-12-03,3.2230919264126623,3.2300760344451342,3.104365087046037,3.19864821434021
2008-12-04,3.2021384891287377,3.244042114978551,3.111347133277268,3.156742811203003
2008-12-05,3.1427761681812987,3.1427761681812987,2.9681774921712263,2.9856374263763428
2008-12-08,2.9681757759770377,3.031031369564241,2.793577200919565,2.8704006671905518
2008-12-09,2.7551691206521873,2.7761209574563015,2.6189820981702456,2.68882155418396
2008-12-10,2.6678663501273205,2.737705884503333,2.618978792621243,2.706278085708618
2008-12-11,2.678437631281273,2.755971447267601,2.5727099295496667,2.5762341022491455
2008-12-12,2.576231767188638,2.6467170058393554,2.5233678802130157,2.6361441612243652
2008-12-15,2.5903309916248807,2.6255735569977063,2.523370033391609,2.5480399131774902
2008-12-16,2.50927382071582,2.5374678821542216,2.4705070702629484,2.5198466777801514
2008-12-17,2.5374677367351373,2.6749140304452643,2.526895048326575,2.643195629119873
2008-12-18,2.64671863487382,2.7982617139644885,2.64671863487382,2.7207279205322266
2008-12-19,2.7665433744841668,2.9251351356506348,2.745397839938592,2.9251351356506348
2008-12-22,2.974476603160134,3.020292043685913,2.9392341892863008,3.020292043685913
2008-12-23,3.0202896480144994,3.2317453079315253,2.9956199442606652,3.1542115211486816
2008-12-24,3.214124335066805,3.358618907816479,3.104872488592462,3.182405948638916
2008-12-26,3.277561408989727,3.3128038024027737,3.1929792614789205,3.2282216548919678
2008-12-29,3.228222046212805,3.3057558588793796,3.1824066267325386,3.1859309673309326
2008-12-30,3.1894552670756227,3.3445225543228982,3.182406585969121,3.3092801570892334
2008-12-31,3.3128049590069337,3.4643482782803394,3.2775625532896573,3.4185328483581543
2009-01-02,3.457297493042401,3.6617044447672895,3.4185304371673464,3.503112554550171
2009-01-05,3.524257648751684,3.72866456549133,3.4749179206733762,3.672276496887207
2009-01-06,3.6511354648560697,3.9084067764689046,3.6511354648560697,3.735718011856079
2009-01-07,3.707520773719269,3.7780058892444455,3.5771228898732637,3.651132345199585
2009-01-08,3.6335138697825307,3.703999034801152,3.601795461499207,3.647610902786255
2009-01-09,3.6828524686100867,3.7321922408037023,3.6617070920268953,3.6863768100738525
2009-01-12,3.7039955623409786,3.7780050002523398,3.679325525637549,3.756859302520752
2009-01-13,3.7785036272300716,3.79269517712344,3.7217374276565978,3.7323813438415527
2009-01-14,3.7678597949630337,3.7678597949630337,3.675614557708638,3.714641571044922
2009-01-15,3.7359250661512013,3.7359250661512013,3.6401322892513677,3.679158926010132
2009-01-16,3.718188380314661,3.899130842892442,3.718188380314661,3.8494606018066406
2009-01-20,3.7643097822344056,3.8459113981336417,3.618846399928194,3.6578733921051025
2009-01-21,3.640135336534701,3.6685184303657064,3.590464753153858,3.6188478469848633
2009-01-22,3.6153003425026395,3.6153003425026395,3.5159595012664795,3.5159595012664795
2009-01-23,3.5124108906279807,3.55498586748141,3.4698362521277013,3.4875757694244385
2009-01-26,3.5053148570286106,3.6507782719948216,3.501766886333555,3.565629005432129
2009-01-27,3.8494607345031775,3.8494607345031775,3.5514379243025247,3.5904645919799805
2009-01-28,3.6046574228951314,3.6969026757562387,3.6046574228951314,3.682711124420166
2009-01-29,3.6436814129583803,3.7181867417534593,3.629489535070184,3.6365854740142822
2009-01-30,3.679161840808596,3.6827098119664976,3.5798210168594293,3.5904645919799805
2009-02-02,3.5904632302090422,3.7749536002095936,3.586915260396795,3.6685168743133545
2009-02-03,3.664969488137775,3.8104328900743187,3.664969488137775,3.7926933765411377
2009-02-04,3.813979326619328,3.9204160266606882,3.778500313821227,3.906224489212036
2009-02-05,3.8955827639142293,4.058785705144977,3.8530081277261816,4.051690101623535
2009-02-06,4.080070287860188,4.161671531208005,4.065878752566964,4.097809791564941
2009-02-09,4.115550692816082,4.151029373920442,4.101359152703737,4.1439337730407715
2009-02-10,4.143934640317673,4.165221785764838,3.9807317256927495,3.980731725692749
2009-02-11,4.034648231190489,4.106057865090463,4.006084377630499,4.0525007247924805
2009-02-12,4.048930181856621,4.048930181856621,3.9489566938068754,3.984661340713501
2009-02-13,3.9846582338535246,4.01679262936972,3.9703763181249636,3.9882287979125977
2009-02-17,3.9775176904960383,3.9775176904960383,3.7168722868093265,3.731154203414917
2009-02-18,3.731153035994946,3.76328742343011,3.5954747004396115,3.6061863899230957
2009-02-19,3.6061893341640023,3.6454645394797334,3.5704843544166662,3.613330125808716
2009-02-20,3.602619294332017,3.602619294332017,3.4098131246501158,3.509786605834961
2009-02-23,3.5097864068701345,3.6169010151785645,3.456229272969896,3.4705111980438232
2009-02-24,3.4919337426714034,3.720444873058833,3.4562291020067004,3.699021816253662
2009-02-25,3.7882819937938663,3.9489539864988035,3.7133018440341496,3.9096784591674805
2009-02-26,4.013225194442,4.156044803592488,3.9489566938068754,3.984661340713501
2009-02-27,4.002513834420811,4.041789048170498,3.9596680538280635,3.984661340713501
2009-03-02,3.984660090283857,4.0132239350487104,3.781142611207303,3.8739752769470215
2009-03-03,3.870404303475551,3.870404303475551,3.691880122248877,3.7204439640045166
2009-03-04,3.6883093374539557,3.8061352628124787,3.6883093374539557,3.784712553024292
2009-03-05,3.731153737842893,3.749006216499193,3.684737429539597,3.6918785572052
2009-03-06,3.6811658670319543,3.74186372756958,3.6811658670319543,3.74186372756958
2009-03-09,3.6954497558337596,3.756147989387155,3.6847380624953248,3.71330189704895
2009-03-10,3.7347261210767946,3.8953978262405555,3.7347261210767946,3.8846864700317383
2009-03-11,3.863483293404739,3.910204527849687,3.820356079165856,3.8347318172454834
2009-03-12,3.845514786834821,3.8527028295866597,3.68738161648654,3.820357322692871
2009-03-13,3.8275418205373883,3.9102025293049834,3.7772269343474627,3.8239481449127197
2009-03-16,3.8383231709032954,3.881450355180992,3.8203534251014903,3.849104881286621
2009-03-17,3.8742634751789042,3.8742634751789042,3.8059788320608794,3.8419179916381836
2009-03-18,3.8131701325965905,3.888642884643499,3.7556671487027216,3.881455183029175
2009-03-19,3.899420887942219,3.9281723499298096,3.870669425954628,3.9281723499298096
2009-03-20,3.928173681994928,3.9964583416850408,3.8562946599069194,3.9569251537323
2009-03-23,4.043182269536877,4.043182269536877,3.9389580291874964,3.9892733097076416
2009-03-24,3.9856753943459067,4.057554051486945,3.9209844315467355,4.0216145515441895
2009-03-25,4.021616576924854,4.0970892906188965,3.9964591199417225,4.0970892906188965
2009-03-26,4.05755162138814,4.12224254544342,4.035987865788291,4.118648529052734
2009-03-27,4.118648470342705,4.194121099749937,4.09708471505024,4.1078667640686035
2009-03-30,4.086305309111827,4.111462752161559,3.9964569065119777,4.003644943237305
2009-03-31,4.010833168119212,4.010833168119212,3.960518275359728,3.992863416671753
2009-04-01,3.9533284515917986,4.010831356048584,3.949734434377163,4.010831356048584
2009-04-02,4.0108351177942145,4.053962336585643,3.974895940173691,4.025210857391357
2009-04-03,3.971299300011964,4.003644778455751,3.8814509011100844,3.9066083431243896
2009-04-06,3.9066095371434773,3.935361006160144,3.8922338026351437,3.931766986846924
2009-04-07,3.8670754075200633,3.9281723499298096,3.8491056580917036,3.9281723499298096
2009-04-08,3.9245801191785072,3.9245801191785072,3.856295108795166,3.856295108795166
2009-04-09,3.888640214786868,3.888640214786868,3.85629472286808,3.8742644786834717
2009-04-13,3.8673920606041476,3.896334508702085,3.8167435527211957,3.8529210090637207
2009-04-14,3.7950354016433216,3.8854795266301516,3.7733290048559778,3.8673906326293945
2009-04-15,3.885478798520292,3.9723050594329834,3.881860951394707,3.9723050594329834
2009-04-16,3.9506003941937706,3.9976313923409634,3.9506003941937706,3.9795424938201904
2009-04-17,3.946981405027665,4.066367617744918,3.946981405027665,4.051896572113037
2009-04-20,4.026572236254855,4.04466112913449,3.968688055053571,4.041043281555176
2009-04-21,4.015715682541978,4.127866103639498,4.012097837986149,4.073599815368652
2009-04-22,4.073604301612662,4.17851949415785,4.073604301612662,4.138723850250244
2009-04-23,4.138722304098623,4.225548911540264,4.113398063812298,4.218313217163086
2009-04-24,4.214694917337601,4.214694917337601,4.142339706420898,4.142339706420898
2009-04-27,4.138721730434627,4.211077284109681,4.1278685353901095,4.192988395690918
2009-04-28,4.196607688851848,4.2219319343566895,4.17851879419826,4.2219319343566895
2009-04-29,4.225551781564555,4.334084510803223,4.225551781564555,4.334084510803223
2009-04-30,4.381111525905267,4.453467072771096,4.2544900089237006,4.27981424331665
2009-05-01,4.287050234492572,4.31960981882895,4.258108151737897,4.272579193115234
2009-05-04,4.276197884286445,4.30513997509248,4.160429521062305,4.232784748077393
2009-05-05,4.232785605447287,4.2436388054436796,4.185754612106905,4.207461357116699
2009-05-06,4.214693744468724,4.2183115902619965,4.171280629999744,4.196605205535889
2009-05-07,4.247254163565922,4.250872009782535,4.200223197800353,4.211076736450195
2009-05-08,4.200221846316241,4.370256768600972,4.200221846316241,4.2689595222473145
2009-05-11,4.243638346617716,4.268962937227193,4.23278514779478,4.250874042510986
2009-05-12,4.2834323878940275,4.2834323878940275,4.250872458540807,4.272579193115234
2009-05-13,4.262025482862532,4.312980651855469,4.240187454121647,4.312980651855469
2009-05-14,4.33117620571223,4.436725867451665,4.31661764364829,4.367572784423828
2009-05-15,4.414890094758041,4.451286342003731,4.367574660945362,4.371214389801025
2009-05-18,4.371214553014186,4.480403993035484,4.367574824022622,4.469484806060791
2009-05-19,4.433089571594717,4.476765288174008,4.3712155529981205,4.4367289543151855
2009-05-20,4.4367289543151855,4.480405017998216,4.414891269577411,4.4367289543151855
2009-05-21,4.451286763244731,4.454926492444835,4.4039716720581055,4.4039716720581055
2009-05-22,4.422168444988384,4.425808173218208,4.3894119322307334,4.414889335632324
2009-05-26,4.42944652455071,4.440365358742465,4.367572552291634,4.407608509063721
2009-05-27,4.44036434971134,4.451283181421893,4.374851012344624,4.385769844055176
2009-05-28,4.396694241360657,4.414892548650336,4.338459935716755,4.342099666595459
2009-05-29,4.378495934070977,4.378495934070977,4.338459935716755,4.342099666595459
2009-06-01,4.363934266086693,4.418529149278686,4.353015428289732,4.378492832183838
2009-06-02,4.407608993205772,4.407608993205772,4.3275370708663115,4.3530144691467285
2009-06-03,4.353015930349616,4.36757449812589,4.323898794797067,4.349376201629639
2009-06-04,4.367570427537215,4.41124609016019,4.3566515986573,4.363930702209473
2009-06-05,4.3639331329642985,4.3894108773465454,4.323897173368632,4.331176280975342
2009-06-08,4.287502958055793,4.294782416779735,4.258385817367417,4.280223846435547
2009-06-09,4.3166193631184075,4.3166193631184075,4.28750222739209,4.294781684875488
2009-06-10,4.294781433142759,4.342096862700606,4.291141704614398,4.309340000152588
2009-06-11,4.317033888540905,4.3206955787118755,4.273094654083252,4.273094654083252
2009-06-12,4.276750077190387,4.280411412798115,4.119301122541175,4.148593902587891
2009-06-15,4.104655288779879,4.1742255635196095,4.009453566127591,4.166902542114258
2009-06-16,4.163241657069193,4.287736187668231,4.163241657069193,4.192534446716309
2009-06-17,4.2108427710091565,4.25478195802032,4.174226607234378,4.2474589347839355
2009-06-18,4.243797248566934,4.2804130631440955,4.232812539113548,4.2474589347839355
2009-06-19,4.229153407547938,4.265769244243167,4.1998605985126245,4.258446216583252
2009-06-22,4.262103043734321,4.287734135106404,4.2071788275403055,4.2804107666015625
2009-06-23,4.28041251432119,4.295058908113657,4.265766120528723,4.291397571563721
2009-06-24,4.2914007140474375,4.2914007140474375,4.2364764352078526,4.258446216583252
2009-06-25,4.210843482263833,4.269429074841093,4.210843482263833,4.254782676696777
2009-06-26,4.27309003990771,4.27309003990771,4.225489166679544,4.2474589347839355
2009-06-29,4.273092802781334,4.28407751933716,4.2291535873601855,4.269431114196777
2009-06-30,4.295059941413512,4.313368025358023,4.218166617402344,4.309706687927246
2009-07-01,4.309704319089567,4.313365654507884,4.25111841282946,4.2840728759765625
2009-07-02,4.284073491594752,4.302381568107051,4.23647263234178,4.298719882965088
2009-07-06,4.280417685227197,4.298725786884051,4.254786552426397,4.273094654083252
2009-07-07,4.276750892214044,4.317028385154621,4.276750892214044,4.302381992340088
2009-07-08,4.306043037329453,4.353643894195557,4.280411591818476,4.353643894195557
2009-07-09,4.338999137392413,4.364630243357183,4.291398262602391,4.324352741241455
2009-07-10,4.331679046816718,4.34632545406521,4.306047921431331,4.342663764953613
2009-07-13,4.33197666124172,4.405649662017822,4.328292923377771,4.405649662017822
2009-07-14,4.357765331777031,4.409336645936233,4.335663590923685,4.372499942779541
2009-07-15,4.368814272608687,4.4130180860925075,4.365130884960547,4.3982834815979
2009-07-16,4.4019655935703295,4.420383930206299,4.394598469696272,4.420383930206299
2009-07-17,4.416700192618995,4.420383930206299,4.383547256934359,4.420383930206299
2009-07-20,4.420384596367749,4.420384596367749,4.376180792560144,4.390915393829346
2009-07-21,4.383548705920848,4.4019670486450195,4.37618157961158,4.4019670486450195
2009-07-22,4.372497840806612,4.4019670486450195,4.35039611057814,4.4019670486450195
2009-07-23,4.383547586134703,4.424068000036992,4.365129599416111,4.405649662017822
2009-07-24,4.413019210742633,4.413019210742633,4.317244432769999,4.387233734130859
2009-07-27,4.387232444725816,4.42406913017416,4.35039611057814,4.4019670486450195
2009-07-28,4.413018629592645,4.442488193511963,4.383549416974052,4.442488193511963
2009-07-29,4.4461731151361406,4.490376949310303,4.4461731151361406,4.490376949310303
2009-07-30,4.5087951132038455,4.600886518381869,4.505111372684524,4.597202777862549
2009-07-31,4.6229864000553444,4.6303535262711035,4.556680507610197,4.560364246368408
2009-08-03,4.600884145709772,4.600884145709772,4.556680336176289,4.564047813415527
2009-08-04,4.552997818640863,4.578783644593139,4.446171829126416,4.497743129730225
2009-08-05,4.501426504894517,4.541946583395026,4.494059026275852,4.538262844085693
2009-08-06,4.523528672560446,4.600885448981709,4.523528672560446,4.549314498901367
2009-08-07,4.586150201744704,4.586150201744704,4.534579258859829,4.567731857299805
2009-08-10,4.600884570572852,4.608252048492432,4.571415361495897,4.608252048492432
2009-08-11,4.6082547808719765,4.615621911859078,4.58615268530889,4.600887298583984
2009-08-12,4.642041582783947,4.642041582783947,4.604964433254861,4.616087436676025
2009-08-13,4.6049650839169916,4.660580462474935,4.6049650839169916,4.627211093902588
2009-08-14,4.61608609204506,4.649455446182215,4.61608609204506,4.645747661590576
2009-08-17,4.601258104446624,4.634627478869527,4.586427310658003,4.590135097503662
2009-08-18,4.571595368196808,4.6160877383833885,4.571595368196808,4.582718372344971
2009-08-19,4.57900564422222,4.630913172609808,4.57900564422222,4.62349796295166
2009-08-20,4.630917156385984,4.660578727722168,4.6272093715705065,4.660578727722168
2009-08-21,4.660578446363334,4.686532584911012,4.601255307272301,4.645747661590576
2009-08-24,4.601257968785066,4.6902427288932085,4.601257968785066,4.634627342224121
2009-08-25,4.619794827216016,4.675410193158951,4.619794827216016,4.667994976043701
2009-08-26,4.682824605224653,4.7606863104362285,4.6791168207874865,4.731024742126465
2009-08-27,4.72731628861552,4.756977852727178,4.697654724503863,4.74585485458374
2009-08-28,4.745859219713987,4.756982228088107,4.719905062048959,4.753274440765381
2009-08-31,4.790346622467041,4.797761835802933,4.742146498205818,4.790346622467041
2009-09-01,4.812595089186839,4.8200106599271715,4.768102725526468,4.797764301300049
2009-09-02,4.808887465049623,4.871918399445642,4.78664110731238,4.8570876121521
2009-09-03,4.905288119082961,4.9609038447178575,4.890457329632437,4.946073055267334
2009-09-04,4.968317606567228,5.072133455889198,4.934948605278533,5.042471885681152
2009-09-08,5.0647186624490965,5.090672451958775,5.001687727702284,5.009103298187256
2009-09-09,4.983149673059604,5.0016882476051725,4.901580510809339,4.912703514099121
2009-09-10,4.938660071973128,4.938660071973128,4.8385522791165885,4.931244850158691
2009-09-11,4.96145629225147,4.983838602293762,4.935343122854925,4.946534633636475
2009-09-14,4.980110038223888,4.980110038223888,4.879388543721138,4.905501365661621
2009-09-15,4.939074990678426,4.939074990678426,4.905501160581105,4.9241533279418945
2009-09-16,4.94280440570293,4.968917220795383,4.924152242453853,4.965187072753906
2009-09-17,4.976380080046696,5.017414569854736,4.968919069666749,5.017414569854736
2009-09-18,5.03606530866458,5.043526316923916,4.998760978888809,5.032334804534912
2009-09-21,5.017411734703728,5.062176704406738,5.017411734703728,5.062176704406738
2009-09-22,5.084555555471954,5.084555555471954,5.024868973945665,5.077094554901123
2009-09-23,5.073368556961174,5.099481368781529,5.065907550292286,5.088290214538574
2009-09-24,5.103210926055908,5.110671575581324,5.07709776331617,5.103210926055908
2009-09-25,5.106944353054348,5.1181358681710885,5.092022688659236,5.110674858093262
2009-09-28,5.084559733831071,5.133055210113525,5.084559733831071,5.133055210113525
2009-09-29,5.151709287392492,5.174091604303569,5.084561625138236,5.147978782653809
2009-09-30,5.203935140751354,5.203935140751354,5.129326821768643,5.1442484855651855
2009-10-01,5.159170149361728,5.162900654250995,5.1330573266579105,5.1442484855651855
2009-10-02,5.155441601663975,5.196476459503174,5.140519932202629,5.196476459503174
2009-10-05,5.181552236664958,5.34942102432251,5.181552236664958,5.34942102432251
2009-10-06,5.334500995194182,5.3718049840038535,5.308387811690757,5.360613822937012
2009-10-07,5.356881882792234,5.36434289201252,5.312116894752023,5.330769062042236
2009-10-08,5.35315051090729,5.364341666420373,5.334498347878541,5.341958999633789
2009-10-09,5.341957176536234,5.3456876790209265,5.121862510583586,5.174088478088379
2009-10-12,5.125594992863141,5.1293254967887645,4.980108897368174,5.0136823654174805
2009-10-13,5.040330150512462,5.156674128124285,5.0365770266107655,5.119143962860107
2009-10-14,5.134153887162267,5.134153887162267,4.863935167333348,4.987785339355469
2009-10-15,4.9990462913314495,4.9990462913314495,4.773864235547534,4.822653770446777
2009-10-16,4.822657270490095,4.912730158174055,4.781373595196566,4.908977031707764
2009-10-19,4.893961054432911,4.972774858967206,4.893961054432911,4.965268611907959
2009-10-20,4.976527729308452,5.051588406494298,4.961515593871282,5.036576271057129
2009-10-21,5.029075203789654,5.070358887197807,5.002804029197492,5.032828330993652
2009-10-22,5.02906963503058,5.044081769305515,4.923984695106042,4.991539478302002
2009-10-23,4.991540118697764,5.010305378428322,4.9577627227662715,4.965268611907959
2009-10-26,4.984032217071783,4.999044348289087,4.954007954637174,4.987785339355469
2009-10-27,4.950256475707024,4.9690217354375825,4.920232203305155,4.965268611907959
2009-10-28,4.931495432587673,4.946507580535,4.90147113669302,4.908977031707764
2009-10-29,4.916478806927332,4.991539478302002,4.905219437782996,4.991539478302002
2009-10-30,5.044082416442255,5.044082416442255,4.950256475707024,4.965268611907959
2009-11-02,4.965264786862868,4.991536273414151,4.931487774869419,4.957758903503418
2009-11-03,4.931491794461788,4.987787218253793,4.908973410194441,4.935244560241699
2009-11-04,4.980279859803609,4.995291992248035,4.95400835958776,4.976526737213135
2009-11-05,5.00655059285646,5.010303715140146,4.969020085854479,4.987785339355469
2009-11-06,4.972773208138165,4.995291583922842,4.965266963570792,4.987785339355469
2009-11-09,4.965266685072141,5.0140561982711676,4.954007676770034,5.006550312042236
2009-11-10,5.014482615942017,5.025810772920568,4.965395016014136,4.972947120666504
2009-11-11,4.972944865835567,4.972944865835567,4.87476971049435,4.878545761108398
2009-11-12,4.870991814323417,4.889871700136303,4.772817056283374,4.833232402801514
2009-11-13,4.8407893786453835,4.882325244395001,4.829461578942879,4.852117538452148
2009-11-16,4.852114127018073,4.889873552846536,4.852114127018073,4.878545761108398
2009-11-17,4.855891725917082,4.874771626303209,4.84833998182512,4.859667778015137
2009-11-18,4.878551066844715,4.878551066844715,4.844567294566767,4.867223262786865
2009-11-19,4.870995975384176,4.908755779266357,4.855892125852138,4.908755779266357
2009-11-20,4.89365192973432,4.908755779266357,4.859668178261193,4.908755779266357
2009-11-23,4.920083057894593,4.946515061868299,4.9049792099542495,4.942739009857178
2009-11-24,4.946516417501375,4.965395962522792,4.935188258363438,4.950292110443115
2009-11-25,4.957844216535072,4.957844216535072,4.942740364455396,4.950292110443115
2009-11-27,4.893652780870029,4.976724147796631,4.893652780870029,4.976724147796631
2009-11-30,4.99182495453898,5.052240326316707,4.976721111594548,5.0446882247924805
2009-12-01,5.063569062125659,5.082448959350586,5.010705782020767,5.082448959350586
2009-12-02,5.074896325982456,5.112656116485596,5.029584793441119,5.112656116485596
2009-12-03,5.093777625197841,5.12776137399657,5.082449828966315,5.10888147354126
2009-12-04,5.123984308482873,5.157968050560429,5.123984308482873,5.139088153839111
2009-12-07,5.15041683756215,5.154192529211413,5.10888098848322,5.127760887145996
2009-12-08,5.105105296833957,5.127760887145996,5.10132924508058,5.127760887145996
2009-12-09,5.105105318424605,5.146640807575082,5.105105318424605,5.131536960601807
2009-12-10,5.120208128751023,5.2146072432478014,5.120208128751023,5.195727348327637
2009-12-11,5.232207115400807,5.262604802846805,5.186610221862793,5.186610221862793
2009-12-14,5.194205046728606,5.201804280415016,5.156207791190503,5.182806015014648
2009-12-15,5.201807499006901,5.201807499006901,5.049819107549812,5.053618907928467
2009-12-16,5.057418609482387,5.076416886266605,5.019421331176148,5.030820369720459
2009-12-17,4.996624946594238,5.015623593560603,4.973826860129841,4.996624946594238
2009-12-18,4.985221155203927,4.989020953451904,4.9434244615822935,4.9548234939575195
2009-12-21,4.985225563784767,4.992825167001273,4.947228634809314,4.981425762176514
2009-12-22,4.966222526332746,5.00041998582713,4.951023695709543,4.9548234939575195
2009-12-23,4.951026993773266,5.000423316795587,4.951026993773266,4.992824077606201
2009-12-24,4.977626300263185,5.008023988252689,4.977626300263185,5.000424385070801
2009-12-28,4.985222793376156,5.027019500732422,4.985222793376156,5.027019500732422
2009-12-29,5.023221229637048,5.084016586219884,5.023221229637048,5.053618907928467
2009-12-30,5.053620565039081,5.072619210793206,5.030822117660324,5.065019607543945
2009-12-31,5.091615445694627,5.091615445694627,5.019421055717382,5.080216407775879
2010-01-04,5.084021533181788,5.103020191192627,5.076421925029749,5.103020191192627
2010-01-05,5.106814746018139,5.118214147337731,5.080216867676918,5.099215507507324
2010-01-06,5.106819189197986,5.106819189197986,5.061222631355147,5.084021091461182
2010-01-07,5.084017371427778,5.1410129364347155,5.084017371427778,5.110615253448486
2010-01-08,5.099215965701226,5.137213248776313,5.099215965701226,5.1182146072387695
2010-01-11,5.110616070779533,5.125814914703369,5.076418581358645,5.125814914703369
2010-01-12,5.1144158723527475,5.133414517849799,5.0916174252824815,5.125814914703369
2010-01-13,5.108990772239547,5.128111320116729,5.093694406876625,5.116639137268066
2010-01-14,5.116639137268066,5.135759685145249,5.101342771905144,5.116639137268066
2010-01-15,5.120463464679081,5.1357598304748535,5.105167098883308,5.1357598304748535
2010-01-19,5.1166369479608855,5.154877662658691,5.1166369479608855,5.154877662658691
2010-01-20,5.154876713457656,5.170173434152848,5.13958035745636,5.147228717803955
2010-01-21,5.139580726623535,5.154877083723543,5.128108549972009,5.139580726623535
2010-01-22,5.143402838732433,5.1625233685918985,5.105162143707275,5.105162143707275
2010-01-25,5.1051636198939825,5.135756330637672,5.1051636198939825,5.124283790588379
2010-01-26,5.147229824399267,5.181646723974898,5.1357576461053815,5.166350364685059
2010-01-27,5.154877745565753,5.235183721824874,5.154877745565753,5.227535724639893
2010-01-28,5.219887786218555,5.2390083277730914,5.189295065608896,5.223711967468262
2010-01-29,5.261951762284271,5.269599758217215,5.223710688537829,5.250479221343994
2010-02-01,5.265777111053467,5.2734251086834725,5.227536028821476,5.265777111053467
2010-02-02,5.23900667699464,5.277247748054188,5.223710321509596,5.258127212524414
2010-02-03,5.25048038640548,5.292545649799468,5.25048038640548,5.265777111053467
2010-02-04,5.277248240767486,5.277248240767486,5.193118095397949,5.193118095397949
2010-02-05,5.227537679531115,5.227537679531115,5.143407490871175,5.162528038024902
2010-02-08,5.151052682647858,5.196941748733444,5.120459971924134,5.181645393371582
2010-02-09,5.177820892096054,5.216061960474954,5.177820892096054,5.208413600921631
2010-02-10,5.214568490948625,5.279991149902344,5.199174945724872,5.279991149902344
2010-02-11,5.264602391519657,5.31078306918071,5.264602391519657,5.287692546844482
2010-02-12,5.272295515321993,5.310779571533203,5.237659938134136,5.310779571533203
2010-02-16,5.303082613486497,5.314628050556556,5.287689064404245,5.310779571533203
2010-02-17,5.287691069832378,5.345417176042598,5.287691069832378,5.32232666015625
2010-02-18,5.333870190168147,5.337718669536758,5.203025194736096,5.2376604080200195
2010-02-19,5.176085545933072,5.245356697687445,5.176085545933072,5.179934024810791
2010-02-22,5.118360886976242,5.172238134337207,5.083725303952066,5.106815814971924
2010-02-23,5.102970880085468,5.168393611907959,5.102970880085468,5.168393611907959
2010-02-24,5.160694182361001,5.226116882936229,5.160694182361001,5.206874847412109
2010-02-25,5.183783995210419,5.268448352813721,5.183783995210419,5.268448352813721
2010-02-26,5.2915416785789455,5.333873879883456,5.2684511534055645,5.303086757659912
2010-03-01,5.310785697102214,5.356966397614737,5.303088730177669,5.345421314239502
2010-03-02,5.364656223409264,5.387746728014218,5.3184755812104765,5.34156608581543
2010-03-03,5.349265434477515,5.360810876239216,5.310781729639106,5.330023765563965
2010-03-04,5.330027747401995,5.356966397614737,5.330027747401995,5.345421314239502
2010-03-05,5.337717904553908,5.376201958702238,5.330021313930926,5.368505001068115
2010-03-08,5.349265929839228,5.3839015243090955,5.349265929839228,5.3800530433654785
2010-03-09,5.387753653425108,5.403147220611572,5.364663119139614,5.403147220611572
2010-03-10,5.399293203760818,5.399293203760818,5.3646576213335955,5.3762030601501465
2010-03-11,5.390143233554593,5.397887500153073,5.266232013702393,5.266232013702393
2010-03-12,5.243001576466218,5.2701070795200975,5.243001576466218,5.254618167877197
2010-03-15,5.242997169494629,5.28171960069635,5.235252904824969,5.242997169494629
2010-03-16,5.2391288136011385,5.258490043840205,5.219767583362071,5.25074577331543
2010-03-17,5.25074134466454,5.312696933746338,5.25074134466454,5.312696933746338
2010-03-18,5.3320610097293395,5.347549915313721,5.31657173486032,5.347549915313721
2010-03-19,5.35142183303833,5.370783057225248,5.31269975394913,5.35142183303833
2010-03-22,5.35142183303833,5.370783057225248,5.324316340747426,5.35142183303833
2010-03-23,5.359165436233544,5.390143241240768,5.3552931182865,5.38239860534668
2010-03-24,5.370784474514284,5.394018023526582,5.370784474514284,5.386273384094238
2010-03-25,5.394015436367212,5.421120922810205,5.35142067848873,5.370781898498535
2010-03-26,5.36690828323698,5.417247295379639,5.3591640186759,5.417247295379639
2010-03-29,5.397889453113961,5.405634091799023,5.378528594970703,5.378528594970703
2010-03-30,5.394015358160296,5.413376208604834,5.378526456233934,5.401759624481201
2010-03-31,5.421123369978347,5.448228868657128,5.405634460835512,5.444356918334961
2010-04-01,5.459845794810733,5.486951293327337,5.444356885760571,5.44822883605957
2010-04-05,5.436609668211092,5.471459789367019,5.42112076650674,5.432737350463867
2010-04-06,5.428866112427096,5.43661037965042,5.4095048904418945,5.4095048904418945
2010-04-07,5.436612432550274,5.436612432550274,5.386273384094238,5.386273384094238
2010-04-08,5.405630713895785,5.421119612302412,5.36690828323698,5.417247295379639
2010-04-09,5.397887306678473,5.409504260086657,5.390143040357568,5.401759624481201
2010-04-12,5.401762275408016,5.421123504638672,5.394018005286593,5.421123504638672
2010-04-13,5.4117708525794965,5.442940128650044,5.392289962143636,5.40397834777832
2010-04-14,5.38060157650895,5.407874600178909,5.38060157650895,5.40397834777832
2010-04-15,5.384496825159815,5.400081461365328,5.376704692840576,5.376704692840576
2010-04-16,5.380601713344513,5.400082232708709,5.376705460844838,5.396186351776123
2010-04-19,5.376703411864281,5.407872676849365,5.365015030386612,5.407872676849365
2010-04-20,5.396186214544223,5.4117708525794965,5.388393709743047,5.40397834777832
2010-04-21,5.380602392915918,5.396187033315873,5.357225246532419,5.372809886932373
2010-04-22,5.349431806846891,5.372808949150091,5.34553592610225,5.368912696838379
2010-04-23,5.357225246532419,5.403979167732282,5.357225246532419,5.372809886932373
2010-04-26,5.380600944783714,5.407873965251603,5.376704692840576,5.376704692840576
2010-04-27,5.388394527332327,5.396187033315873,5.357225246532419,5.372809886932373
2010-04-28,5.392288684844971,5.400080816233306,5.376704050501309,5.392288684844971
2010-04-29,5.392290747107911,5.40008288147632,5.365017719467774,5.3806023597717285
2010-04-30,5.357225246532419,5.4078754207240545,5.3533289935406465,5.372809886932373
2010-05-03,5.396186861509369,5.411771501413132,5.361121328834122,5.388394355773926
2010-05-04,5.380601592432211,5.400082111358643,5.365016954350817,5.400082111358643
2010-05-05,5.392291233928829,5.41566801071167,5.3806028455374095,5.41566801071167
2010-05-06,5.407874134075131,5.411770386139902,5.287092921036567,5.361120223999023
2010-05-07,5.376704397821926,5.380600649551276,5.326054240041412,5.3572235107421875
2010-05-10,5.439044528352936,5.439044528352936,5.380602221605606,5.388394355773926
2010-05-11,5.40397834777832,5.415666733413005,5.384497457342459,5.40397834777832
2010-05-12,5.394567366582508,5.425931099909192,5.390646806445374,5.41024923324585
2010-05-13,5.410251501148167,5.422012812604554,5.402410377587009,5.418092250823975
2010-05-14,5.422011985555311,5.422011985555311,5.3828071215003535,5.402409553527832
2010-05-17,5.390647536511779,5.398488657847986,5.359283798937439,5.374965667724609
2010-05-18,5.390648243865463,5.410250675892941,5.374966373020539,5.402409553527832
2010-05-19,5.394567613382982,5.40240836013077,5.3710446253691995,5.378885746002197
2010-05-20,5.371047904389099,5.371047904389099,5.296559082326314,5.32008171081543
2010-05-21,5.292638629674138,5.339684261516099,5.100535539514769,5.316161632537842
2010-05-24,5.3514414909978445,5.363203170394176,5.331839439774281,5.3475213050842285
2010-05-25,5.324002265930176,5.324002265930176,5.2887179493614,5.324002265930176
2010-05-26,5.359286323088352,5.402411389093078,5.343604446915232,5.351445198059082
2010-05-27,5.351446135559961,5.371048577681798,5.339684819841053,5.359287261962891
2010-05-28,5.390646341215293,5.390646341215293,5.3436007452854515,5.3475213050842285
2010-06-01,5.355364786126483,5.382807970964603,5.343603474608053,5.363205909729004
2010-06-02,5.359286659236627,5.3710479736328125,5.3396842193193566,5.3710479736328125
2010-06-03,5.363204359605542,5.378886228392712,5.3514426776012325,5.374965667724609
2010-06-04,5.3396842193193566,5.3788890991538985,5.3396842193193566,5.3710479736328125
2010-06-07,5.394570976310626,5.398491539071169,5.3671274108722695,5.3710479736328125
2010-06-08,5.374967458402456,5.398490456362553,5.374967458402456,5.382808208465576
2010-06-09,5.382807242479414,5.398489487562091,5.3788870550940455,5.390648365020752
2010-06-10,5.398489366230571,5.410250675892941,5.378886934203092,5.402409553527832
2010-06-11,5.424501895904541,5.428447078488468,5.392941187699762,5.424501895904541
2010-06-14,5.4363385916395295,5.44028377532959,5.404777874585896,5.44028377532959
2010-06-15,5.436335901478025,5.444226264953613,5.424500732497882,5.444226264953613
2010-06-16,5.424501800816738,5.440282154642508,5.404776264476196,5.408721446990967
2010-06-17,5.416613855476982,5.448174953460693,5.396888686558198,5.448174953460693
2010-06-18,5.432393963653075,5.479735040797533,5.432393963653075,5.471844673156738
2010-06-21,5.47973397437258,5.47973397437258,5.428447723388672,5.428447723388672
2010-06-22,5.456064133856406,5.460009317546466,5.424503416802773,5.44028377532959
2010-06-23,5.460006237030029,5.4718414051894255,5.432390719247035,5.460006237030029
2010-06-24,5.444228406413196,5.456063580048645,5.424502866198525,5.452118396759033
2010-06-25,5.4521175851496455,5.511294196984553,5.4521175851496455,5.507349014282227
2010-06-28,5.495513629078816,5.527074337005615,5.495513629078816,5.527074337005615
2010-06-29,5.503403303609143,5.511293668256831,5.4600074267467384,5.467897415161133
2010-06-30,5.467898553965255,5.503404449808109,5.467898553965255,5.499459266662598
2010-07-01,5.499458435394678,5.527074337005615,5.499458435394678,5.527074337005615
2010-07-02,5.495516927643095,5.542858017948753,5.495516927643095,5.515242099761963
2010-07-06,5.531023171363813,5.570473894202646,5.511297621827615,5.523132801055908
2010-07-07,5.566528853375916,5.566528853375916,5.487627029418945,5.487627029418945
2010-07-08,5.507350999504105,5.507350999504105,5.463955102835687,5.495515823364258
2010-07-09,5.503402361833299,5.538908244205325,5.460006492397061,5.531018257141113
2010-07-12,5.483681701983512,5.554693529820399,5.483681701983512,5.523132801055908
2010-07-13,5.561239291521365,5.565208860748582,5.517574787139893,5.517574787139893
2010-07-14,5.517574787139893,5.529483494821544,5.497727698121722,5.517574787139893
2010-07-15,5.5175734576996955,5.537420920494646,5.505665131446271,5.521543025970459
2010-07-16,5.517572644467401,5.557267564206686,5.517572644467401,5.553297996520996
2010-07-19,5.537420076028572,5.600931644439697,5.533450508363175,5.600931644439697
2010-07-20,5.581085676819815,5.668413911530239,5.581085676819815,5.656505584716797
2010-07-21,5.648562003430029,5.67634858221035,5.648562003430029,5.672379016876221
2010-07-22,5.676349689135166,5.716044214541393,5.676349689135166,5.704135894775391
2010-07-23,5.688262688933063,5.723988056182861,5.688262688933063,5.723988056182861
2010-07-26,5.731923431031184,5.731923431031184,5.696198463439941,5.696198463439941
2010-07-27,5.69620061369477,5.731925594771811,5.652536117002457,5.660475254058838
2010-07-28,5.672382249523314,5.676351817119669,5.648565222503981,5.664443492889404
2010-07-29,5.700164684442783,5.716042565736998,5.668408921854354,5.692225933074951
2010-07-30,5.704136972023423,5.779557228088379,5.692228650008489,5.779557228088379
2010-08-02,5.763679339215556,5.811313005834024,5.755740205499779,5.779557228088379
2010-08-03,5.763678821876463,5.807342917717819,5.723983913977996,5.755739688873291
2010-08-04,5.74780092960871,5.779557085127578,5.7279538529276595,5.751770496368408
2010-08-05,5.763678821876463,5.763678821876463,5.7398618014256435,5.755739688873291
2010-08-06,5.7398618014256435,5.775587142822524,5.7398618014256435,5.755739688873291
2010-08-09,5.7676503997528,5.835131544007046,5.751772505725852,5.831161975860596
2010-08-10,5.831159944068121,5.8787939881103535,5.827190755863537,5.87085485458374
2010-08-11,5.865262536021033,5.881233283767829,5.801379545033852,5.873248100280762
2010-08-12,5.82533993959395,5.861274242401123,5.82533993959395,5.861274242401123
2010-08-13,5.8373186154447225,5.869260137164211,5.8373186154447225,5.8572821617126465
2010-08-16,5.841308046506186,5.865263983652719,5.833322480275505,5.849293231964111
2010-08-17,5.925157706459911,5.925157706459911,5.845303905990024,5.8772454261779785
2010-08-18,5.861271581310134,5.901198270145273,5.845300829621527,5.849293231964111
2010-08-19,5.849298384323287,5.869261936712146,5.8013860870538805,5.8293352127075195
2010-08-20,5.82933288095013,5.83332528521245,5.805376551511512,5.813362121582031
2010-08-23,5.833325550339824,5.8772454261779785,5.8293331458960465,5.8772454261779785
2010-08-24,5.873252216412538,5.873252216412538,5.837317913605365,5.861274242401123
2010-08-25,5.86925676676806,5.901198270145273,5.849293231964111,5.849293231964111
2010-08-26,5.837313427704496,5.873247702896637,5.829328244757707,5.841306209564209
2010-08-27,5.837317489348431,5.853288247127203,5.825339516207577,5.845303058624268
2010-08-30,5.8572769562304225,5.869254921036925,5.821342681038282,5.841306209564209
2010-08-31,5.857278798194793,5.87724233299874,5.837315263390845,5.849293231964111
2010-09-01,5.873252216412538,5.905193734291596,5.853288672544894,5.861274242401123
2010-09-02,5.857278798194793,5.86925676676806,5.833322480275505,5.849293231964111
2010-09-03,5.8572791871356245,5.861271970516097,5.8053741455078125,5.8053741455078125
2010-09-07,5.817354679107666,5.817354679107666,5.805376704459256,5.817354679107666
2010-09-08,5.81336444695105,5.833327618566819,5.81336444695105,5.8293352127075195
2010-09-09,5.81735851015352,5.825344085693359,5.80138773984704,5.825344085693359
2010-09-10,5.833323777358483,5.833323777358483,5.805375050882002,5.821345806121826
2010-09-13,5.82777301781095,5.847855013527948,5.815723590561426,5.831789493560791
2010-09-14,5.823758129578668,5.835807177080472,5.803676128387451,5.803676128387451
2010-09-15,5.803673579082319,5.8117065292432,5.675149440765381,5.675149440765381
2010-09-16,5.695231433135438,5.695231433135438,5.626952888896529,5.675149440765381
2010-09-17,5.6831809995433105,5.775557994842529,5.6831809995433105,5.775557994842529
2010-09-20,5.783592854404648,5.82777332390902,5.771543809554469,5.815723896026611
2010-09-21,5.8076887222270015,5.835803275278002,5.783590260303246,5.827770709991455
2010-09-22,5.827772695794819,5.847854690402176,5.8036742256595515,5.843838214874268
2010-09-23,5.843834221309819,5.863916202193535,5.7835882786586685,5.811703205108643
2010-09-24,5.803672870332206,5.8277713348397775,5.763509273529053,5.763509273529053
2010-09-27,5.759491614653915,5.795639112466457,5.759491614653915,5.791622638702393
2010-09-28,5.791625423413632,5.811707418857698,5.783592472023124,5.795641899108887
2010-09-29,5.807691174405214,5.823756694793701,5.783592702306374,5.823756694793701
2010-09-30,5.855887581995421,5.855887581995421,5.811707497843794,5.831789493560791
2010-10-01,5.851869984370752,5.855886459350586,5.81973895059635,5.855886459350586
2010-10-04,5.831789171322728,5.855887258425807,5.831789171322728,5.843838214874268
2010-10-05,5.835802786934932,5.859901246842115,5.799655288590169,5.807688236236572
2010-10-06,5.819740869191705,5.823757345495651,5.779577255249023,5.779577255249023
2010-10-07,5.779577635390705,5.823757728543202,5.763512112150498,5.799659252166748
2010-10-08,5.795639682781153,5.831787184150757,5.783590260303246,5.827770709991455
2010-10-11,5.823755345151068,5.839820861816406,5.811706303410097,5.839820861816406
2010-10-12,5.823755748990314,5.86793582712556,5.823755748990314,5.863919734954834
2010-10-13,5.88250789346995,5.88654778451679,5.825945180492618,5.8380656242370605
2010-10-14,5.846141915976183,5.874423059201168,5.8097802259431015,5.870382785797119
2010-10-15,5.866345428344648,5.866345428344648,5.793622016906738,5.793622016906738
2010-10-18,5.817859513671066,5.825940059265554,5.769377396008996,5.797658920288086
2010-10-19,5.769380066260458,5.777460615594881,5.720897926159322,5.737058639526367
2010-10-20,5.737058639526367,5.77342034092767,5.712817762126699,5.737058639526367
2010-10-21,5.724936994702241,5.773419124589208,5.7208967208862305,5.7208967208862305
2010-10-22,5.724938880615789,5.793622016906738,5.724938880615789,5.793622016906738
2010-10-25,5.773420293701668,5.813822269439697,5.765340129735139,5.813822269439697
2010-10-26,5.813818516311426,5.813818516311426,5.785536997431307,5.8057379722595215
2010-10-27,5.805739153203822,5.825940132141113,5.793618719962097,5.825940132141113
2010-10-28,5.829980404988897,5.874422250409636,5.813819698899389,5.825940132141113
2010-10-29,5.854223152628966,5.882504686349621,5.834022167200426,5.866343975067139
2010-11-01,5.866347418756278,5.866347418756278,5.838065868433662,5.854226589202881
2010-11-02,5.842106144951461,5.866347418756278,5.842106144951461,5.854226589202881
2010-11-03,5.858263426775023,5.866343975067139,5.842102715492541,5.866343975067139
2010-11-04,5.862301826477051,5.874422259738022,5.854221280768653,5.862301826477051
2010-11-05,5.87846305487844,5.930985450744629,5.858262074114265,5.930985450744629
2010-11-08,5.9067461077596946,5.9107863822799995,5.858263969421387,5.858263969421387
2010-11-09,5.842099649889996,5.87442105549452,5.77745683868095,5.8057379722595215
2010-11-10,5.828501535962566,5.8366303462180005,5.714695479036047,5.743146896362305
2010-11-11,5.739079823746833,5.739079823746833,5.446435415879421,5.580564022064209
2010-11-12,5.49114890570815,5.617148402328478,5.487084305785796,5.556180953979492
2010-11-15,5.592761383085538,5.592761383085538,5.182246108155422,5.222891330718994
2010-11-16,5.141599680729424,5.316373554126759,4.946503588434101,5.304180145263672
2010-11-17,5.3245054650117085,5.446440391020391,5.316376263212902,5.438311576843262
2010-11-18,5.434245628868391,5.4748908525436715,5.3245041451396595,5.369213581085205
2010-11-19,5.324502026457612,5.52366269045064,5.316372829908627,5.478952884674072
2010-11-22,5.446440426214103,5.653730421963009,5.438311611984447,5.621214389801025
2010-11-23,5.609021269233851,5.629343887307863,5.588698651159839,5.600892066955566
2010-11-24,5.613081744480739,5.743145784356205,5.613081744480739,5.718758583068848
2010-11-26,5.702502401206443,5.726889610290527,5.669986380842022,5.726889610290527
2010-11-29,5.730953551154179,5.767533779144287,5.702501745888769,5.767533779144287
2010-11-30,5.775662383550572,5.8325656006119875,5.7634689754736455,5.779726982116699
2010-12-01,5.934182386147565,5.95856921934419,5.629344257837691,5.669989109039307
2010-12-02,5.653729298153475,5.661858498388944,5.495213769777854,5.5683746337890625
2010-12-03,5.580568058873989,6.137405872344971,5.568374646115395,6.137405872344971
2010-12-06,5.759405885199562,5.7634704848301395,5.487083911895752,5.487083911895752
2010-12-07,5.4870838583422685,5.543987089750317,5.348890573223829,5.361083984375
2010-12-08,5.336700177684867,5.3651516156551855,5.247280874264446,5.324506759643555
2010-12-09,5.324504392852868,5.365149230797498,5.24321394172041,5.3529558181762695
2010-12-10,5.332634225069973,5.336698825928126,5.255408746873427,5.316376209259033
2010-12-13,5.2983721307595655,5.2983721307595655,5.20017845373948,5.232909679412842
2010-12-14,5.228815632332793,5.228815632332793,5.118347897027426,5.21245002746582
2010-12-15,5.183813761611966,5.282007456072462,5.142899527159898,5.277915954589844
2010-12-16,5.294280636156985,5.494759881373072,5.290189525583301,5.466119766235352
2010-12-17,5.498854204363016,5.568408197179758,5.4865800850974775,5.543859958648682
2010-12-20,5.511126466667342,5.543857698154174,5.224727996064035,5.277915954589844
2010-12-21,5.2860971381485475,5.2860971381485475,5.196086087446876,5.216543197631836
2010-12-22,5.171538728822036,5.241092680924677,5.171538728822036,5.232909679412842
2010-12-23,5.212454286154447,5.290191265425471,5.196088667916408,5.2656426429748535
2010-12-27,5.237002047081276,5.261550275306419,5.2165449301022875,5.249276161193848
2010-12-28,5.232910003802333,5.237001504811883,5.1797216612392125,5.220635890960693
2010-12-29,5.196086633833238,5.253366470336914,5.175629521497141,5.253366470336914
2010-12-30,5.224728880313718,5.257460117340088,5.204271759625455,5.257460117340088
2010-12-31,5.322927612348972,5.355658880249754,5.237007936562546,5.335201740264893
2011-01-03,5.359745147404005,5.367927761287363,5.286099671518233,5.290191173553467
2011-01-04,5.29427973531655,5.33928545565209,5.290188625438983,5.322919845581055
2011-01-05,5.327011906601265,5.335194517404983,5.298371793320842,5.306554794311523
2011-01-06,5.282005629285443,5.298371239368796,5.2615485191345215,5.2615485191345215
2011-01-07,5.241093005821433,5.277915344346352,5.200178776099953,5.220635890960693
2011-01-10,5.224729189387762,5.2370033064519586,5.146992204211182,5.15517520904541
2011-01-11,5.171538505391514,5.187904117521137,5.130624279973971,5.175629615783691
2011-01-12,5.161621479636044,5.1780991066659885,5.058636212484484,5.12042760848999
2011-01-13,5.079237430186954,5.079237430186954,4.996849228764776,5.005087852478027
2011-01-14,5.005085337286338,5.005085337286338,4.807353753238616,4.918577671051025
2011-01-18,4.89798264504066,5.042161877472625,4.852668846479804,5.000967979431152
2011-01-19,5.000967996002009,5.013326126169613,4.9268184292806385,4.939176559448242
2011-01-20,4.9268171123822135,5.00096665928401,4.90621997236974,4.996847152709961
2011-01-21,5.009208109490429,5.124551608721882,5.009208109490429,5.087477207183838
2011-01-24,5.066879304422103,5.2110585588738205,5.058640287840782,5.169864654541016
2011-01-25,5.14102671374198,5.2234152796678615,5.14102671374198,5.194579124450684
2011-01-26,5.202817454928442,5.252250352277536,5.202817454928442,5.231653213500977
2011-01-27,5.211059826850198,5.211059826850198,5.161626893907849,5.190463066101074
2011-01-28,5.173980712890625,5.186338836664442,5.124547432080015,5.173980712890625
2011-01-31,5.20693826675415,5.227535017837042,5.178102108093983,5.20693826675415
2011-02-01,5.198701816203651,5.260493278503418,5.198701816203651,5.260493278503418
2011-02-02,5.256371809572205,5.30992423312481,5.244013286004603,5.276968955993652
2011-02-03,5.24813116480957,5.27696731799184,5.231653531358746,5.252250671386719
2011-02-04,5.23165316603963,5.260489317208311,5.206936914018181,5.248130798339844
2011-02-07,5.231653531358746,5.2728478114146915,5.2234149110622194,5.252250671386719
2011-02-08,5.268728304837543,5.2728478114146915,5.239892544513044,5.252250671386719
2011-02-09,5.231655488136705,5.272849783600409,5.231655488136705,5.264610767364502
2011-02-10,5.264610179079434,5.276968702052313,5.248132541306802,5.2687296867370605
2011-02-11,5.242186496024497,5.320985009274683,5.242186496024497,5.291954040527344
2011-02-14,5.283658027648926,5.287805420942419,5.246332279041876,5.283658027648926
2011-02-15,5.283658027648926,5.283658027648926,5.246332279041876,5.283658027648926
2011-02-16,5.283663032145508,5.329283610549725,5.279515634923749,5.308547019958496
2011-02-17,5.31684043275721,5.325135225662273,5.20901089361385,5.238041877746582
2011-02-18,5.229744278237964,5.250480853854602,5.184124128295188,5.188271522521973
2011-02-22,5.15924020862131,5.184124178706708,5.080441695132574,5.1385040283203125
2011-02-23,5.1177690413828225,5.196567579335633,5.080443272425077,5.163389205932617
2011-02-24,5.142653706160156,5.171685085636705,5.134359308822209,5.167537689208984
2011-02-25,5.159243345564573,5.184127330780029,5.142654153926778,5.184127330780029
2011-02-28,5.204860703911826,5.204860703911826,5.167534946905335,5.188271522521973
2011-03-01,5.1882725707186275,5.229745334813441,5.1882725707186275,5.225598335266113
2011-03-02,5.204863497161318,5.242189274199114,5.204863497161318,5.238041877746582
2011-03-03,5.221451127510026,5.254629498183027,5.217303732296557,5.233892917633057
2011-03-04,5.221450346949582,5.229744740619205,5.184124586642982,5.204861164093018
2011-03-07,5.204861755460025,5.233892729878131,5.200714360395335,5.225598335266113
2011-03-08,5.2090072897198105,5.254627432582508,5.2090072897198105,5.24633264541626
2011-03-09,5.23389448129405,5.262925465426782,5.225600083906482,5.238041877746582
2011-03-10,5.233891024887851,5.246332810511527,5.217301845550537,5.217301845550537
2011-03-11,5.228160139644527,5.2490390540738385,5.223984197462759,5.244863510131836
2011-03-14,5.257388826729817,5.257388826729817,5.219806158669063,5.24068546295166
2011-03-15,5.219807068341274,5.240686376262574,5.190576276195259,5.228158950805664
2011-03-16,5.219810659669924,5.2657448501086375,5.219810659669924,5.2573933601379395
2011-03-17,5.244863977484166,5.299149637725309,5.244863977484166,5.278270721435547
2011-03-18,5.278271415871305,5.332557481494394,5.278271415871305,5.328381538391113
2011-03-21,5.328380183750015,5.357610981561889,5.328380183750015,5.353435039520264
2011-03-22,5.33255797533472,5.39519553472529,5.328382031844711,5.374316215515137
2011-03-23,5.3534377790887255,5.495416695242272,5.340910344792811,5.474537372589111
2011-03-24,5.449482224313259,5.491240469236464,5.420251014803086,5.478713035583496
2011-03-25,5.4411265503155715,5.512115955352783,5.4411265503155715,5.512115955352783
2011-03-28,5.482885164422046,5.532995262406021,5.462005857368808,5.512115955352783
2011-03-29,5.52882071240125,5.532996654510498,5.491238029897534,5.532996654510498
2011-03-30,5.5246442553333095,5.528820197053313,5.51211682841302,5.520468711853027
2011-03-31,5.53716857813899,5.53716857813899,5.516289280985208,5.5288166999816895
2011-04-01,5.507941685787334,5.537172883828512,5.4954142570495605,5.4954142570495605
2011-04-04,5.462009657966227,5.495416413200766,5.462009657966227,5.478713035583496
2011-04-05,5.470358886828532,5.512117111453638,5.462007002959666,5.48288631439209
2011-04-06,5.4745344305232235,5.503765625824514,5.470358886828532,5.48288631439209
2011-04-07,5.462007002959666,5.524644539017196,5.462007002959666,5.48288631439209
2011-04-08,5.474533999281237,5.478709940886722,5.3576104220056475,5.395193099975586
2011-04-11,5.378489731793359,5.407720526552329,5.3492589370343895,5.395193099975586
2011-04-12,5.3868455302595315,5.3868455302595315,5.311680512371279,5.361790657043457
2011-04-13,5.364310505618738,5.385330610918961,5.288638286907999,5.292842388153076
2011-04-14,5.276023675506928,5.309655666351318,5.276023675506928,5.309655666351318
2011-04-15,5.301252714793164,5.3096609212882875,5.280233000406063,5.2844367027282715
2011-04-18,5.29704475402832,5.330676751120403,5.271820555746744,5.29704475402832
2011-04-19,5.292840761472855,5.330676859199832,5.28863666151985,5.326472759246826
2011-04-20,5.347492340741251,5.431572327041821,5.3222681443885795,5.402144432067871
2011-04-21,5.397940788305228,5.397940788305228,5.330676793585231,5.351696491241455
2011-04-25,5.334879572393695,5.351695568173247,5.318063576614143,5.339083671569824
2011-04-26,5.364308196594393,5.38532829284668,5.326472103525272,5.38532829284668
2011-04-27,5.360103119005184,5.423162995329396,5.355899020336926,5.397939205169678
2011-04-28,5.402144573588418,5.42736836967688,5.393736374275591,5.4189605712890625
2011-04-29,5.439983749792506,5.439983749792506,5.410555835211159,5.435780048370361
2011-05-02,5.439983749792506,5.456799758256886,5.43157594602295,5.435780048370361
2011-05-03,5.423164206174101,5.45259250249753,5.423164206174101,5.444184303283691
2011-05-04,5.4357738226993755,5.486221790313721,5.4357738226993755,5.486221790313721
2011-05-05,5.490429636840498,5.519857537811727,5.490429636840498,5.511449337005615
2011-05-06,5.511450327232649,5.524062630707834,5.494634323524222,5.498838424682617
2011-05-09,5.5030423570977405,5.519858360290527,5.5030423570977405,5.519858360290527
2011-05-10,5.515653142081459,5.549285141654969,5.5114490419035045,5.540877342224121
2011-05-11,5.543414738208277,5.560341178788957,5.530719605104134,5.5476460456848145
2011-05-12,5.543418601977442,5.577271506734317,5.5264921495990045,5.568808078765869
2011-05-13,5.55611149390291,5.5857326748315215,5.53072162199387,5.539185047149658
2011-05-16,5.522258600396405,5.55611149390291,5.522258600396405,5.539185047149658
2011-05-17,5.5307209284861765,5.577268953889617,5.522257907949906,5.534952640533447
2011-05-18,5.5645724862654955,5.577267619369638,5.543414738208277,5.5476460456848145
2011-05-19,5.5688059540078125,5.5730376663774415,5.560342932826859,5.564574241638184
2011-05-20,5.564574241638184,5.57726937874707,5.55611122045723,5.564574241638184
2011-05-23,5.55611122045723,5.581500687558396,5.55611122045723,5.564574241638184
2011-05-24,5.560344201196561,5.589965387424244,5.560344201196561,5.5815019607543945
2011-05-25,5.594193019494352,5.623814184111801,5.573034871814131,5.585729598999023
2011-05-26,5.585731632350555,5.628047943115234,5.577268612332568,5.628047943115234
2011-05-27,5.636511222563742,5.640742934546632,5.598426621834268,5.62381649017334
2011-05-31,5.657671987433448,5.657671987433448,5.589966178723992,5.598429203033447
2011-06-01,5.611121487580271,5.615353199359383,5.56457346512653,5.577268600463867
2011-06-02,5.577268600463867,5.598426352242934,5.543415713347463,5.577268600463867
2011-06-03,5.568807655557778,5.594197533975129,5.568807655557778,5.5899658203125
2011-06-06,5.589966178723992,5.6195873691447655,5.573039726546628,5.598429203033447
2011-06-07,5.598426260612987,5.619584415604003,5.5899632407515245,5.615353107452393
2011-06-08,5.594196420340594,5.60689115524292,5.577269972618043,5.60689115524292
2011-06-09,5.602658116677007,5.619584560394287,5.589963384778609,5.619584560394287
2011-06-10,5.619585146102249,5.640743303843647,5.560342788696289,5.560342788696289
2011-06-13,5.5543769974587205,5.57567453657672,5.54159863647463,5.571414947509766
2011-06-14,5.5756769134812005,5.579936504364014,5.558638956166894,5.579936504364014
2011-06-15,5.579936986117515,5.584196171151107,5.562899027332207,5.575677394866943
2011-06-16,5.584196076166573,5.601234034662073,5.575677300027309,5.596974849700928
2011-06-17,5.601231651695978,5.609750830427849,5.592712879180908,5.592712879180908
2011-06-20,5.5969736487963475,5.665125468155476,5.5969736487963475,5.635308742523193
2011-06-21,5.64382926026541,5.660867219142061,5.62679130138876,5.656607627868652
2011-06-22,5.643829725468718,5.6736460544062775,5.643829725468718,5.665127277374268
2011-06-23,5.660867713859215,5.746057515687412,5.652348936784904,5.741797924041748
2011-06-24,5.724757107965687,5.7545738283946894,5.724757107965687,5.746054649353027
2011-06-27,5.7673534435189,5.801429354653853,5.750315487951424,5.788650989532471
2011-06-28,5.809950254050797,5.822728622951847,5.733279228210449,5.733279228210449
2011-06-29,5.733279806580371,5.801431655883789,5.724760622308912,5.801431655883789
2011-06-30,5.831244408685573,5.831244408685573,5.729016697486518,5.746054649353027
2011-07-01,5.76735526261908,5.805690776291655,5.750317301677605,5.797171592712402
2011-07-05,5.780134487956013,5.839767563192866,5.780134487956013,5.814210414886475
2011-07-06,5.83125049417759,5.83125049417759,5.780136585235596,5.780136585235596
2011-07-07,5.788651373776337,5.814208105715525,5.784391783047495,5.809948921203613
2011-07-08,5.780133828957956,5.848285675048828,5.780133828957956,5.848285675048828
2011-07-11,5.8184675293255985,5.839765076141164,5.8184675293255985,5.835505485534668
2011-07-12,5.809945980605431,5.844021876755409,5.801426803459575,5.82698392868042
2011-07-13,5.829559575809965,5.8509914525021625,5.82098649810361,5.825273036956787
2011-07-14,5.838130800148065,5.838130800148065,5.786693572998047,5.786693572998047
2011-07-15,5.773834466936465,5.782407133881054,5.696678420501416,5.7309699058532715
2011-07-18,5.705251325353309,5.7223970675157005,5.688105583190918,5.688105583190918
2011-07-19,5.683823735404009,5.735261004334131,5.628099925199607,5.65810489654541
2011-07-20,5.658102484729874,5.713826271181526,5.658102484729874,5.705253601074219
2011-07-21,5.726684749633427,5.765262782158462,5.602377983045452,5.632383346557617
2011-07-22,5.623810292804832,5.705252897103003,5.623810292804832,5.7009663581848145
2011-07-25,5.713828706749811,5.713828706749811,5.649532222783927,5.65810489654541
2011-07-26,5.636670924032737,5.679535506464229,5.636670924032737,5.662389755249023
2011-07-27,5.615239997062023,5.632385751194656,5.516651604209118,5.525224685668945
2011-07-28,5.495217297402602,5.585232575838712,5.490931167028977,5.580946445465088
2011-07-29,5.568086374549169,5.58094599098345,5.473784973418823,5.572372913360596
2011-08-01,5.593804537956234,5.718111287298071,5.593804537956234,5.71382474899292
2011-08-02,5.645244001864275,5.778123471534317,5.645244001864275,5.769550800323486
2011-08-03,5.748118509115976,5.769550800323486,5.735259297906252,5.769550800323486
2011-08-04,5.739542476747432,5.76954742159445,5.619521879785927,5.653813362121582
2011-08-05,5.645241737365723,5.688106302586307,5.593804504373097,5.645241737365723
2011-08-08,5.572372770786279,5.572372770786279,5.366623818544157,5.482357501983643
2011-08-09,5.38376748620825,5.670958518981934,5.38376748620825,5.670958518981934
2011-08-10,5.6152371579863365,5.75668966025863,5.6152371579863365,5.739543914794922
2011-08-11,5.681736143940238,5.737820148849613,5.660165309524411,5.698992729187012
2011-08-12,5.694674792487468,5.73781643338318,5.673103972039612,5.6903605461120605
2011-08-15,5.7119313665599165,5.716245612935324,5.6903605461120605,5.6903605461120605
2011-08-16,5.6472222161006895,5.711934299240224,5.6299656331681875,5.651536464691162
2011-08-17,5.6644787587371015,5.716248507166326,5.6644787587371015,5.6774210929870605
2011-08-18,5.634279195247287,5.694677022437148,5.634279195247287,5.6731061935424805
2011-08-19,5.638592116842909,5.694676098295909,5.638592116842909,5.647220611572266
2011-08-22,5.6731061935424805,5.686048937736885,5.64290727994755,5.6731061935424805
2011-08-23,5.664481901323554,5.716251678474029,5.664481901323554,5.711937427520752
2011-08-24,5.73350827085752,5.73350827085752,5.69468083513726,5.711937427520752
2011-08-25,5.703305574701615,5.742132984808308,5.69899132659435,5.724876403808594
2011-08-26,5.733506330009996,5.768019503093936,5.698993156926057,5.763705253601074
2011-08-29,5.802527769242766,5.824098587036133,5.772328871189529,5.824098587036133
2011-08-30,5.832727694015728,5.841355775185767,5.785271807578404,5.802528381347656
2011-08-31,5.841356432212728,5.841356432212728,5.7809582115122575,5.806843280792236
2011-09-01,5.772330129371744,5.837042185427862,5.772330129371744,5.806843280792236
2011-09-02,5.772334093228805,5.832732355404712,5.768019843481348,5.811161518096924
2011-09-06,5.768017585326492,5.837043908544295,5.755075252580488,5.8154730796813965
2011-09-07,5.815474057216346,5.8456733872724085,5.811160219862117,5.8413591384887695
2011-09-08,5.83272932266408,5.8629282323352925,5.8241008276555695,5.845671653747559
2011-09-09,5.849985550268952,5.858613633330514,5.802529653427941,5.837042808532715
2011-09-12,5.849983650673999,5.880182548727236,5.802527769242766,5.824098587036133
2011-09-13,5.870126525382617,5.896177149984107,5.839733577924596,5.878809928894043
2011-09-14,5.874466616005034,5.887492339259617,5.844074089878567,5.865783214569092
2011-09-15,5.865780983027452,5.887490099459094,5.857097170828013,5.883148193359375
2011-09-16,5.88314977185524,5.909200387309233,5.8657825568635555,5.900516986846924
2011-09-19,5.900515405199771,5.926566013670836,5.874464382661749,5.922224521636963
2011-09-20,5.926565972975791,5.948275089263916,5.913540668829697,5.948275089263916
2011-09-21,5.9309080309163456,5.96564245223999,5.9265661247341495,5.96564245223999
2011-09-22,5.948275241578168,5.969984358422187,5.9352499370985425,5.96564245223999
2011-09-23,5.965645960527102,6.009064219748622,5.952620648387529,5.969987869262695
2011-09-26,5.948278129946937,5.978671073913574,5.9265690025613855,5.978671073913574
2011-09-27,6.000376721691453,6.013402439908357,5.922224482724802,5.987351417541504
2011-09-28,6.009063666449605,6.043798105001682,5.961303502890123,6.035114288330078
2011-09-29,6.056822630843221,6.056822630843221,5.974328453491908,6.039455413818359
2011-09-30,6.056823973638529,6.056823973638529,5.969987869262695,5.969987869262695
2011-10-03,5.9873519157990795,6.022086339134122,5.943933679596783,5.9743266105651855
2011-10-04,5.97867033170613,5.9916956408935995,5.818023057436514,5.865783214569092
2011-10-05,5.874468831494904,5.909203278472605,5.831050979806413,5.835392475128174
2011-10-06,5.85275620050943,5.857098107303365,5.796313068456361,5.818021774291992
2011-10-07,5.818022471100418,5.831048193042279,5.796313762664795,5.796313762664795
2011-10-10,5.800655330842047,5.857098884451339,5.800655330842047,5.852756977081299
2011-10-11,5.82236516434256,5.835390473975561,5.783288821376428,5.791972637176514
2011-10-12,5.790221347877796,5.83829095997982,5.768371372648289,5.8295512199401855
2011-10-13,5.785855959066614,5.890735425071423,5.781485877127927,5.881995677947998
2011-10-14,5.9169519958708445,5.947541717818217,5.890731936520451,5.9300618171691895
2011-10-17,5.9169507041045994,5.9169507041045994,5.8295512199401855,5.8295512199401855
2011-10-18,5.825183876903801,5.847033862393513,5.798964227719194,5.807703971862793
2011-10-19,5.80770233475861,5.838292055769138,5.798962593078613,5.798962593078613
2011-10-20,5.803334198463245,5.87325382232666,5.803334198463245,5.87325382232666
2011-10-21,5.895100861008339,5.938800812446846,5.886361120772811,5.921320915222168
2011-10-24,5.908210755056322,5.969390183430324,5.908210755056322,5.943170547485352
2011-10-25,5.916952586620611,6.008722178378727,5.916952586620611,5.98687219619751
2011-10-26,5.999980374735539,6.021830350929592,5.973760736705582,6.01309061050415
2011-10-27,6.026202420471388,6.030572500504723,5.986872533678911,5.9999823570251465
2011-10-28,6.008722517091817,6.026202420471388,5.965022550266005,5.9999823570251465
2011-10-31,6.030574442631835,6.03494452407254,5.965024471282959,5.965024471282959
2011-11-01,5.978135095373811,6.048054735851224,5.978135095373811,5.995615005493164
2011-11-02,5.9912422759845025,6.008722178378727,5.982502116410517,5.98687219619751
2011-11-03,5.991244923774843,6.026204744013549,5.9868748420565225,5.995615005493164
2011-11-04,5.9912445306915725,6.008724439664076,5.978134703150671,5.982504367828369
2011-11-07,5.995612355771495,5.995612355771495,5.982502116410517,5.98687219619751
2011-11-08,6.008720531914613,6.026200429519129,5.991240634310098,6.01309061050415
2011-11-09,6.008723856625711,6.030573844909668,5.986873868341753,6.030573844909668
2011-11-10,6.030572751334318,6.065532559547543,6.017462927442805,6.04368257522583
2011-11-11,6.0524244892119965,6.074274063110352,6.030574498559733,6.074274063110352
2011-11-14,6.081310512088214,6.120885268201127,6.068119066500074,6.116487979888916
2011-11-15,6.116485847836514,6.151663303375244,6.09010296585664,6.151663303375244
2011-11-16,6.1208831346159425,6.156060590154673,6.116485847836514,6.151663303375244
2011-11-17,6.1516609722593225,6.1516609722593225,6.07251193696416,6.085703372955322
2011-11-18,6.103293683692361,6.116485123119299,6.063718946063251,6.094499111175537
2011-11-21,6.076908388351243,6.178043842315674,6.076908388351243,6.178043842315674
2011-11-22,6.186841449683862,6.186841449683862,6.142869835025128,6.160458564758301
2011-11-23,6.160460368391796,6.178049103274524,6.138474344951256,6.156063079833984
2011-11-25,6.13847253850784,6.195636014891639,6.13847253850784,6.1824445724487305
2011-11-28,6.20882565148589,6.222017090092044,6.156059477713,6.164854049682617
2011-11-29,6.204430940503049,6.257197136175298,6.182445340150948,6.222019672393799
2011-11-30,6.244005166060091,6.279182626878019,6.213224992681505,6.21762228012085
2011-12-01,6.265988243017115,6.287974250546467,6.235208084084951,6.261590957641602
2011-12-02,6.265995477249633,6.31436441417866,6.252804025241479,6.2879815101623535
2011-12-05,6.305563774141953,6.3539326613756755,6.265989039428785,6.274783611297607
2011-12-06,6.265991115975739,6.283579846194015,6.239607810974121,6.239607810974121
2011-12-07,6.279182653964024,6.279182653964024,6.248402480452665,6.2659912109375
2011-12-08,6.2571937792279435,6.296768509587634,6.244002342224121,6.244002342224121
2011-12-09,6.279186827508375,6.283584117889404,6.244009343157526,6.283584117889404
2011-12-12,6.265991330888876,6.3451408292600195,6.265991330888876,6.340743541717529
2011-12-13,6.356667561375117,6.356667561375117,6.312432131737991,6.321279048919678
2011-12-14,6.312429770888768,6.352241516113281,6.312429770888768,6.352241516113281
2011-12-15,6.325702684462939,6.409750295627043,6.303584758831015,6.387632369995117
2011-12-16,6.3920558216065,6.3920558216065,6.365514649244381,6.369937896728516
2011-12-19,6.383206394941162,6.409747556867479,6.3389705625784165,6.347817897796631
2011-12-20,6.356665954116982,6.400901794433594,6.356665954116982,6.400901794433594
2011-12-21,6.423019951402466,6.453984787647195,6.383207778022526,6.44956111907959
2011-12-22,6.458407520878308,6.480525016784668,6.440713271034705,6.480525016784668
2011-12-23,6.515909595276678,6.515909595276678,6.405320494839283,6.453979969024658
2011-12-27,6.462830543518066,6.4761015468401295,6.445136294286161,6.462830543518066
2011-12-28,6.458409619599093,6.493798130786129,6.436291694641113,6.436291694641113
2011-12-29,6.427443098085771,6.489373191475764,6.427443098085771,6.458408355712891
2011-12-30,6.493798548788517,6.515916053305859,6.3610914123626765,6.405326843261719
2012-01-03,6.42744296113217,6.458408218099494,6.400901794433594,6.400901794433594
2012-01-04,6.387631365833616,6.440714547751082,6.387631365833616,6.392055034637451
2012-01-05,6.396479615693383,6.440715466312,6.392055946258654,6.4274444580078125
2012-01-06,6.418595131370392,6.467254211292087,6.396477214364465,6.462830543518066
2012-01-09,6.431866323703799,6.467254825528682,6.414172072791357,6.4230194091796875
2012-01-10,6.436291694641113,6.458409619599093,6.4230211084120565,6.436291694641113
2012-01-11,6.4318684392926295,6.449562696025118,6.396479925827653,6.405326843261719
2012-01-12,6.434697151184082,6.465847001507794,6.421347275957474,6.434697151184082
2012-01-13,6.4435970824029845,6.474747357865066,6.403547455754409,6.407997131347656
2012-01-17,6.434695582726971,6.448045454699548,6.399095641210248,6.4213457107543945
2012-01-18,6.421345742812537,6.43024551604376,6.3990956731573085,6.412445545196533
2012-01-19,6.40799529848073,6.456945535469331,6.40799529848073,6.439145565032959
2012-01-20,6.425795764352572,6.4836457788272694,6.425795764352572,6.4702959060668945
2012-01-23,6.568196270506941,6.7639959695640695,6.5637461712503455,6.719496250152588
2012-01-24,6.7016983662193095,6.755098300787059,6.652748107910156,6.652748107910156
2012-01-25,6.634947868008732,6.804047866329017,6.568198058528197,6.759547710418701
2012-01-26,6.857450187930279,6.982050073750926,6.7951504572125,6.901950359344482
2012-01-27,6.861897700020563,6.9197477312703,6.826297746079945,6.897497653961182
2012-01-30,6.919743204758842,6.9775931981663275,6.857443113923554,6.973143100738525
2012-01-31,6.973144198963686,6.990944167093627,6.9108440983165345,6.946444034576416
2012-02-01,6.959794784901345,7.06659460067749,6.959794784901345,7.06659460067749
2012-02-02,7.030996577904247,7.062146426563872,6.9864964303463335,7.026546478271484
2012-02-03,7.026549944610013,7.031000046438101,6.942000131801683,6.97760009765625
2012-02-06,6.977595694183754,6.977595694183754,6.857445566961016,6.884145736694336
2012-02-07,6.901948179931965,6.937548136067975,6.728398075480201,6.763998031616211
2012-02-08,6.777345180511475,6.812945546699728,6.728395366627897,6.777345180511475
2012-02-09,6.777349177625541,6.799599260471459,6.755099519164656,6.790699481964111
2012-02-10,6.763995308431368,6.781795279333104,6.763995308431368,6.777345180511475
2012-02-13,6.7889831229060125,6.806884181875779,6.771082063936247,6.784507751464844
2012-02-14,6.757652933915112,6.793455033616289,6.74870219559247,6.762127876281738
2012-02-15,6.762127876281738,6.802405345144237,6.757652933915112,6.762127876281738
2012-02-16,6.753179920164736,6.784506661630904,6.645773583599433,6.6502485275268555
2012-02-17,6.64129693425097,6.712901144842124,6.64129693425097,6.70395040512085
2012-02-21,6.717374473118213,6.771077614739799,6.6860473204096476,6.730800151824951
2012-02-22,6.757654410073144,6.757654410073144,6.690525138373538,6.7218523025512695
2012-02-23,6.703949744285519,6.712900483124483,6.6591973304748535,6.6591973304748535
2012-02-24,6.681576133998298,6.762130678308014,6.663675076730042,6.739754676818848
2012-02-27,6.780033111572266,6.780033111572266,6.708428867967284,6.780033111572266
2012-02-28,6.744225022534795,6.793453216552734,6.744225022534795,6.793453216552734
2012-02-29,6.8113555908203125,6.824781270538538,6.7755534937086015,6.8113555908203125
2012-03-01,6.824787135991608,6.89639139175415,6.788985008110336,6.89639139175415
2012-03-02,6.860586194515872,6.932190418243408,6.860586194515872,6.932190418243408
2012-03-05,6.914285969969115,6.914285969969115,6.824780734223471,6.8605828285217285
2012-03-06,6.869533878527725,6.869533878527725,6.7800282119088155,6.806879997253418
2012-03-07,6.824781270538538,6.824781270538538,6.766602756033342,6.8113555908203125
2012-03-08,6.78898284261712,6.8247849590785306,6.757656097412109,6.757656097412109
2012-03-09,6.7800282119088155,6.820305676528395,6.771077901323714,6.806879997253418
2012-03-12,6.818583965596078,6.818583965596078,6.782578275116467,6.814083576202393
2012-03-13,6.8005830223752195,6.8185858726501465,6.796082631722844,6.8185858726501465
2012-03-14,6.809584684732121,6.809584684732121,6.7285716436150755,6.755576133728027
2012-03-15,6.728567984728909,6.728567984728909,6.454024559111574,6.48552942276001
2012-03-16,6.481030524955552,6.598049237769282,6.310003703731428,6.364012241363525
2012-03-19,6.364012799174045,6.521537607102739,6.350510341666243,6.436024188995361
2012-03-20,6.458529129678977,6.548543384712525,6.458529129678977,6.481032371520996
2012-03-21,6.5710466923266315,6.5710466923266315,6.476531622463653,6.553043842315674
2012-03-22,6.580048059651768,6.580048059651768,6.481032167619124,6.517037868499756
2012-03-23,6.566542419823501,6.566542419823501,6.458525376553229,6.48552942276001
2012-03-26,6.481031093022813,6.494533550530615,6.4135205223707645,6.436024188995361
2012-03-27,6.42252295652651,6.476531505584717,6.4000192871134765,6.476531505584717
2012-03-28,6.517035436946185,6.5665435791015625,6.494532204208269,6.5665435791015625
2012-03-29,6.553044091024558,6.566546121739771,6.517037960414294,6.5260396003723145
2012-03-30,6.566545917189883,6.575547127645695,6.5170377574066,6.562045097351074
2012-04-02,6.553041931831666,6.629553700155527,6.553041931831666,6.61605167388916
2012-04-03,6.6115503327804594,6.674560499078965,6.6115503327804594,6.670059680938721
2012-04-04,6.697067376462376,6.710569408145088,6.593550655636649,6.652060031890869
2012-04-05,6.706065369276567,6.75107269224687,6.701564980356851,6.728569030761719
2012-04-09,6.764574909191106,6.764574909191106,6.715067195897791,6.751072883605957
2012-04-10,6.760074520143826,6.760074520143826,6.710566377628857,6.751072883605957
2012-04-11,6.808107723628425,6.808107723628425,6.740207885593356,6.7854743003845215
2012-04-12,6.799055921520661,6.799055921520661,6.703995870963556,6.762842178344727
2012-04-13,6.7854729239862746,6.7854729239862746,6.744732856750488,6.744732856750488
2012-04-16,6.790003776550293,6.799057322133498,6.753790457611103,6.790003776550293
2012-04-17,6.771899475348532,6.776426249716553,6.713052703655158,6.726632595062256
2012-04-18,6.7628398056119465,6.780946454998858,6.740206817650737,6.7764201164245605
2012-04-19,6.790003776550293,6.7945305493418955,6.7673703442890965,6.790003776550293
2012-04-20,6.799054613348849,6.8126344946165345,6.762840877140618,6.7854743003845215
2012-04-23,6.817159861609677,6.817159861609677,6.77189302444458,6.77189302444458
2012-04-24,6.780947063105682,6.812634026146855,6.780947063105682,6.799054145812988
2012-04-25,6.790003421187754,6.817163624819093,6.780949876078377,6.812636852264404
2012-04-26,6.839796624057896,6.885063486210264,6.799056966156915,6.876009941101074
2012-04-27,6.876006004347342,6.898639422465103,6.844319478000403,6.866952896118164
2012-04-30,6.889588071382509,6.89411441080324,6.866954647492234,6.871481418609619
2012-05-01,6.857902886296248,6.894116201246843,6.8352698882247,6.848849773406982
2012-05-02,6.826212829845503,6.889586314235926,6.826212829845503,6.866952896118164
2012-05-03,6.835269731489698,6.8760093861023694,6.830742959300483,6.853376388549805
2012-05-04,6.835268967087507,6.885062160510134,6.821688652038574,6.821688652038574
2012-05-07,6.8081069226037965,6.853373763765623,6.780946731567383,6.780946731567383
2012-05-08,6.76736625438876,6.844319618551492,6.753786375917852,6.77189302444458
2012-05-09,6.758313742683061,6.8216868022737085,6.758313742683061,6.780946731567383
2012-05-10,6.789999672971308,6.812633091553857,6.76736625438876,6.77189302444458
2012-05-11,6.765526294708252,6.79284355083133,6.760973780515285,6.765526294708252
2012-05-14,6.815606183849603,6.842922999067385,6.738207817077637,6.738207817077637
2012-05-15,6.751860717487786,6.833811964682968,6.751860717487786,6.824706077575684
2012-05-16,6.824707383609708,6.833813272459572,6.801943095677723,6.811048984527588
2012-05-17,6.806493833775592,6.824705171379433,6.783729553222656,6.783729553222656
2012-05-18,6.77007115856791,6.7882824961717505,6.756412763913163,6.783729553222656
2012-05-21,6.760968723185116,6.806496870410273,6.760968723185116,6.797391414642334
2012-05-22,6.783731568412834,6.87934122778315,6.760967715290155,6.8383660316467285
2012-05-23,6.852026834679419,6.861132292284989,6.842920942881031,6.856579780578613
2012-05-24,6.85202649504457,6.902107594874876,6.842920603697535,6.888449192047119
2012-05-25,6.883896486724499,6.9203191849987435,6.883896486724499,6.91576623916626
2012-05-29,6.888448974357197,6.938530072604831,6.888448974357197,6.933977127075195
2012-05-30,6.943084904210179,6.943084904210179,6.874792439485272,6.897556304931641
2012-05-31,6.924872130831227,6.94308347996835,6.879343540892015,6.91576623916626
2012-06-01,6.9157689853579125,6.938533289367026,6.883899220260945,6.902110576629639
2012-06-04,6.947636558525876,6.988612203415388,6.883896618231877,6.893002510070801
2012-06-05,6.906664858048674,6.96585188622506,6.9021119095290135,6.943087577819824
2012-06-06,6.938533191097087,6.961297494783791,6.924874782562256,6.924874782562256
2012-06-07,6.9294257164001465,6.947637067218571,6.906661419328901,6.9294257164001465
2012-06-08,6.911211241969535,6.9567393813421345,6.902105353579421,6.920316696166992
2012-06-11,6.974957349071314,6.974957349071314,6.92487621793425,6.943087577819824
2012-06-12,6.938533289367026,6.938533289367026,6.902110576629639,6.902110576629639
2012-06-13,6.895699564029377,6.927751147803094,6.849911212921143,6.849911212921143
2012-06-14,6.8407499680632755,6.8407499680632755,6.799540996551514,6.799540996551514
2012-06-15,6.799540556988531,6.8224342830140134,6.735436988775614,6.7537522315979
2012-06-18,6.753753393095642,6.808699131011963,6.753753393095642,6.808699131011963
2012-06-19,6.8315958976745605,6.8315958976745605,6.790386469385989,6.8315958976745605
2012-06-20,6.831590081209908,6.891114711761475,6.831590081209908,6.891114711761475
2012-06-21,6.904856268989285,6.932329364190106,6.854489437236152,6.923171520233154
2012-06-22,6.932327863729535,6.932327863729535,6.859066437941017,6.904854774475098
2012-06-25,6.927748942742139,6.927748942742139,6.868224279915809,6.904854774475098
2012-06-26,6.927748864362637,6.973536763708741,6.836172629000493,6.918591022491455
2012-06-27,6.9506425857543945,6.9506425857543945,6.914012093963244,6.9506425857543945
2012-06-28,6.9506437114934085,6.973537445068359,6.9231706198655,6.973537445068359
2012-06-29,7.028486236636541,7.028486236636541,6.950646290918914,6.996434211730957
2012-07-02,7.001012448055573,7.037642955780029,7.001012448055573,7.037642955780029
2012-07-03,7.0468009457373535,7.060537277248547,7.023906768771961,7.042222023010254
2012-07-05,7.0330602164996,7.069690704345703,7.019323892724777,7.069690704345703
2012-07-06,7.074270813137085,7.074270813137085,7.023903993053354,7.028482913970947
2012-07-09,7.037640319136202,7.055955566136643,7.023903993053354,7.028482913970947
2012-07-10,7.051377707798717,7.065114472621506,7.028483973100733,7.03306245803833
2012-07-11,7.033063909816188,7.046800677474546,6.9964334027340795,7.001012325286865
2012-07-12,7.0314040958720625,7.040613302863134,6.980751920430826,7.003775596618652
2012-07-13,6.985350134260463,7.008373788664303,6.971536117274031,6.980745315551758
2012-07-16,7.05442504883125,7.05442504883125,6.966935634613037,6.966935634613037
2012-07-17,6.966937954417185,6.989961630816654,6.966937954417185,6.98535680770874
2012-07-18,6.976144191311907,7.031401166800323,6.976144191311907,7.022191524505615
2012-07-19,7.003769831198962,7.022188669159036,6.99916501192401,7.012979030609131
2012-07-20,6.989959540178713,7.0498209052572625,6.985354718448062,7.045216083526611
2012-07-23,7.045214438941479,7.114284992218018,7.022190774802677,7.114284992218018
2012-07-24,7.068242564146771,7.123499129470727,7.049823709038785,7.059032917022705
2012-07-25,7.063635765064054,7.123497137208329,7.063635765064054,7.082054615020752
2012-07-26,7.091261863708496,7.09586668471205,7.068238636970532,7.091261863708496
2012-07-27,7.077449792746572,7.0958686427032704,7.068240587338234,7.082054615020752
2012-07-30,7.082052703077871,7.086657524108887,7.068238679124727,7.086657524108887
2012-07-31,7.123495171593468,7.123495171593468,7.054424173959873,7.091261863708496
2012-08-01,7.114287492659968,7.114287492659968,7.068240587338234,7.082054615020752
2012-08-02,7.077447418690967,7.1142851062475465,7.03140052881518,7.072842597961426
2012-08-03,7.077443551344103,7.114281218771375,7.045210702130149,7.105072021484375
2012-08-06,7.114283078908286,7.132701917437806,7.105073879213401,7.12349271774292
2012-08-07,7.1096801715622835,7.128099015045351,7.040609618285745,7.114284992218018
2012-08-08,7.072848931150529,7.114291476545244,7.03601121060862,7.040616035461426
2012-08-09,7.02679645459267,7.0590293248440386,6.985353941903814,6.989958763122559
2012-08-10,7.031402604847689,7.040611809885928,6.994564467274717,7.017588138580322
2012-08-13,7.038889107225947,7.038889107225947,6.974057515700927,6.992580890655518
2012-08-14,6.955534508819497,7.034258525318356,6.955534508819497,7.015735149383545
2012-08-15,7.024995018378295,7.062041759490967,6.997209741727795,7.062041759490967
2012-08-16,7.0759358571351285,7.099090186236391,6.978688028215503,6.992580890655518
2012-08-17,7.0249952917709795,7.0249952917709795,6.9323784353849165,6.9416399002075195
2012-08-20,6.955534596094752,7.034258613581409,6.955534596094752,7.020366191864014
2012-08-21,7.020368742699913,7.038892125597579,6.992583889169555,7.001845359802246
2012-08-22,6.974061541482471,7.089832812185729,6.946276242195455,7.006477355957031
2012-08-23,6.94163929584914,7.011102263315054,6.932377831832866,6.987947940826416
2012-08-24,6.978685143489389,7.011101367484346,6.946269361126345,6.964792728424072
2012-08-27,6.950906167241734,7.001845359802246,6.950906167241734,7.001845359802246
2012-08-28,6.964794976061191,7.02036509588763,6.964794976061191,7.011103630065918
2012-08-29,7.043515920184738,7.071301187096511,7.015730653272965,7.057408332824707
2012-08-30,7.0851958644817525,7.103719234466553,7.0574105886885645,7.103719234466553
2012-08-31,7.108350187370747,7.126873557355547,7.0851958644817525,7.103719234466553
2012-09-04,7.117612531157949,7.126874438110945,7.05278050738307,7.0713043212890625
2012-09-05,7.062042003713565,7.075934421703253,7.006471890122807,7.048149585723877
2012-09-06,7.06667398231881,7.06667398231881,7.01573437291177,7.024996280670166
2012-09-07,7.0666729569207964,7.0666729569207964,7.015733354905264,7.048149585723877
2012-09-10,7.029628012558742,7.075936231579711,6.99258126068912,7.015735149383545
2012-09-11,7.038894737949602,7.080572475345323,7.015740390326151,7.043525695800781
2012-09-12,7.075933958673365,7.108350187370747,7.0574105886885645,7.103719234466553
2012-09-13,7.122238109631325,7.145392417907715,7.099083801354935,7.145392417907715
2012-09-14,7.166815427181918,7.171471889704284,7.115590342472349,7.124904155731201
2012-09-17,7.180792038101588,7.180792038101588,7.11094015346273,7.138880729675293
2012-09-18,7.190105742430633,7.190105742430633,7.138881054306593,7.16216516494751
2012-09-19,7.171477734842668,7.2320162380461515,7.171477734842668,7.227359771728516
2012-09-20,7.227357027675496,7.232013492225185,7.180788829320584,7.222700119018555
2012-09-21,7.245991351565449,7.255304733940707,7.194766194124613,7.241334438323975
2012-09-24,7.283239239925626,7.301866432084728,7.245984855607421,7.26926851272583
2012-09-25,7.30652317936874,7.339121099987224,7.2692687936110225,7.329807281494141
2012-09-26,7.367062808939268,7.3810335388439645,7.329808417408169,7.376376628875732
2012-09-27,7.38103419614437,7.38103419614437,7.311181872722493,7.334465980529785
2012-09-28,7.381031537180101,7.381031537180101,7.33446333834138,7.3624043464660645
2012-10-01,7.381032082072259,7.395002365112305,7.357747980933989,7.395002365112305
2012-10-02,7.36705892171017,7.3903430151580976,7.2878932704515,7.343775272369385
2012-10-03,7.343782225380726,7.385693100339174,7.292557082474459,7.315841197967529
2012-10-04,7.320498109887656,7.353095605113415,7.292557082474459,7.315841197967529
2012-10-05,7.3670605678022945,7.3670605678022945,7.3065220889538525,7.353090286254883
2012-10-08,7.376376482040506,7.399660587310791,7.362406196521283,7.399660587310791
2012-10-09,7.362402458306299,7.399656830180127,7.301863992984543,7.343775272369385
2012-10-10,7.374679062022081,7.374679062022081,7.215479569553876,7.224844455718994
2012-10-11,7.210801126592872,7.323177590202284,7.210801126592872,7.28571891784668
2012-10-12,7.243574880300589,7.313809751023655,7.243574880300589,7.257621765136719
2012-10-15,7.257619956055967,7.299761046602415,7.215478865509518,7.262302398681641
2012-10-16,7.295081331645022,7.3091282182319395,7.248257780965334,7.304446220397949
2012-10-17,7.2857168894345685,7.318493106984866,7.257622669718261,7.304446220397949
2012-10-18,7.285716841795937,7.304446172636853,7.2154815162356485,7.2529401779174805
2012-10-19,7.229529342590899,7.248258675866684,7.173341342763544,7.201435565948486
2012-10-22,7.173343181610107,7.210801857764,7.140566951611112,7.173343181610107
2012-10-23,7.187394094823666,7.192076096764578,7.140570503071624,7.159299850463867
2012-10-24,7.178024897906432,7.220166015930331,7.163978007412664,7.210801124572754
2012-10-25,7.248256539542855,7.248256539542855,7.1780216720950545,7.215480327606201
2012-10-26,7.182706356048584,7.224847468278582,7.178023911013576,7.182706356048584
2012-10-31,7.18738743990096,7.206116769951403,7.093740343106296,7.112469673156738
2012-11-01,7.112469077736964,7.168657509726933,7.112469077736964,7.131198406219482
2012-11-02,7.1218382294881115,7.1218382294881115,7.051603317260742,7.051603317260742
2012-11-05,7.065642844767183,7.065642844767183,7.004772442571669,7.04223108291626
2012-11-06,7.070329189300537,7.098422961795766,7.05628185651046,7.070329189300537
2012-11-07,7.0515977273359365,7.206114768981934,7.0515977273359365,7.206114768981934
2012-11-08,7.206120138659229,7.252943262402924,7.18739079985322,7.238896369934082
2012-11-09,7.238892838392478,7.271669053677238,7.220163508723695,7.229527950286865
2012-11-12,7.252942242596653,7.271671578769208,7.154613116055088,7.210801124572754
2012-11-13,7.2230455655643215,7.2230455655643215,7.124164220765251,7.1571245193481445
2012-11-14,7.119453456067196,7.175957001466507,7.058241169622042,7.124162197113037
2012-11-15,7.062950186563743,7.100619218301394,6.898147835923811,6.954651832580566
2012-11-16,6.945235283133092,7.100620172187636,6.945235283133092,7.0770769119262695
2012-11-19,7.161828885381898,7.180663394355909,7.095907879447802,7.1382856369018555
2012-11-20,7.133582118975496,7.142999604880892,7.095913073454802,7.128873825073242
2012-11-21,7.13357774393615,7.138286484000966,7.091200430503304,7.114743232727051
2012-11-23,7.152413240231552,7.152413240231552,7.105327180248829,7.119452953338623
2012-11-26,7.1194538579229185,7.1194538579229185,7.09591060041508,7.10532808303833
2012-11-27,7.095910074138704,7.133579103737364,7.086493041264166,7.0912017822265625
2012-11-28,7.09591060041508,7.128871340546168,7.091202308153742,7.10532808303833
2012-11-29,7.110036023818002,7.142996311187744,7.105327283036543,7.142996311187744
2012-11-30,7.142996912765742,7.175957202911377,7.1147449147478605,7.175957202911377
2012-12-03,7.213626031732715,7.213626031732715,7.086493166846829,7.124162197113037
2012-12-04,7.095910074138704,7.124162070862826,7.08178430030177,7.0912017822265625
2012-12-05,7.110033259766727,7.16182804107666,7.086490014062188,7.16182804107666
2012-12-06,7.138287723171892,7.180665493011475,7.133578982289662,7.180665493011475
2012-12-07,7.1477039641306,7.171246766354347,7.114743232727051,7.114743232727051
2012-12-10,7.185372879413808,7.185372879413808,7.048822562921285,7.086491584777832
2012-12-11,7.110036423025774,7.133579230154457,7.020572139355834,7.124162197113037
2012-12-12,7.119430395164889,7.15729966975853,7.076827348387702,7.091028213500977
2012-12-13,7.119424504693086,7.119424504693086,7.053153103267188,7.062620639801025
2012-12-14,7.043684948570893,7.053152032230144,6.991614859852712,7.001081943511963
2012-12-17,7.001086376403338,7.001086376403338,6.736001094545946,6.797538757324219
2012-12-18,6.811743295745705,6.849612575173329,6.740738058240846,6.769140243530273
2012-12-19,6.788071667670673,6.8732777317386216,6.788071667670673,6.797538757324219
2012-12-20,6.811742396614324,6.882747173309326,6.811742396614324,6.882747173309326
2012-12-21,6.830673429175155,7.010552613506431,6.830673429175155,7.005818843841553
2012-12-24,7.005823680345034,7.005823680345034,6.9442859865301445,6.972687721252441
2012-12-26,6.991616932403483,6.9963502499177626,6.9253455213959665,6.986883163452148
2012-12-27,6.958483344369363,6.958483344369363,6.797538757324219,6.797538757324219
2012-12-28,6.816475717339927,6.887480945472289,6.811742396614324,6.882747173309326
2012-12-31,6.901680260882337,6.953750388671488,6.868544766056265,6.906414031982422
2013-01-02,6.934814318556092,7.109960201464379,6.934814318556092,7.043688774108887
2013-01-03,7.095760196734322,7.11469482925743,7.067358473668283,7.10996150970459
2013-01-04,7.124159577433457,7.1714959144592285,7.086290327238013,7.1714959144592285
2013-01-07,7.17149999663487,7.190434632510604,7.114696089007667,7.176233768463135
2013-01-08,7.190432817196424,7.214101218925041,7.14783023580957,7.19516658782959
2013-01-09,7.209367812107213,7.2377699859022915,7.17623231887732,7.218835353851318
2013-01-10,7.256907191324546,7.261665927907332,7.204562450368196,7.242631435394287
2013-01-11,7.1522144294711705,7.266421793239698,7.1522144294711705,7.218835353851318
2013-01-14,7.190283320424328,7.233111024639555,7.161731820159453,7.16649055480957
2013-01-15,7.147455583659429,7.176007081981441,7.066558915383921,7.071317195892334
2013-01-16,7.057042396991051,7.142697811126709,7.014214689923222,7.142697811126709
2013-01-17,7.176008903266397,7.176008903266397,7.147457397697957,7.161733150482178
2013-01-18,7.204558069047504,7.233109563544951,7.185523588109931,7.190281867980957
2013-01-22,7.156976311398711,7.190286561327751,7.156976311398711,7.18552827835083
2013-01-23,7.166489682865955,7.209316928052496,7.166489682865955,7.195041179656982
2013-01-24,7.185524739716026,7.19504175480117,7.161731521276326,7.176007270812988
2013-01-25,7.195041179656982,7.218834396194745,7.190282445585858,7.195041179656982
2013-01-28,7.19503925392601,7.19503925392601,7.09986686706543,7.09986686706543
2013-01-29,7.109380012388647,7.133173209618238,7.028483867916025,7.052276611328125
2013-01-30,7.052283763047227,7.080835719440765,7.052283763047227,7.076076984405518
2013-01-31,7.118902487234005,7.156971448089443,7.104626740367669,7.133178234100342
2013-02-01,7.118907148097157,7.156976133876972,7.099872655207249,7.128424167633057
2013-02-04,7.137941955453239,7.137941955453239,7.076079737381136,7.095114231109619
2013-02-05,7.095109847890853,7.142696279723168,7.095109847890853,7.137937545776367
2013-02-06,7.137937545776367,7.156972027745724,7.118903063807011,7.137937545776367
2013-02-07,7.166644694656397,7.166644694656397,7.137940097365468,7.147508144378662
2013-02-08,7.166642665863037,7.171426916140942,7.1283695761422345,7.166642665863037
2013-02-11,7.152286298178437,7.157070545731797,7.109228982700118,7.128365516662598
2013-02-12,7.1427243489977394,7.152292396010933,7.099666996809998,7.147508144378662
2013-02-13,7.161864838754099,7.161864838754099,7.114023208618164,7.114023208618164
2013-02-14,7.128368689802609,7.128368689802609,7.042254476763832,7.056606769561768
2013-02-15,7.042254476763832,7.080527561725768,7.0374702270807985,7.056606769561768
2013-02-19,7.061391830444336,7.080528375123675,7.0039821964063185,7.061391830444336
2013-02-20,7.042255285764997,7.061391830444336,7.023118741085658,7.061391830444336
2013-02-21,7.066176484485883,7.090096824513616,7.032687187194824,7.032687187194824
2013-02-22,7.0518252888636255,7.066178043548507,6.9848475920062105,7.013552188873291
2013-02-25,7.008766280673851,7.027902826145779,6.903515508703861,6.913083553314209
2013-02-26,6.913082895377297,6.9657087326049805,6.874809808075994,6.9657087326049805
2013-02-27,6.965711550899455,6.994416149863584,6.893949140986382,6.951358795166016
2013-02-28,6.960922491954958,6.965706740562225,6.90829666977713,6.937001705169678
2013-03-01,6.95613824334769,6.960922491954958,6.913080918384398,6.937001705169678
2013-03-04,6.936999761746193,6.951352047296097,6.908294734395454,6.922647476196289
2013-03-05,6.917865166991666,6.937001705169678,6.893944380206386,6.937001705169678
2013-03-06,6.932220530948032,6.960925579071045,6.893947437618191,6.960925579071045
2013-03-07,6.951304267024392,6.965735912322998,6.932061920368341,6.965735912322998
2013-03-08,6.936874303797852,6.946495250071925,6.855094195985937,6.888768196105957
2013-03-11,6.874335066532518,6.874335066532518,6.7396386362930585,6.754070281982422
2013-03-12,6.734826990145707,6.749258633810817,6.662668313046475,6.710773944854736
2013-03-13,6.681910129587145,6.705962714204042,6.662667786629441,6.686720371246338
2013-03-14,6.6674813159261355,6.677102721535984,6.552027201251176,6.595322608947754
2013-03-15,6.566456310408871,6.6097517013549805,6.518350677292732,6.6097517013549805
2013-03-18,6.590509114792293,6.773311614990234,6.561645827735273,6.773311614990234
2013-03-19,6.787743668927639,6.835849761962891,6.763691081183717,6.835849761962891
2013-03-20,6.840662589665128,6.912821292877197,6.816609535669823,6.912821292877197
2013-03-21,6.908010305583096,6.922442412649712,6.816609254696998,6.855093955993652
2013-03-22,6.840658497123926,6.869521777631263,6.787741718237855,6.811794757843018
2013-03-25,6.816609032470001,6.8406620846897175,6.730018227988544,6.7781243324279785
2013-03-26,6.744447067055234,6.782931748452314,6.720394026488663,6.758878707885742
2013-03-27,6.763688553890872,6.831036508446812,6.7588778546301524,6.806983470916748
2013-03-28,6.845468738026101,6.859900837053342,6.806984058167271,6.811794757843018
2013-04-01,6.8358507623707245,6.864714514170746,6.806987010570702,6.859903812408447
2013-04-02,6.855094195985937,6.898389601153873,6.840662547187906,6.888768196105957
2013-04-03,6.8695236343511485,6.893576680457455,6.831038944090535,6.874334335327148
2013-04-04,6.874334335327148,6.898387381433456,6.797364954805923,6.874334335327148
2013-04-05,6.87433624700537,6.989790349893741,6.85990459883778,6.98498010635376
2013-04-08,6.960925470201478,6.9849785175254855,6.9416831240970165,6.956114768981934
2013-04-09,6.946439134781548,6.965788529422825,6.922252737474421,6.93192720413208
2013-04-10,6.951274121800266,6.951274121800266,6.907737884039332,6.922250270843506
2013-04-11,6.912578306492695,6.922253235171922,6.87387951442777,6.883553981781006
2013-04-12,6.89806342082901,6.931924734053828,6.888388496292895,6.922250270843506
2013-04-15,6.898064857217689,6.9270887142181055,6.873878002166748,6.873878002166748
2013-04-16,6.898062804782157,6.898062804782157,6.859364032745361,6.859364032745361
2013-04-17,6.835179267995681,6.893227443741767,6.835179267995681,6.878715515136719
2013-04-18,6.859367679517866,6.922253332842159,6.859367679517866,6.893229007720947
2013-04-19,6.883554078905211,6.941602729147633,6.883554078905211,6.893229007720947
2013-04-22,6.902900883097068,6.9415996585899435,6.8932259585609525,6.922250270843506
2013-04-23,6.931929765843836,6.970628569427626,6.893230962260045,6.898068428039551
2013-04-24,6.917415770832309,6.917415770832309,6.869042050088156,6.883553981781006
2013-04-25,6.864204682599736,6.902903936536684,6.864204682599736,6.893229007720947
2013-04-26,6.883558485132546,6.941607172532453,6.883558485132546,6.907745361328125
2013-04-29,6.922252737474421,6.93192720413208,6.893228414849528,6.93192720413208
2013-04-30,6.941600429264412,6.941600429264412,6.8593654068806575,6.902901649475098
2013-05-01,6.878719369849721,6.936767578125,6.878719369849721,6.936767578125
2013-05-02,6.9416021321156975,6.9416021321156975,6.902903342833145,6.93192720413208
2013-05-03,6.917417829831446,6.92709230006433,6.869044094688643,6.898068428039551
2013-05-06,6.893229007720947,6.912578404026423,6.8787170758233405,6.893229007720947
2013-05-07,6.888390754447272,6.96578833080552,6.888390754447272,6.960951328277588
2013-05-08,6.960949046336381,6.960949046336381,6.89806342082901,6.922250270843506
2013-05-09,6.941710883180796,6.941710883180796,6.8930652129563805,6.931981563568115
2013-05-10,6.9368474242472296,6.941712084895715,6.888201745601513,6.89306640625
2013-05-13,6.897930652716866,6.897930652716866,6.820097942692794,6.824962139129639
2013-05-14,6.815233282336402,6.849284976992048,6.810368621980011,6.824962139129639
2013-05-15,6.805503961623621,6.878472475210848,6.795775104830384,6.824962139129639
2013-05-16,6.834691524505615,6.87360787988584,6.79577516912539,6.834691524505615
2013-05-17,6.854147434234619,6.854147434234619,6.815231091731379,6.854147434234619
2013-05-20,6.834689626829085,6.927115829214759,6.834689626829085,6.912522315979004
2013-05-21,6.88333445915235,6.88333445915235,6.834689262982999,6.854147434234619
2013-05-22,6.8784732500767625,6.902795626759563,6.854150409474364,6.873608589172363
2013-05-23,6.883337447061564,6.902795626759563,6.844421087665566,6.873608589172363
2013-05-24,6.883336736771121,6.883336736771121,6.824962203700784,6.834691524505615
2013-05-28,6.854151649118285,6.868745170551273,6.737402549815015,6.756860733032227
2013-05-29,6.713081942336885,6.737404795445319,6.576874614417424,6.644978046417236
2013-05-30,6.625518352377832,6.664434722947356,6.576873121125792,6.630383014678955
2013-05-31,6.644972974508915,6.644972974508915,6.469849400850458,6.518494606018066
2013-06-03,6.591462124261117,6.591462124261117,6.430932089759358,6.51362943649292
2013-06-04,6.533089707365881,6.664432294192201,6.469850512257074,6.625515937805176
2013-06-05,6.654704234283322,6.766588656319791,6.640110250950168,6.76172399520874
2013-06-06,6.751993538160908,6.786045230036229,6.722806042325271,6.732535362243652
2013-06-07,6.747128246997539,6.747128246997539,6.6838890652027025,6.708211898803711
2013-06-10,6.72280682877274,6.72280682877274,6.620651277276907,6.625515937805176
2013-06-11,6.610834189984105,6.610834189984105,6.4395688717658945,6.468928813934326
2013-06-12,6.4493578577756425,6.4689310036265,6.322132176414767,6.341705322265625
2013-06-13,6.317238933620518,6.429784875114856,6.2536260913255655,6.424891471862793
2013-06-14,6.459147406759961,6.488507373454785,6.439574251183691,6.483613967895508
2013-06-17,6.49339832765076,6.50807807212591,6.434678416428831,6.464038372039795
2013-06-18,6.415103707620164,6.454249994471105,6.336811133918279,6.35638427734375
2013-06-19,6.322131397690957,6.327024800216082,6.263411967371107,6.287878513336182
2013-06-20,6.263409715057928,6.263409715057928,6.121504359482116,6.165544033050537
2013-06-21,6.170435952747977,6.199795885853669,6.082357086751511,6.1215033531188965
2013-06-24,6.101930462872211,6.121503596835172,5.920878857049741,6.062784194946289
2013-06-25,6.092148151693519,6.097041555455152,5.935562964606603,6.008962154388428
2013-06-26,6.0578932581322205,6.23405153543071,6.0578932581322205,6.219371795654297
2013-06-27,6.238943819640765,6.3710628539360465,6.238943819640765,6.366169452667236
2013-06-28,6.371065817863312,6.375958754747969,6.27319961359983,6.361279010772705
2013-07-01,6.375956193993449,6.419995874892373,6.287877298856061,6.346596717834473
2013-07-02,6.341704918475279,6.341704918475279,6.150866408585075,6.155759811401367
2013-07-03,6.101934122287894,6.121507267989146,6.048107621613999,6.116613864898682
2013-07-05,6.097038193088855,6.097038193088855,5.960026229946524,5.984492301940918
2013-07-08,6.033428440050677,6.062788394663033,5.96492219039561,5.999175548553467
2013-07-09,5.977039302547661,6.011475240030445,5.942603834212946,5.97212028503418
2013-07-10,5.962276884048038,5.977034863925155,5.903244495391846,5.903244495391846
2013-07-11,5.932763129259826,6.026230995416726,5.932763129259826,5.991795539855957
2013-07-12,6.0065534366060875,6.021311421750429,5.967198496789253,5.981956481933594
2013-07-15,5.991793312949994,5.991793312949994,5.903244495391846,5.903244495391846
2013-07-16,5.927843933061391,5.927843933061391,5.844214563357823,5.858972549438477
2013-07-17,5.878651907410639,5.952442799793709,5.854054943282948,5.913087844848633
2013-07-18,5.927843651257683,5.962279106858154,5.908166181036286,5.937682151794434
2013-07-19,5.9376810755671965,5.9376810755671965,5.839293742293287,5.868810176849365
2013-07-22,5.863895271003855,5.8737337774385345,5.706475414863568,5.7261528968811035
2013-07-23,5.71630937080993,5.790100221495356,5.711389886934675,5.750744819641113
2013-07-24,5.706474015253928,5.735989996466848,5.647441114531964,5.6720380783081055
2013-07-25,5.632683123925504,5.6818770514777865,5.588408682958062,5.6720380783081055
2013-07-26,5.6375988315996555,5.785180046184015,5.6375988315996555,5.7802605628967285
2013-07-29,5.750744733859007,5.849132533305287,5.750744733859007,5.795019149780273
2013-07-30,5.804857077555609,5.83437303678404,5.7753406491794665,5.785179615020752
2013-07-31,5.770421421017092,5.809776816972022,5.726147480219797,5.76058292388916
2013-08-01,5.740906977301714,5.7950198986719546,5.706471524534094,5.716310024261475
2013-08-02,5.750743604593662,5.7605825702653455,5.706469666514203,5.721227645874023
2013-08-05,5.721229518950747,5.731068018695757,5.647438659697806,5.662197113037109
2013-08-06,5.632680505433749,5.657277457775385,5.59332556934627,5.642519474029541
2013-08-07,5.598243713378906,5.632679156924363,5.578566250046111,5.598243713378906
2013-08-08,5.620511144074474,5.655144897319985,5.615563869476318,5.615563869476318
2013-08-09,5.571035479533466,5.63040702539497,5.556192239185762,5.620511531829834
2013-08-12,5.600718667932755,5.625456919628732,5.580928160944555,5.590823650360107
2013-08-13,5.566084653294944,5.600717917925737,5.5215559005737305,5.5215559005737305
2013-08-14,5.516608156528519,5.536398660866521,5.506713140280939,5.5215559005737305
2013-08-15,5.501765023386032,5.501765023386032,5.4522890018153936,5.486922264099121
2013-08-16,5.462189197540283,5.4720846943446375,5.437450927372655,5.462189197540283
2013-08-19,5.447341812772558,5.486922822796467,5.422603563546901,5.481975078582764
2013-08-20,5.481975626003551,5.600718667932755,5.472080608430903,5.590823650360107
2013-08-21,5.580924434365623,5.605662669543013,5.556186199188232,5.556186199188232
2013-08-22,5.541350792658525,5.7936802766494555,5.541350792658525,5.788732528686523
2013-08-23,5.788732012682278,5.818418025970459,5.76399374691599,5.818418025970459
2013-08-26,5.793677944227076,5.823363948210441,5.78873019825601,5.8134684562683105
2013-08-27,5.808521154622807,5.848102181733045,5.798626133766778,5.8431549072265625
2013-08-28,5.818412545448448,5.857993544654813,5.803569316864014,5.803569316864014
2013-08-29,5.788730641067687,5.8431549072265625,5.729359100402328,5.8431549072265625
2013-08-30,5.788727635898148,5.813465882960159,5.719461110335898,5.739251613616943
2013-09-03,5.734305718860485,5.749148483146608,5.665038699120296,5.714515209197998
2013-09-04,5.674933634371797,5.724409667763478,5.640299891970405,5.7194623947143555
2013-09-05,5.6996724142644375,5.724410197327303,5.630405394896701,5.660090923309326
2013-09-06,5.655142033907726,5.655142033907726,5.585875034332275,5.585875034332275
2013-09-09,5.575980888079683,5.625456919628732,5.56608539866413,5.590823650360107
2013-09-10,5.571033143371907,5.610614157348309,5.556189909248578,5.590823650360107
2013-09-11,5.538573956918656,5.598288982449375,5.503740310668945,5.503740310668945
2013-09-12,5.493789572848795,5.538575976974756,5.493789572848795,5.49876594543457
2013-09-13,5.493786771306315,5.5734067937846605,5.488810401258227,5.568430423736572
2013-09-16,5.5883341821761015,5.618191921228345,5.578381918873795,5.583358287811279
2013-09-17,5.598290745631235,5.677910804748535,5.598290745631235,5.677910804748535
2013-09-18,5.658004913008061,5.822221378128046,5.653028541441295,5.817245006561279
2013-09-19,5.797337705043312,5.867005455742038,5.792361810014831,5.8371477127075195
2013-09-20,5.832174121261579,5.842126389822198,5.802316366433893,5.817245006561279
2013-09-23,5.80729299454592,5.867008032266372,5.80729299454592,5.852079391479492
2013-09-24,5.867005229992613,5.921743869781494,5.827195223860207,5.921743869781494
2013-09-25,5.916770677345761,5.926722946138066,5.87696065303069,5.881936550140381
2013-09-26,5.862033238470973,5.90184327433434,5.862033238470973,5.891891002655029
2013-09-27,5.881938256402656,5.896867375781215,5.867009611597159,5.891891002655029
2013-09-30,5.891884901539953,5.891884901539953,5.852074906900297,5.862027168273926
2013-10-01,5.881936673053251,5.881936673053251,5.832174378906008,5.852079391479492
2013-10-02,5.822218506576478,5.857052615790547,5.802313504699587,5.842123508453369
2013-10-03,5.832174121261579,5.847102761388965,5.802316366433893,5.817245006561279
2013-10-04,5.822221378128046,5.837150018255432,5.80729273800066,5.817245006561279
2013-10-07,5.802314306755246,5.817242941583334,5.7475756626704255,5.752552032470703
2013-10-08,5.732648948371739,5.752553959668603,5.717719833969413,5.727672576904297
2013-10-09,5.735178470611571,5.760201159658214,5.730173837348624,5.735178470611572
2013-10-10,5.7351784254992815,5.750191847901934,5.715160369873047,5.715160369873047
2013-10-11,5.715160530220243,5.7201651635842365,5.680129051208496,5.680129051208496
2013-10-14,5.680129051208496,5.700147107396366,5.670119784480507,5.680129051208496
2013-10-15,5.675125101215727,5.6901385258474475,5.660111676584007,5.665115833282471
2013-10-16,5.650101728292637,5.685133207304384,5.6450970949286425,5.680129051208496
2013-10-17,5.690137321494473,5.780218804754817,5.680128532947803,5.765205383300781
2013-10-18,5.7902281169683425,5.8402734960319735,5.7802193275164795,5.785223960876465
2013-10-21,5.7902281169683425,5.805242017048295,5.770210060796511,5.785223960876465
2013-10-22,5.815252474444087,5.825261744034937,5.780220985412598,5.780220985412598
2013-10-23,5.770208209255602,5.845276253763259,5.770208209255602,5.805240154266357
2013-10-24,5.815251122746027,5.850282603634792,5.805242332749865,5.820255756378174
2013-10-25,5.825257978084536,5.840271395496597,5.81024408340454,5.810244083404541
2013-10-28,5.8252592560540215,5.870299518171324,5.8252592560540215,5.845277309417725
2013-10-29,5.865295362781428,5.875304150829259,5.845277309417725,5.845277309417725
2013-10-30,5.8452753128423,5.915338237049791,5.830261419996801,5.900324821472168
2013-10-31,5.920346424554616,5.9253510585095714,5.875305673496338,5.88531494140625
2013-11-01,5.905332619052145,5.905332619052145,5.820255756378174,5.820255756378174
2013-11-04,5.810248145855132,5.870302334760425,5.810248145855132,5.815252780914307
2013-11-05,5.810246035793071,5.845277991216743,5.810246035793071,5.830264091491699
2013-11-06,5.847877235486763,5.852909947311521,5.817681924429843,5.827746868133545
2013-11-07,5.822716922635423,5.8680103906851855,5.802586545718422,5.857945442199707
2013-11-08,5.847878623257637,5.847878623257637,5.76232442171698,5.787487506866455
2013-11-11,5.752257615792992,5.787485635644702,5.752257615792992,5.772387981414795
2013-11-12,5.752258206704334,5.772388574394066,5.722062415196824,5.727095127105713
2013-11-13,5.737162156355301,5.737162156355301,5.69186917254941,5.72206449508667
2013-11-14,5.7220641048958845,5.772390278954212,5.717031391500859,5.747227191925049
2013-11-15,5.737161765134997,5.767357565559187,5.737161765134997,5.747227191925049
2013-11-18,5.737160946225311,5.762324029662752,5.727096000817872,5.757291316986084
2013-11-19,5.747224159530147,5.757289101063691,5.722061085777719,5.752256870269775
2013-11-20,5.742194870093511,5.7623252451003495,5.722064495086671,5.72206449508667
2013-11-21,5.71199954755625,5.737162156355301,5.696901406341621,5.72206449508667
2013-11-22,5.7119975271826195,5.777420862854657,5.7019321032664125,5.767355918884277
2013-11-25,5.747225494795445,5.757290438667399,5.71199747132487,5.727095127105713
2013-11-26,5.722063976452325,5.757292009534809,5.722063976452325,5.737161636352539
2013-11-27,5.7421914487905195,5.752256870269775,5.727093796517347,5.752256870269775
2013-11-29,5.762323669624408,5.762323669624408,5.711997985839844,5.711997985839844
2013-12-02,5.727095642980626,5.732128355342843,5.701932561115411,5.711997985839844
2013-12-03,5.71199747132487,5.737160070977667,5.706964759415981,5.727095127105713
2013-12-04,5.72709808217339,5.72709808217339,5.696902275085449,5.696902275085449
2013-12-05,5.6868309164643405,5.701928563018907,5.636504788021745,5.646570205688477
2013-12-06,5.67677042565445,5.67677042565445,5.646575106338864,5.65664005279541
2013-12-09,5.6566368859513325,5.6566368859513325,5.6415392347458955,5.651604175567627
2013-12-10,5.649076354735532,5.669323921203613,5.649076354735532,5.669323921203613
2013-12-11,5.6592003793396035,5.679447945807686,5.649076354735532,5.669323921203613
2013-12-12,5.669320866884858,5.684506412869765,5.6591973304748535,5.6591973304748535
2013-12-13,5.649074554443359,5.654136565132194,5.6338890051167665,5.649074554443359
2013-12-16,5.6237667759654135,5.684509475369659,5.6237667759654135,5.669323921203613
2013-12-17,5.669320393415356,5.811053270497305,5.669320393415356,5.7857441902160645
2013-12-18,5.805996327876358,5.81105785828479,5.770562718576475,5.800934314727783
2013-12-19,5.795871519200464,5.8414286659076415,5.780685964544764,5.836366653442383
2013-12-20,5.8211787995911655,5.902169036086225,5.811054778659339,5.892045497894287
2013-12-23,5.912296490157406,6.028719902038574,5.8971104499414695,6.028719902038574
2013-12-24,6.02871551423364,6.038839533675826,5.973034855521072,5.998344421386719
2013-12-26,6.013528719203433,6.023652253803821,5.957848072052002,5.957848072052002
2013-12-27,5.957853657698282,5.957853657698282,5.892048931513065,5.897110462188721
2013-12-30,5.922417921604497,5.93760347366333,5.886984805887221,5.93760347366333
2013-12-31,5.9173585772179065,5.927482604980469,5.897111004432994,5.927482604980469
2014-01-02,5.92241950931455,5.973038673400879,5.897109927271386,5.973038673400879
2014-01-03,5.983159151758896,6.023654269188678,5.937602023965422,6.013530731201172
2014-01-06,6.033779221707942,6.099583918378476,6.023655199417113,6.0894598960876465
2014-01-07,6.089457889041903,6.124891472641175,6.0793343528276775,6.0843963623046875
2014-01-08,6.079337414402854,6.099584979767841,6.059089849037867,6.069213390350342
2014-01-09,6.06921441543203,6.099586009979248,6.064152402550807,6.099586009979248
2014-01-10,6.119831275698336,6.155264387052176,6.099583714533293,6.129954814910889
2014-01-13,6.157946586608887,6.157946586608887,6.11723293027966,6.157946586608887
2014-01-14,6.142678089456293,6.173213571830475,6.127410590941716,6.163034915924072
2014-01-15,6.168124503546809,6.188481330871583,6.163035175379354,6.188481330871582
2014-01-16,6.183393609386607,6.203750442000865,6.168126106262207,6.168126106262207
2014-01-17,6.178302252133036,6.208837245961309,6.168123597293627,6.183391094207764
2014-01-21,6.208837896812831,6.213927224766032,6.142678089456293,6.163034915924072
2014-01-22,6.152857431705683,6.168124931923329,6.127411274446218,6.137589931488037
2014-01-23,6.157948790465445,6.239376132265775,6.142680799868953,6.178305625915527
2014-01-24,6.188483800967949,6.2037513062192,6.157948790465445,6.178305625915527
2014-01-27,6.183391094207764,6.208837245961309,6.168123597293627,6.183391094207764
2014-01-28,6.17321491241455,6.193571743303047,6.157947410584461,6.173214912414551
2014-01-29,6.1833922578058536,6.1986602429381135,6.157946586608887,6.157946586608887
2014-01-30,6.157947410584461,6.183393085186232,6.157947410584461,6.173214912414551
2014-01-31,6.178304241472958,6.18848241424464,6.168125583356143,6.173214912414551
2014-02-03,6.1986602429381135,6.1986602429381135,6.1528572582314665,6.157946586608887
2014-02-04,6.157946897615634,6.183392570097732,6.1121439105957105,6.122322082519531
2014-02-05,6.112144084957963,6.122322257172138,6.0917872551845065,6.101965427398682
2014-02-06,6.107054802044908,6.117233459680635,6.066341142192217,6.09687614440918
2014-02-07,6.096875751918427,6.157946723111085,6.086697580283036,6.142678737640381
2014-02-10,6.16812303392022,6.198658510304473,6.142676884490831,6.193569183349609
2014-02-11,6.198659860284719,6.20374870300293,6.168124377250271,6.20374870300293
2014-02-12,6.196073773872044,6.206306995616736,6.160258473659361,6.170491695404053
2014-02-13,6.139795189726931,6.175610505523939,6.134678576628192,6.160261154174805
2014-02-14,6.150026838957538,6.175608921997405,6.150026838957538,6.16537618637085
2014-02-18,6.170491695404053,6.196073773872044,6.165375084531707,6.170491695404053
2014-02-19,6.170492434749057,6.211424350738526,6.170492434749057,6.211424350738525
2014-02-20,6.216540474277013,6.216540474277013,6.1909583927437914,6.211424350738525
2014-02-21,6.2216591469741385,6.237008498568638,6.206309795379639,6.206309795379639
2014-02-24,6.206309795379639,6.2216591469741385,6.201193182199108,6.206309795379639
2014-02-25,6.216540336608887,6.237006294150394,6.201190990439486,6.216540336608887
2014-02-26,6.211424213183698,6.247239516894606,6.206307601811592,6.216540336608887
2014-02-27,6.216540735281117,6.25235652923584,6.216540735281117,6.25235652923584
2014-02-28,6.277940096057136,6.277940096057136,6.242124296418686,6.267706871032715
2014-03-03,6.283053103599642,6.298402933521224,6.267703761624844,6.293286323547363
2014-03-04,6.308635665522162,6.308635665522162,6.283053103599642,6.293286323547363
2014-03-05,6.283053103599642,6.3137522754960225,6.277936981572566,6.293286323547363
2014-03-06,6.308637529226783,6.308637529226783,6.1960745162822795,6.211424350738525
2014-03-07,6.185841486785646,6.206307443806113,6.124443615724246,6.155142307281494
2014-03-10,6.180725536410372,6.231890678405762,6.175608924621442,6.231890678405762
2014-03-11,6.216542533793609,6.237008498568638,6.201193182199108,6.206309795379639
2014-03-12,6.203735869595085,6.25517616939344,6.203735869595085,6.2448883056640625
2014-03-13,6.229455774206396,6.2448883056640625,6.224312087629574,6.2448883056640625
2014-03-14,6.244887088964564,6.255174950689543,6.224310874938966,6.224310874938965
2014-03-17,6.234598367450771,6.260318756103516,6.2294541916051,6.260318756103516
2014-03-18,6.244887944010808,6.250031630289748,6.224311727167927,6.234599590301514
2014-03-19,6.229456270195384,6.239744625319654,6.188303830849851,6.198592185974121
2014-03-20,6.172872125077531,6.183160480762378,6.147151726441215,6.167727947235107
2014-03-21,6.178014008802767,6.208878083244773,6.167725656938352,6.203734397888184
2014-03-24,6.2037330826382915,6.239741325378418,6.198588907796697,6.239741325378418
2014-03-25,6.239742648262398,6.239742648262398,6.1985902219559765,6.203734397888184
2014-03-26,6.214020941745964,6.250029184486091,6.198588907796697,6.239741325378418
2014-03-27,6.239741020887863,6.286037611051969,6.229452671706733,6.270605087280273
2014-03-28,6.286041376584407,6.286041376584407,6.2603209787997605,6.275753021240234
2014-03-31,6.280897198912321,6.291185063680709,6.2603209787997605,6.275753021240234
2014-04-01,6.280898571014404,6.291186438030242,6.255178167610973,6.280898571014404
2014-04-02,6.270608210275373,6.275752387427929,6.239744128511507,6.2448883056640625
2014-04-03,6.255174580257845,6.270606617219248,6.250030404412174,6.260318756103516
2014-04-04,6.2654611416529,6.296325206756592,6.2654611416529,6.296325206756592
2014-04-07,6.28604062328824,6.3014726638793945,6.275752269176987,6.3014726638793945
2014-04-08,6.2911810874938965,6.301469436335569,6.2911810874938965,6.2911810874938965
2014-04-09,6.296325206756592,6.311757729883907,6.286037348580518,6.296325206756592
2014-04-10,6.304083875267354,6.3195987933509645,6.288569450378418,6.288569450378418
2014-04-11,6.293741703033447,6.314427769299341,6.273055636767554,6.293741703033447
2014-04-14,6.304083651998399,6.309255291176441,6.262711524963378,6.262711524963379
2014-04-15,6.273056532650475,6.3092570304870605,6.273056532650475,6.3092570304870605
2014-04-16,6.324770110072092,6.335113389073417,6.309255684764792,6.329941749572754
2014-04-17,6.329941527559419,6.335113166878695,6.2937410387138355,6.304083824157715
2014-04-21,6.293744237223202,6.335116386413574,6.293744237223202,6.335116386413574
2014-04-22,6.335116803361282,6.360974521605829,6.329945161073382,6.350631237030029
2014-04-23,6.350631576073914,6.3816609382629395,6.340288784140893,6.3816609382629395
2014-04-24,6.371316776267256,6.407517776038033,6.360973985757686,6.402346134185791
2014-04-25,6.417860566547604,6.417860566547604,6.392002850481309,6.402346134185791
2014-04-28,6.4333727396086,6.4333727396086,6.402343885781829,6.407515525817871
2014-04-29,6.402342182330694,6.412684966456165,6.34545563665408,6.397170543670654
2014-04-30,6.412688732147217,6.42303201554113,6.392002658554286,6.412688732147217
2014-05-01,6.428203203830754,6.4850897789001465,6.417859921166394,6.4850897789001465
2014-05-02,6.448887976897281,6.469574044864126,6.428201908930435,6.45405912399292
2014-05-05,6.448885303154759,6.46439972439884,6.438542026862332,6.443713665008545
2014-05-06,6.438543677298374,6.4695730209350595,6.433372037826479,6.469573020935059
2014-05-07,6.474745685154528,6.479916832250168,6.438544696316477,6.45405912399292
2014-05-08,6.477455379254854,6.4826540980482825,6.461859718651682,6.472256660461426
2014-05-09,6.446260025077937,6.498246192932129,6.446260025077937,6.498246192932129
2014-05-12,6.4982493047486365,6.524242401123046,6.493050586318339,6.524242401123047
2014-05-13,6.524241209393532,6.529439926874223,6.503446835247757,6.519042491912842
2014-05-14,6.529439926874223,6.534638148577926,6.519042491912842,6.519042491912842
2014-05-15,6.539838314056397,6.565831411438043,6.5294413725699965,6.5398383140563965
2014-05-16,6.565829276686929,6.571027993628416,6.534637470814942,6.555431842803955
2014-05-19,6.576226214792968,6.576226214792968,6.550233621639403,6.555431842803955
2014-05-20,6.545036567551545,6.576227885571167,6.545036567551545,6.5710296630859375
2014-05-21,6.57102847119505,6.57102847119505,6.539836663056117,6.565829753875732
2014-05-22,6.5606310365564156,6.5762266927373965,6.555432319237098,6.565829753875732
2014-05-23,6.571029202067675,6.591823577880859,6.550234826254489,6.591823577880859
2014-05-27,6.597021066237696,6.607418500876331,6.555432319237098,6.565829753875732
2014-05-28,6.581425921138935,6.607419013977051,6.576227203415909,6.607419013977051
2014-05-29,6.617814540863038,6.617814540863038,6.60221888680036,6.617814540863037
2014-05-30,6.617814540863038,6.623013257476232,6.5918219493508765,6.617814540863037
2014-06-02,6.617815953646092,6.623014671369117,6.602220296254026,6.607419013977051
2014-06-03,6.602220981105559,6.602220981105559,6.560632226561356,6.5710296630859375
2014-06-04,6.586620992279816,6.586620992279816,6.550230979919434,6.550230979919434
2014-06-05,6.5398397528751175,6.5762297997492745,6.529442809101304,6.560634136199951
2014-06-06,6.581428519524784,6.586627239300293,6.560634136199951,6.560634136199951
2014-06-09,6.5606310365564156,6.581425410056714,6.555432319237098,6.565829753875732
2014-06-10,6.576227885571167,6.576227885571167,6.5502352858138355,6.5710296630859375
2014-06-11,6.584613522158725,6.584613522158725,6.52712848371128,6.537580490112305
2014-06-12,6.521904664757105,6.558486201033091,6.521904664757105,6.548034191131592
2014-06-13,6.54280772475406,6.54280772475406,6.501000189660337,6.5114521980285645
2014-06-16,6.501002637899774,6.532358176433581,6.490551123974756,6.495777130126953
2014-06-17,6.495775916296108,6.5010014230924655,6.4748723939728245,6.485323905944824
2014-06-18,6.490551123974756,6.501002637899774,6.469647597745344,6.495777130126953
2014-06-19,6.5114521910912995,6.516678195269846,6.46441915024276,6.4748711585998535
2014-06-20,6.485325117822558,6.501002637899774,6.469647597745344,6.495777130126953
2014-06-23,6.495777130126954,6.521906164129186,6.490551123974756,6.495777130126953
2014-06-24,6.511454452954337,6.516680458948224,6.506228446960449,6.506228446960449
2014-06-25,6.516677795338401,6.553258825584853,6.516677795338401,6.532355308532715
2014-06-26,6.553260196082341,6.553260196082341,6.537582679609354,6.548034191131592
2014-06-27,6.553256854202085,6.605515880301195,6.548030851916373,6.5846123695373535
2014-06-30,6.610741384207899,6.615967386493612,6.574160364965928,6.5846123695373535
2014-07-01,6.600297143018754,6.600297143018754,6.558490075473674,6.568941593170166
2014-07-02,6.563712904190671,6.563712904190671,6.485324316728722,6.501001834869385
2014-07-03,6.4800982515731755,6.4800982515731755,6.406936168670654,6.406936168670654
2014-07-07,6.4278397536393355,6.474872806457808,6.417387742622202,6.464420795440674
2014-07-08,6.48532397116272,6.51145349892441,6.4539689365521244,6.469646453857422
2014-07-09,6.480097552648812,6.480097552648812,6.433065003732546,6.453968524932861
2014-07-10,6.50440798629597,6.50440798629597,6.436106388979944,6.4413604736328125
2014-07-11,6.457121187383985,6.472882937748949,6.446613520826346,6.45186710357666
2014-07-14,6.462376973633435,6.472884642959204,6.4413611339247545,6.446615219116211
2014-07-15,6.451869670510982,6.4623778423064016,6.436107913875062,6.457123756408691
2014-07-16,6.4623751640319815,6.478136914135583,6.44661341392838,6.462375164031982
2014-07-17,6.488644310329748,6.499151975464199,6.457120312812514,6.467628479003906
2014-07-18,6.478137777419791,6.499153614044189,6.462376025215759,6.4991536140441895
2014-07-21,6.499152553698883,6.535930136527002,6.493898470135727,6.509660720825195
2014-07-22,6.5306765540208325,6.5306765540208325,6.488644887629558,6.509660720825195
2014-07-23,6.525422387940074,6.535930053876524,6.509660638506909,6.520168304443359
2014-07-24,6.493898470135727,6.52016838689452,6.488644887629558,6.509660720825195
2014-07-25,6.546439940742541,6.556947609439552,6.525424102291406,6.5411858558654785
2014-07-28,6.551693556758953,6.556947140202939,6.514915466308593,6.514915466308594
2014-07-29,6.520169550809656,6.541185387756829,6.514915466308593,6.514915466308594
2014-07-30,6.509661402565941,6.509661402565941,6.436105728149414,6.436105728149414
2014-07-31,6.415087886066489,6.436103714889159,6.37831031089104,6.420341968536377
2014-08-01,6.430851644036011,6.462375647659391,6.336280635279949,6.436105728149414
2014-08-04,6.436104298593245,6.436104298593245,6.388818554189574,6.409834384918213
2014-08-05,6.409838382038923,6.425600139650069,6.394076624427777,6.415092468261719
2014-08-06,6.436107534832336,6.478139217424218,6.420345779124675,6.4728851318359375
2014-08-07,6.460205369601325,6.523592948913573,6.460205369601325,6.523592948913574
2014-08-08,6.544724464416504,6.560571113396487,6.534159695925922,6.544724464416504
2014-08-11,6.56584982869986,6.571131706237793,6.550002684819239,6.571131706237793
2014-08-12,6.571134006818007,6.581698773103855,6.544723098614955,6.5552873611450195
2014-08-13,6.581697463989258,6.586979846081504,6.560568439375957,6.581697463989258
2014-08-14,6.602826138695499,6.6081085205078125,6.571132351577272,6.6081085205078125
2014-08-15,6.62395570683161,6.639802349815856,6.597544299354067,6.618673324584961
2014-08-18,6.629239641756354,6.650368671936018,6.629239641756354,6.645086288452148
2014-08-19,6.650370563735256,6.655652948721781,6.639805793762206,6.639805793762207
2014-08-20,6.655650119557511,6.655650119557511,6.639802971334196,6.650367736816406
2014-08-21,6.655652948721781,6.671499599925397,6.6292415275451155,6.639805793762207
2014-08-22,6.655651332178604,6.6609332121262925,6.602828502655029,6.602828502655029
2014-08-25,6.62395570683161,6.629238089078258,6.597544299354067,6.618673324584961
2014-08-26,6.623959142558591,6.655652948721781,6.6133948763415,6.639805793762207
2014-08-27,6.666213055931189,6.687342078939068,6.655648796305072,6.67149543762207
2014-08-28,6.687344532676959,6.697909299935172,6.660933118287255,6.682062149047852
2014-08-29,6.703190280654032,6.708472663574569,6.682061252727646,6.697908401489258
2014-09-02,6.697908401489257,6.703190280654032,6.687343635648183,6.697908401489258
2014-09-03,6.703191179808449,6.703191179808449,6.671497885545468,6.682062149047852
2014-09-04,6.687342995538071,6.7084720214419935,6.655649708560043,6.660931587219238
2014-09-05,6.676780482681268,6.687344746521471,6.618675268414694,6.629240036010742
2014-09-08,6.655649516442424,6.655649516442424,6.613391465854372,6.623955726623535
2014-09-09,6.634521092348836,6.6767791467661874,6.623956326866625,6.650367736816406
2014-09-10,6.655650307581623,6.6873435974121085,6.655650307581623,6.687343597412109
2014-09-11,6.706460006559192,6.706460006559192,6.685220248681083,6.701149940490723
2014-09-12,6.679908258268848,6.679908258268848,6.616189002990723,6.616189002990723
2014-09-15,6.637429218163346,6.637429218163346,6.579020023345946,6.579020023345947
2014-09-16,6.589642992544564,6.6002631277557295,6.568403228518151,6.5949530601501465
2014-09-17,6.61088181367439,6.616191880522609,6.589642052677361,6.605571746826172
2014-09-18,6.616187100059824,6.621497163071307,6.61087703704834,6.61087703704834
2014-09-19,6.6161918557790615,6.626811483039937,6.5949520948614655,6.621501922607422
2014-09-22,6.621499546839404,6.6268091053668705,6.584329598773159,6.589639663696289
2014-09-23,6.605569352070015,6.605569352070015,6.573709975322563,6.589639663696289
2014-09-24,6.584329598773159,6.600259793542548,6.579020040245693,6.589639663696289
2014-09-25,6.610882756570977,6.626812452991807,6.589642992544564,6.5949530601501465
2014-09-26,6.605571746826171,6.621501947370828,6.589642052677361,6.605571746826172
2014-09-29,6.621498603160541,6.632118225097656,6.610878474827835,6.632118225097656
2014-09-30,6.653357982635498,6.674597732928522,6.632118232342475,6.653357982635498
2014-10-01,6.679906363816572,6.7117662356178425,6.669286744146471,6.685216426849365
2014-10-02,6.674601064933208,6.69584082582926,6.6533613040371575,6.6639814376831055
2014-10-03,6.685219770625902,6.685219770625902,6.653359882889129,6.658669948577881
2014-10-06,6.690528865367966,6.71176861864487,6.663979047172923,6.6692891120910645
2014-10-07,6.674598702168706,6.738317962300656,6.669289143621126,6.71707820892334
2014-10-08,6.727695461009796,6.748935205301723,6.711765779389713,6.733005523681641
2014-10-09,6.7489390349358445,6.754249100620845,6.69052983158805,6.7064595222473145
2014-10-10,6.722389212906579,6.7276992785915795,6.695839390877314,6.7064595222473145
2014-10-13,6.717075335666109,6.743625142629879,6.6799059097540985,6.733005523681641
2014-10-14,6.7255321857183175,6.7628960893911385,6.720194339752197,6.720194339752197
2014-10-15,6.736210664958036,6.789588132649384,6.736210664958036,6.762899398803711
2014-10-16,6.768236989078225,6.80026306123458,6.762899140703752,6.794925212860107
2014-10-17,6.8056027579931655,6.826953648244662,6.789589717565887,6.816278457641602
2014-10-20,6.842965017106514,6.842965017106514,6.805601095554812,6.82695198059082
2014-10-21,6.832288509592441,6.84830154301554,6.78424890027799,6.842963695526123
2014-10-22,6.853642971995334,6.853642971995334,6.8109411878557395,6.832292079925537
2014-10-23,6.8483045384961585,6.864317578923437,6.8162784576416025,6.816278457641602
2014-10-24,6.81627985412303,6.880332538000277,6.81627985412303,6.837630748748779
2014-10-27,6.826953648244662,6.8429666886719405,6.8109406078173835,6.816278457641602
2014-10-28,6.8269506824357356,6.832288529941051,6.794924106448998,6.82161283493042
2014-10-29,6.832288529941051,6.848301563411842,6.810937648964945,6.82161283493042
2014-10-30,6.832288529941051,6.837626377446367,6.8162754964702605,6.82161283493042
2014-10-31,6.826952961774035,6.832290811061517,6.778913336277352,6.805602073669434
2014-11-03,6.805604321953269,6.821617366060421,6.800266470902387,6.81094217300415
2014-11-04,6.8056020736694345,6.810939922956916,6.778913336277352,6.805602073669434
2014-11-05,6.800264908168947,6.8162784576416025,6.800264908168947,6.816278457641602
2014-11-06,6.800264835357667,6.816278384658863,6.778913945334777,6.800264835357666
2014-11-07,6.7949224659225065,6.800260312139083,6.757558560496533,6.7682342529296875
2014-11-10,6.80026306123458,6.80026306123458,6.773574328407458,6.794925212860107
2014-11-11,6.773572181847829,6.784247875213623,6.752221304161318,6.784247875213623
2014-11-12,6.7821030616760245,6.80356539208598,6.776737351147956,6.782103061676025
2014-11-13,6.80356539208598,6.80356539208598,6.776737351147956,6.782103061676025
2014-11-14,6.7821053096271084,6.7821053096271084,6.7606429721033905,6.776739597320557
2014-11-17,6.7821048595058535,6.7821048595058535,6.70698642730713,6.706986427307129
2014-11-18,6.696254021466624,6.7338134879094875,6.696254021466624,6.723082065582275
2014-11-19,6.728449480653853,6.733815193176269,6.712352854789116,6.7338151931762695
2014-11-20,6.74454610651859,6.766008444905744,6.7230837681314375,6.7338151931762695
2014-11-21,6.760641532025139,6.760641532025139,6.723082065582275,6.723082065582275
2014-11-24,6.7391835816896215,6.7391835816896215,6.690893173217773,6.690893173217773
2014-11-25,6.712351387435786,6.723082298432277,6.696254253387452,6.696254253387451
2014-11-26,6.717717851208,6.723083051455979,6.70698642730713,6.706986427307129
2014-11-28,6.74454610651859,6.749911819041007,6.717718567311532,6.7338151931762695
2014-12-01,6.749907541018113,6.776735574924347,6.717714309692383,6.717714309692383
2014-12-02,6.712351872694834,6.7660074549610325,6.712351872694834,6.749910831451416
2014-12-03,6.760639419166148,6.8196606884131405,6.760639419166148,6.803564071655273
2014-12-04,6.814298392783873,6.846492154130401,6.808932680609039,6.841126441955566
2014-12-05,6.835757280304047,6.841122989771224,6.808929244670383,6.819660663604736
2014-12-08,6.803565555097099,6.857221126556396,6.803565555097099,6.8572211265563965
2014-12-09,6.851855927602099,6.857221126556396,6.830393084975581,6.8572211265563965
2014-12-10,6.8303937911987305,6.862587546764823,6.825028591689703,6.8303937911987305
2014-12-11,6.8464887241443995,6.851854433631095,6.803564071655273,6.803564071655273
2014-12-12,6.790621017235781,6.839164060945922,6.790621017235781,6.833770275115967
2014-12-15,6.844558823768287,6.8607401847839355,6.828377977132478,6.8607401847839355
2014-12-16,6.8661319141005075,6.8661319141005075,6.828376442310017,6.844557285308838
2014-12-17,6.828378539174238,6.855346962040242,6.812197691206588,6.8499531745910645
2014-12-18,6.866134078760902,6.887709228734214,6.8607408056474615,6.876921653747559
2014-12-19,6.866133457409312,6.876921031419744,6.8607401847839355,6.8607401847839355
2014-12-22,6.871523225324864,6.8930978463470955,6.839161550981287,6.855342388153076
2014-12-23,6.898495246078708,6.909282819433955,6.871526827070401,6.8877081871032715
2014-12-24,6.876921031419744,6.882314818424961,6.849952610773503,6.8607401847839355
2014-12-26,6.876921653747558,6.893102501847655,6.855347018154133,6.876921653747559
2014-12-29,6.8715278662542305,6.898496289340982,6.8607408056474615,6.876921653747559
2014-12-30,6.871527194976806,6.882314768909627,6.866133408010396,6.871527194976807
2014-12-31,6.871528207165616,6.9362521171569815,6.871528207165616,6.936252117156982
2015-01-02,6.930857609358389,6.952432242179636,6.920070035757854,6.941644668579102
2015-01-05,6.957827620346684,6.979402259697372,6.941646769428662,6.947040557861328
2015-01-06,6.97400666447888,7.0225497154562895,6.97400666447888,7.0117621421813965
2015-01-07,7.044123406319507,7.0872726648934306,7.011761205199196,7.049516677856445
2015-01-08,7.065698104347365,7.087272733844222,6.979399071980193,7.000973701477051
2015-01-09,7.017157083224928,7.060306354663461,7.00636950817535,7.054912567138672
2015-01-12,7.112374038859838,7.112374038859838,7.047321898756088,7.063584804534912
2015-01-13,7.079846837184654,7.090688599912288,7.063583417610675,7.07442569732666
2015-01-14,7.0906901359558105,7.117795324129172,7.085268994923446,7.0906901359558105
2015-01-15,7.106948923820916,7.150316992972536,7.090686027136099,7.1232123374938965
2015-01-16,7.172002445013162,7.177423583975583,7.106950328428919,7.11779260635376
2015-01-20,7.123219320777949,7.128639946994916,7.085271835327148,7.085271835327148
2015-01-21,7.112372664249649,7.112372664249649,7.069004579228911,7.0798468589782715
2015-01-22,7.079847522462375,7.106952190399171,7.069005241696935,7.10695219039917
2015-01-23,7.128634367290334,7.128634367290334,7.096108567492346,7.11779260635376
2015-01-26,7.128634929656983,7.134056069047068,7.090687987903001,7.128634929656982
2015-01-27,7.1394822674161516,7.193692665753436,7.1394822674161516,7.188271522521973
2015-01-28,7.199109392677031,7.264161525253789,7.188267629075101,7.2587409019470215
2015-01-29,7.264156562668433,7.269577699260087,7.22620964050293,7.22620964050293
2015-01-30,7.253319263458251,7.275003306161137,7.24789812353544,7.253319263458252
2015-02-02,7.25874191637148,7.280425963594124,7.242478493213147,7.264162540435791
2015-02-03,7.264162540435791,7.280425963594124,7.237057869148836,7.264162540435791
2015-02-04,7.253319092166119,7.253319092166119,7.182845825798924,7.220792770385742
2015-02-05,7.220795930521544,7.237059357023491,7.188270111494793,7.193691253662109
2015-02-06,7.188270549693835,7.2045334601986015,7.161165354193487,7.182849407196045
2015-02-09,7.182847855232672,7.188268996559142,7.144900899924363,7.161163806915283
2015-02-10,7.139478515707088,7.155741419866846,7.085268145856693,7.10695219039917
2015-02-11,7.126570563196135,7.126570563196135,7.055740670673913,7.082983016967773
2015-02-12,7.077531197558108,7.088428338919308,7.044840812683106,7.0448408126831055
2015-02-13,7.044839527314521,7.050287577396795,7.017597198486327,7.017597198486328
2015-02-17,7.012148267028272,7.017596836433649,6.859591960906982,6.859591960906982
2015-02-18,6.892284582151269,6.968563019849072,6.870490817038232,6.957666397094727
2015-02-19,6.9740126211006075,7.023048729748735,6.957667424752707,6.979461193084717
2015-02-20,7.006700059113369,7.039390957628041,6.990354869658135,7.017597198486328
2015-02-23,7.0448427047432105,7.066636473714547,7.028496988311379,7.033945560455322
2015-02-24,7.050291003726451,7.050291003726451,7.001255411530229,7.039394378662109
2015-02-25,7.0775330983979945,7.082981670541939,7.028496988311379,7.033945560455322
2015-02-26,7.0339473446961,7.0339473446961,6.984911222170914,7.001256942749023
2015-02-27,7.028497766853109,7.050291538238526,7.00125594232471,7.050291538238525
2015-03-02,7.066633536518946,7.072081586794009,7.023046016693114,7.023046016693115
2015-03-03,7.0339458063277105,7.044842950996509,7.023049181263369,7.039394378662109
2015-03-04,7.0393930844184505,7.0720834732055655,7.0393930844184505,7.072083473205566
2015-03-05,7.072082706136138,7.072082706136138,7.050288942773789,7.066634654998779
2015-03-06,7.033944315188184,7.044841457546876,6.9576663970947275,6.957666397094727
2015-03-09,6.974016960839324,7.006707373877471,6.963119810090111,6.990362167358398
2015-03-10,7.012151791483986,7.0448427047432105,7.012151791483986,7.033945560455322
2015-03-11,7.04817908363831,7.059132215676118,7.015320732073048,7.020796775817871
2015-03-12,7.042702517619406,7.04817908363831,7.020796775817871,7.020796775817871
2015-03-13,7.0208004447162295,7.0208004447162295,6.98794207597999,6.998894691467285
2015-03-16,7.026277296037234,7.026277296037234,6.9441308486201825,6.949606895446777
2015-03-17,6.944134198010166,6.949610247478043,6.889369525134366,6.916751861572266
2015-03-18,6.922226182684764,7.031754970550537,6.922226182684764,7.031754970550537
2015-03-19,7.02080308021173,7.02627965114837,6.955085795795693,6.982468128204346
2015-03-20,6.982466885442324,7.031754970550537,6.982466885442324,7.031754970550537
2015-03-23,7.0372315405124395,7.0372315405124395,6.998896073053576,7.031754970550537
2015-03-24,7.042705059051513,7.053658195041872,7.0207993093450645,7.042705059051514
2015-03-25,7.059132215676118,7.059132215676118,6.98793842425261,7.020796775817871
2015-03-26,7.037233410316982,7.037233410316982,6.993421883529877,7.0043745040893555
2015-03-27,7.004372923117858,7.07556676864624,7.004372923117858,7.07556676864624
2015-03-30,7.064610622001991,7.075563757702799,7.026275691597674,7.0536580085754395
2015-03-31,7.059133926124001,7.097468852996826,7.037228179014643,7.097468852996826
2015-04-01,7.108424379057609,7.1303306574202505,7.09747176215071,7.12485408782959
2015-04-02,7.124854372973216,7.130330942783054,7.097472046198468,7.108424663543701
2015-04-06,7.13580947305516,7.152239188201007,7.119380280183938,7.130333423614502
2015-04-07,7.1358052773463685,7.1741407345382475,7.130329231125516,7.157711029052734
2015-04-08,7.157709029500808,7.185091342052921,7.157709029500808,7.1631855964660645
2015-04-09,7.1736486658398535,7.190165503149086,7.124099204000357,7.129604816436768
2015-04-10,7.15712876357977,7.173645067560373,7.091063022613525,7.091063022613525
2015-04-13,7.113089561462402,7.16263903066694,7.10207833495287,7.113089561462402
2015-04-14,7.140616108070868,7.184659957885743,7.135110495582983,7.184659957885742
2015-04-15,7.201173451320877,7.201173451320877,7.16814083941278,7.17915153503418
2015-04-16,7.195673465728761,7.201179080365058,7.173651532227876,7.19567346572876
2015-04-17,7.201179080365058,7.206684695001357,7.190168376136772,7.19567346572876
2015-04-20,7.212184671986176,7.223195367607575,7.17364592470153,7.17915153503418
2015-04-21,7.190162658691406,7.195667743905882,7.1736458279163,7.190162658691406
2015-04-22,7.201174226892167,7.201174226892167,7.135108470916748,7.135108470916748
2015-04-23,7.1571320479972105,7.179153971758516,7.146120823594519,7.168143272399902
2015-04-24,7.184659583959862,7.184659583959862,7.1571320479972105,7.168143272399902
2015-04-27,7.18465877769676,7.190164389280265,7.151625633239745,7.151625633239746
2015-04-28,7.162636856406757,7.179153166113254,7.14612002165624,7.151625633239746
2015-04-29,7.129602810119482,7.146119117736816,7.118592113389244,7.146119117736816
2015-04-30,7.146123092710741,7.146123092710741,7.107584845152384,7.124101161956787
2015-05-01,7.124100528342777,7.124100528342777,7.0690459688765435,7.074551582336426
2015-05-04,7.063538755043009,7.069044367255494,7.025000519643766,7.036011219024658
2015-05-05,7.058034420013428,7.058034420013428,7.025001790849269,7.058034420013428
2015-05-06,7.052529003584822,7.052529003584822,6.969946384429932,6.969946384429932
2015-05-07,7.002980653280211,7.019496969726005,6.980958723004409,7.013991355895996
2015-05-08,7.041517578860869,7.063539505004883,7.030506878310931,7.063539505004883
2015-05-11,7.074057914450069,7.074057914450069,6.9799585083239695,7.002099514007568
2015-05-12,6.996562519220295,6.996562519220295,6.930139522479086,6.952280521392822
2015-05-13,6.99102211647523,7.007627721763401,6.941204772728046,6.94674015045166
2015-05-14,6.946746070512595,6.985492691832666,6.946746070512595,6.974422454833984
2015-05-15,6.974423652815481,7.013170280790976,6.963352886032074,7.002099514007568
2015-05-18,7.002094024036722,7.002094024036722,6.946741817168064,6.985488414764404
2015-05-19,6.952281233349348,6.985492471179461,6.935675086551184,6.968886852264404
2015-05-20,6.957817296978212,6.968888063434385,6.952282441633326,6.963352680206299
2015-05-21,6.974422234530459,6.974422234530459,6.935675086551184,6.968886852264404
2015-05-22,6.968888114322763,6.968888114322763,6.907999954135593,6.919070720672607
2015-05-26,6.902464389801025,6.907999244617846,6.885858241701115,6.902464389801025
2015-05-27,6.907999244617846,6.919070010017786,6.891393624401085,6.902464389801025
2015-05-28,6.8913929282534845,6.913533928933599,6.8913929282534845,6.896928310394287
2015-05-29,6.919069254272416,6.930140018463136,6.907998490081696,6.930140018463135
2015-06-01,6.924606053376094,6.968888063434385,6.924606053376094,6.963352680206299
2015-06-02,6.952279123752148,6.952279123752148,6.935672981992946,6.941208362579346
2015-06-03,6.91353298957351,6.935673987245268,6.9079976081848145,6.9079976081848145
2015-06-04,6.913533229427454,6.935674227867358,6.880321995709118,6.891392230987549
2015-06-05,6.863713489474166,6.869248869150429,6.797290517007586,6.813896656036377
2015-06-08,6.808365258898881,6.813900641813055,6.697660240031252,6.703195095062256
2015-06-09,6.713776282072777,6.713776282072777,6.652539178996845,6.674807071685791
2015-06-10,6.669235706329346,6.741606444074335,6.6525349302060715,6.669235706329346
2015-06-11,6.6692364807291025,6.724906448814948,6.6692364807291025,6.713772773742676
2015-06-12,6.719338747255453,6.77500871038213,6.719338747255453,6.758307933807373
2015-06-15,6.769441071315103,6.80284315272515,6.758307398117135,6.780575275421143
2015-06-16,6.780574796978502,6.808409243463436,6.780574796978502,6.791708469390869
2015-06-17,6.791709870915348,6.8028440765333835,6.78614276810633,6.797276973724365
2015-06-18,6.797276493770347,6.819544372525945,6.797276493770347,6.808410167694092
2015-06-19,6.813978583027865,6.8418135695626345,6.8028449069588826,6.830679893493652
2015-06-22,6.830678968732216,6.830678968732216,6.79170978049604,6.8251118659973145
2015-06-23,6.8084081795749585,6.85294445498925,6.78614030732179,6.836243152618408
2015-06-24,6.847380673051231,6.8529477765398275,6.830679893493652,6.830679893493652
2015-06-25,6.8418135695626345,6.847380673051231,6.81954568651646,6.830679893493652
2015-06-26,6.808408710514178,6.808408710514178,6.775007164983652,6.802842140197754
2015-06-29,6.791708526861138,6.797275628568446,6.758306978433364,6.769440650939941
2015-06-30,6.786141367730668,6.802842672711271,6.758306921245733,6.791708469390869
2015-07-01,6.775008199165645,6.8028431786286605,6.775008199165645,6.786141872406006
2015-07-02,6.808410167694092,6.819544372525945,6.791709391354421,6.808410167694092
2015-07-06,6.81397483072942,6.819541931152343,6.791706959945648,6.819541931152344
2015-07-07,6.869646100063922,6.891913975148894,6.841811123480703,6.864078998565674
2015-07-08,6.847380475767713,6.90861701965332,6.847380475767713,6.90861701965332
2015-07-09,6.909174587102335,6.909174587102335,6.875580310821533,6.875580310821533
2015-07-10,6.864382574703204,6.886778580902769,6.847585169581349,6.875580310821533
2015-07-13,6.8811814124142,6.8811814124142,6.8531862631733675,6.869983673095703
2015-07-14,6.864383775040417,6.8923789211759585,6.864383775040417,6.88677978515625
2015-07-15,6.886782714184563,6.925975615065716,6.875584437382391,6.909178733825684
2015-07-16,6.914774518961066,6.965165138244629,6.914774518961066,6.965165138244629
2015-07-17,6.965165459414922,6.970764595358933,6.920373439788818,6.920373439788818
2015-07-20,6.920370633402049,6.931568900748888,6.903573766344566,6.914772033691406
2015-07-21,6.9147748378078004,6.931571711676841,6.90917570186379,6.920373439788818
2015-07-22,6.9147748378078004,6.94276944960187,6.90917570186379,6.920373439788818
2015-07-23,6.937171096594181,6.937171096594181,6.892379075360504,6.931571960449219
2015-07-24,6.942769681605372,6.993160838859386,6.931571943306153,6.9875617027282715
2015-07-27,6.9875617027282715,7.004359111121616,6.9875617027282715,6.9875617027282715
2015-07-28,6.987556222683799,7.026749610900878,6.987556222683799,7.026749610900879
2015-07-29,7.004356861114503,7.021153730149185,6.998757726781996,7.004356861114502
2015-07-30,6.998754486163705,7.026749610900878,6.998754486163705,7.026749610900879
2015-07-31,7.049151306235568,7.065948181080492,7.037953033696936,7.054750442504883
2015-08-03,7.071541596895319,7.082739326412633,7.021150479160926,7.026749610900879
2015-08-04,7.037950430932369,7.043549565131022,7.0099558278647605,7.015554428100586
2015-08-05,7.004360938926706,7.015558680148003,6.9371728897094735,6.937172889709473
2015-08-06,6.920374859653166,7.004360314155783,6.920374859653166,6.998761177062988
2015-08-07,7.0267530613387335,7.0267530613387335,7.015554792359996,7.021153926849365
2015-08-10,7.026749610900878,7.026749610900878,6.987556222683799,7.026749610900879
2015-08-11,7.027317893300002,7.083626747131347,7.0160564447343505,7.083626747131348
2015-08-12,7.094886302947997,7.111778738511922,7.07236287652915,7.094886302947998
2015-08-13,7.094887755465993,7.094887755465993,7.0779947794427684,7.089256763458252
2015-08-14,7.077989553782025,7.083620541632423,7.066728115081787,7.066728115081787
2015-08-17,7.072365321329692,7.083626769931592,7.072365321329692,7.077995777130127
2015-08-18,7.083620541632423,7.083620541632423,7.04983568853115,7.066728115081787
2015-08-19,7.066728115081787,7.077989553782025,7.04983568853115,7.066728115081787
2015-08-20,7.05546613938099,7.077989553782025,7.044204700680752,7.066728115081787
2015-08-21,7.055469493828541,7.089254899993283,7.0160536341370205,7.04420804977417
2015-08-24,6.903440903848562,6.9879036675346615,6.869655476173429,6.942856788635254
2015-08-25,6.965379714965819,7.00479559684886,6.9484872708732475,6.96537971496582
2015-08-26,6.982270747690799,6.982270747690799,6.920331440537449,6.959747314453125
2015-08-27,6.959745841208697,6.976638815311789,6.942853404106498,6.971007823944092
2015-08-28,6.959745841208697,6.982269269678594,6.948484395474195,6.971007823944092
2015-08-31,6.982273077369376,7.010427512560621,6.959749636616618,6.987904071807861
2015-09-01,6.9935293212211445,7.032945175908948,6.976636888783621,7.027314186096191
2015-09-02,7.032945175908948,7.038576165721704,7.02168373328418,7.027314186096191
2015-09-03,7.038578466979256,7.055470904939749,7.021686029018764,7.049840450286865
2015-09-04,7.05546990396438,7.094886302947997,7.038577468400456,7.094886302947998
2015-09-08,7.08362577145051,7.094887755465993,7.0723643244359815,7.089256763458252
2015-09-09,7.094886302947997,7.106147747656999,7.0779933303832285,7.094886302947998
2015-09-10,7.106783158501678,7.118108428356697,7.05581809404324,7.06148099899292
2015-09-11,7.078466738498891,7.078466738498891,7.038827497577427,7.044489860534668
2015-09-14,7.055817458952674,7.061480363392638,7.021840572357178,7.021840572357178
2015-09-15,7.021835882000579,7.021835882000579,6.953882694244385,6.953882694244385
2015-09-16,6.93689296758676,6.953881125682869,6.925567168826815,6.931230068206787
2015-09-17,6.948225472865055,7.044492155023412,6.942562568019173,7.033166885375977
2015-09-18,6.9935225478017875,7.0784638985670165,6.987859647072389,7.055812835693359
2015-09-21,7.067143234362613,7.072806139208495,7.033166885375977,7.033166885375977
2015-09-22,7.033162884915224,7.095453182656243,7.033162884915224,7.0897908210754395
2015-09-23,7.101117118452962,7.101117118452962,7.084128951148433,7.095454216003418
2015-09-24,7.101110479309794,7.112436273619894,7.084122327888242,7.106773376464844
2015-09-25,7.1067820647787485,7.129433141047161,7.1011191607005815,7.123770236968994
2015-09-28,7.129431090656578,7.129431090656578,7.089791853597976,7.095454216003418
2015-09-29,7.1067820647787485,7.135096045125328,7.0954562566224135,7.123770236968994
2015-09-30,7.135096045125328,7.135096045125328,7.112444968856916,7.123770236968994
2015-10-01,7.123770236968994,7.135096045125328,7.112444968856916,7.123770236968994
2015-10-02,7.123770236968994,7.135096045125328,7.118107332890826,7.123770236968994
2015-10-05,7.129433141047161,7.135096045125328,7.1011191607005815,7.123770236968994
2015-10-06,7.129429817199707,7.135092718637745,7.1124416529296,7.129429817199707
2015-10-07,7.135092718637745,7.135092718637745,7.118104014323633,7.129429817199707
2015-10-08,7.129429357380565,7.157743322700613,7.129429357380565,7.135092258453369
2015-10-09,7.146417158265792,7.157742959837235,7.129428995952571,7.152080059051514
2015-10-12,7.163408309303778,7.174734115600585,7.152083043051138,7.174734115600586
2015-10-13,7.16391694358203,7.198085308074951,7.16391694358203,7.198085308074951
2015-10-14,7.203775084466074,7.237943427622318,7.1923859988055865,7.220859527587891
2015-10-15,7.2151647132139525,7.243638241996257,7.209469898840013,7.220859527587891
2015-10-16,7.2322492599487305,7.237944074831894,7.226554445065567,7.2322492599487305
2015-10-19,7.226557991887837,7.25503153719114,7.226557991887837,7.2493367195129395
2015-10-20,7.249332159479023,7.272111415863036,7.249332159479023,7.272111415863037
2015-10-21,7.260722908248851,7.294891255010851,7.260722908248851,7.283501625061035
2015-10-22,7.289200305938721,7.31197903483184,7.283505487943507,7.289200305938721
2015-10-23,7.29488777075122,7.32336074585131,7.29488777075122,7.311971664428711
2015-10-26,7.329055928531416,7.329055928531416,7.289193326906804,7.300582408905029
2015-10-27,7.311977171314439,7.317671987858282,7.2891984482266645,7.294893264770508
2015-10-28,7.311975905340574,7.3233649933687905,7.2948920017545,7.306281089782715
2015-10-29,7.317666476683605,7.334750370361095,7.306276852173818,7.311971664428711
2015-10-30,7.329059123992919,7.334753939018572,7.306280406977759,7.32905912399292
2015-11-02,7.323367477232288,7.35753583908081,7.317673202830607,7.3575358390808105
2015-11-03,7.357532604640296,7.37461650651047,7.3233642578125,7.3233642578125
2015-11-04,7.311971664428712,7.334750370361095,7.311971664428712,7.311971664428711
2015-11-05,7.317671987858282,7.329061077858371,7.283503631682821,7.294893264770508
2015-11-06,7.26641675240412,7.277805837744865,7.232248410207133,7.243638038635254
2015-11-09,7.215166091918945,7.226555179755709,7.169608654396904,7.215166091918945
2015-11-10,7.209471276456817,7.24933389851673,7.203776460994688,7.215166091918945
2015-11-11,7.232249995217837,7.237944810679966,7.203776460994688,7.215166091918945
2015-11-12,7.232919787092066,7.244373057681869,7.204285791395497,7.2271928787231445
2015-11-13,7.250098878480417,7.301639953773077,7.227191794589008,7.273005962371826
2015-11-16,7.284458436958387,7.295911703722564,7.261551357282173,7.267277717590332
2015-11-17,7.255825996398926,7.278733080954608,7.255825996398926,7.255825996398926
2015-11-18,7.273006173278693,7.290186350158461,7.244372181047098,7.255825996398926
2015-11-19,7.255822841024923,7.307363895398299,7.255822841024923,7.2787299156188965
2015-11-20,7.295915221748,7.324549221687294,7.284461949461157,7.290188312530518
2015-11-23,7.2787350402436735,7.307369040182967,7.2787350402436735,7.290188312530518
2015-11-24,7.301639823619499,7.330273814510342,7.290186008803981,7.318819999694824
2015-11-25,7.307366731027257,7.336000721918101,7.307366731027257,7.318819999694824
2015-11-27,7.324546907102583,7.341727083177909,7.318819999694824,7.318819999694824
2015-11-30,7.341724894709109,7.358905611811045,7.330271629455605,7.33599853515625
2015-12-01,7.353179248554835,7.376086326899487,7.353179248554835,7.370359420776367
2015-12-02,7.381808757781982,7.381808757781982,7.364628049828472,7.381808757781982
2015-12-03,7.353182146117656,7.364635416729294,7.301641062995179,7.330275058746338
2015-12-04,7.313091637803469,7.370359057770641,7.313091637803469,7.358905792236328
2015-12-07,7.364631971363903,7.364631971363903,7.330271629455605,7.33599853515625
2015-12-08,7.330273500553918,7.3818145727203355,7.330273500553918,7.376087665557861
2015-12-09,7.400853376645453,7.400853376645453,7.360537071553757,7.3778157234191895
2015-12-10,7.383574505690726,7.400853157043457,7.372055954049867,7.400853157043457
2015-12-11,7.395094394683838,7.423891600746331,7.389334843619135,7.395094394683838
2015-12-14,7.39509434207246,7.406612894858898,7.297184171713167,7.331740379333496
2015-12-15,7.349018976293209,7.372056630951203,7.314462219675712,7.360537528991699
2015-12-16,7.325983071251193,7.383576947020435,7.320223518895927,7.372058391571045
2015-12-17,7.383570800669497,7.423887084334494,7.377811802369371,7.418127536773682
2015-12-18,7.406613381306352,7.469967348206244,7.406613381306352,7.452688694000244
2015-12-21,7.493004322052002,7.510282425423171,7.441169462677495,7.493004322052002
2015-12-22,7.504522323608399,7.516041424517516,7.475725120596569,7.504522323608398
2015-12-23,7.510279655456542,7.539076849961413,7.498761107211075,7.510279655456543
2015-12-24,7.527555224059436,7.56211195571034,7.521796226501465,7.521796226501465
2015-12-28,7.510278926675189,7.579391857223828,7.510278926675189,7.5621137619018555
2015-12-29,7.556356502276476,7.590913252647258,7.544837951660156,7.544837951660156
2015-12-30,7.544837046611442,7.59667134205841,7.521799398881396,7.590912342071533
2015-12-31,7.62547508256573,7.648512750064729,7.5851593017578125,7.5851593017578125
2016-01-04,7.567873158526263,7.631226539611817,7.567873158526263,7.631226539611816
2016-01-05,7.6369920636231265,7.68306738578661,7.619713405865945,7.654270172119141
2016-01-06,7.688822102368932,7.717618748663139,7.6542653578507345,7.683062553405762
2016-01-07,7.73489711167896,7.73489711167896,7.694580819677217,7.717618465423584
2016-01-08,7.688823576055222,7.746417428943243,7.688823576055222,7.72913932800293
2016-01-11,7.71185974896079,7.723378297626309,7.665784455777073,7.683062553405762
2016-01-12,7.67730474472046,7.71186149707192,7.671545194451725,7.677304744720459
2016-01-13,7.6848312008322335,7.702204439415565,7.6385016441345215,7.6385016441345215
2016-01-14,7.632710932796942,7.650084171380274,7.615337141928314,7.6385016441345215
2016-01-15,7.621131022755044,7.702207084462082,7.621131022755044,7.66166877746582
2016-01-19,7.661667337113336,7.702205636488615,7.615338325500488,7.615338325500488
2016-01-20,7.6442941658089945,7.661667407251509,7.545844877159101,7.557427406311035
2016-01-21,7.597960285849215,7.6095428075803655,7.557422564360255,7.56321382522583
2016-01-22,7.597968730545013,7.644297764391546,7.592177463242783,7.626924514770508
2016-01-25,7.650085606038198,7.667458847879619,7.621129834778897,7.632712364196777
2016-01-26,7.6616682227226764,7.667459487915038,7.638503714238676,7.667459487915039
2016-01-27,7.702211234949298,7.7080025036817155,7.673255443572998,7.673255443572998
2016-01-28,7.673245539925733,7.725365786675746,7.673245539925733,7.713783264160156
2016-01-29,7.777493949287592,7.783284664154053,7.754329432964852,7.783284664154053
2016-02-01,7.794866006072668,7.829613051384318,7.771701493293418,7.800657272338867
2016-02-02,7.812238692454416,7.875941512244075,7.812238692454416,7.858567714691162
2016-02-03,7.870146578446195,7.910684315939023,7.83539955182002,7.841190814971924
2016-02-04,7.846982002258301,7.887519739359205,7.846982002258301,7.846982002258301
2016-02-05,7.90489673692791,7.928061248046283,7.852777001125702,7.858567714691162
2016-02-08,7.899102265551034,7.904892976361701,7.846982002258301,7.846982002258301
2016-02-09,7.864355315294291,7.870146578446195,7.83539955182002,7.841190814971924
2016-02-10,7.842944689372773,7.889524864899305,7.842944689372773,7.8720574378967285
2016-02-11,7.901165799921658,7.941923850203701,7.8487629890441895,7.8487629890441895
2016-02-12,7.848767138554985,7.889525210385134,7.796364855252537,7.8138322830200195
2016-02-16,7.819644730065933,7.842934788427758,7.7672419599321305,7.773064613342285
2016-02-17,7.790534581175516,7.842937368548461,7.76724451515187,7.802179336547852
2016-02-18,7.802182116852264,7.819650089053933,7.790537357330323,7.790537357330322
2016-02-19,7.819653257327982,7.88952350860634,7.819653257327982,7.877878189086914
2016-02-22,7.872051882172147,7.912809368173269,7.848761255566819,7.9011640548706055
2016-02-23,7.901160529325498,7.9710307121276855,7.895338430551122,7.9710307121276855
2016-02-24,7.97685518377909,8.005967905399977,7.947742462158203,7.947742462158203
2016-02-25,7.959390080567566,7.971034839424673,7.936100007574209,7.941922664642334
2016-02-26,7.936097706677236,7.965210428298123,7.918630295816296,7.947742462158203
2016-02-29,7.982677839159063,7.9885004945390365,7.947742462158203,7.947742462158203
2016-03-01,7.9885024169689505,8.017615145595803,7.953567031560904,7.965212345123291
2016-03-02,7.953568147072854,8.017616270090697,7.936100729558529,8.00597095489502
2016-03-03,8.005971591959877,8.05255174589076,8.000148933898709,8.04672908782959
2016-03-04,8.029262942010735,8.058375681653336,8.011795520336904,8.017618179321289
2016-03-07,8.00597286135252,8.029262942010735,7.988505439678688,8.017618179321289
2016-03-08,8.017616270090697,8.035083687605022,8.00597095489502,8.00597095489502
2016-03-09,8.017615487258285,8.070017734684752,8.017615487258285,8.06419563293457
2016-03-10,8.095219404392996,8.095219404392996,8.042538928207383,8.054245948791504
2016-03-11,8.07180592144622,8.07180592144622,8.042538928207383,8.054245948791504
2016-03-14,8.07766044900488,8.101073934900251,8.065953426946425,8.089366912841797
2016-03-15,8.118633909766396,8.118633909766396,8.083513960034105,8.089366912841797
2016-03-16,8.083507669800518,8.153748072828613,8.083507669800518,8.136187553405762
2016-03-17,8.1537506028179,8.194724044409138,8.136190077946276,8.177164077758789
2016-03-18,8.20058536529541,8.206438879162521,8.16546484031455,8.20058536529541
2016-03-21,8.206436379393288,8.21228933325572,8.136195350827748,8.159608840942383
2016-03-22,8.153755887079951,8.21228933325572,8.153755887079951,8.159608840942383
2016-03-23,8.159607656428587,8.159607656428587,8.10107421875,8.10107421875
2016-03-24,8.130338164473903,8.136191115289405,8.077657699584961,8.077657699584961
2016-03-28,8.10107421875,8.112780682997094,8.054247245318507,8.10107421875
2016-03-29,8.101076940019453,8.11278340819892,8.089369913618242,8.095223426818848
2016-03-30,8.089366417414876,8.13619338633774,8.089366417414876,8.124486923217773
2016-03-31,8.15961007458679,8.200584107148458,8.1244901132159,8.171317100524902
2016-04-01,8.212285995483398,8.218139505188386,8.183019005179867,8.212285995483398
2016-04-04,8.212285995483398,8.229846524598363,8.13619204398278,8.212285995483398
2016-04-05,8.253262266029322,8.276675753041568,8.241555243412417,8.259115219116211
2016-04-06,8.28837768366169,8.305937649760113,8.253257751464844,8.253257751464844
2016-04-07,8.28252417555513,8.294231191768251,8.247404243358284,8.253257751464844
2016-04-08,8.300086975097656,8.317646946009624,8.276673494474561,8.300086975097656
2016-04-11,8.325391060634027,8.325391060634027,8.295973165758802,8.307740211486816
2016-04-12,8.325386921355046,8.37834000357944,8.284201440118338,8.360689163208008
2016-04-13,8.33714969843447,8.35480052859306,8.295964241027832,8.295964241027832
2016-04-14,8.32538686696886,8.32538686696886,8.284201386001198,8.301852226257324
2016-04-15,8.331267642102237,8.384220704751936,8.325383843783404,8.378336906433105
2016-04-18,8.37833844264717,8.413640677923125,8.343036768481209,8.372454643249512
2016-04-19,8.40187485939701,8.40187485939701,8.301852492883107,8.348921775817871
2016-04-20,8.39010668646238,8.425408363342285,8.366572048172431,8.425408363342285
2016-04-21,8.425410639783419,8.460712887311589,8.41952739945388,8.431294441223145
2016-04-22,8.448945284432135,8.460712887311589,8.395992754805162,8.431294441223145
2016-04-25,8.413642054209337,8.425409093819487,8.27831745147705,8.27831745147705
2016-04-26,8.33126863413499,8.366570867141645,8.260664729231637,8.272432327270508
2016-04-27,8.266552101076302,8.30185378823048,8.248901257499213,8.29008674621582
2016-04-28,8.278317372931788,8.325386653145964,8.278317372931788,8.313619613647461
2016-04-29,8.36068760556419,8.37833844264717,8.33715296908355,8.372454643249512
2016-05-02,8.413640677923125,8.437175314403762,8.366571404961848,8.372454643249512
2016-05-03,8.337157866081448,8.390110969543457,8.337157866081448,8.390110969543457
2016-05-04,8.395992754805162,8.443062044102597,8.378341350485984,8.431294441223145
2016-05-05,8.466595626985407,8.49601350827447,8.431293383884368,8.472478866577148
2016-05-06,8.46071079740255,8.51366387505959,8.46071079740255,8.507780075073242
2016-05-09,8.519543959236612,8.525427757044252,8.460707664489746,8.460707664489746
2016-05-10,8.472479929080853,8.484247531960305,8.41952739945388,8.431294441223145
2016-05-11,8.433068697408832,8.450809917955068,8.36801661543391,8.385758399963379
2016-05-12,8.391671764156637,8.427154769232342,8.3739305436104,8.385758399963379
2016-05-13,8.421239056002726,8.480377197265625,8.421239056002726,8.480377197265625
2016-05-16,8.480378360148078,8.480378360148078,8.444895357728067,8.4567232131958
2016-05-17,8.44489308614595,8.468548226735258,8.409410657253504,8.42123794555664
2016-05-18,8.444891372039658,8.450805296982363,8.379839889618676,8.397581100463867
2016-05-19,8.397583060282502,8.397583060282502,8.297048568725586,8.297048568725586
2016-05-20,8.32070912747585,8.356192144532395,8.237916360982945,8.243829727172852
2016-05-23,8.249743288571354,8.291140233950728,8.23200206282785,8.237915992736816
2016-05-24,8.261569449218598,8.261569449218598,8.143293695282209,8.214259147644043
2016-05-25,8.190600714828836,8.308876421371368,8.190600714828836,8.297048568725586
2016-05-26,8.33252773245966,8.373924069725092,8.31478652562916,8.362096786499023
2016-05-27,8.36801490424443,8.403497902064156,8.362101541260405,8.379842758178711
2016-05-31,8.362096786499023,8.373924069725092,8.308872602024728,8.362096786499023
2016-06-01,8.397584361519877,8.427153433733114,8.36801528930664,8.36801528930664
2016-06-02,8.409408950349277,8.433064086137174,8.368012039733268,8.397581100463867
2016-06-03,8.433068034644501,8.492205619812012,8.415326251509379,8.492205619812012
2016-06-06,8.509947209402457,8.521774500573692,8.480378135499606,8.498119354248047
2016-06-07,8.49811893939459,8.545429229736328,8.49811893939459,8.545429229736328
2016-06-08,8.563170254499491,8.563170254499491,8.52177389237984,8.551342964172363
2016-06-09,8.53529889319904,8.588793198292144,8.53529889319904,8.570961952209473
2016-06-10,8.570959488885258,8.570959488885258,8.511521263232323,8.535296440124512
2016-06-13,8.565014839172363,8.570958774611295,8.541239664261516,8.565014839172363
2016-06-14,8.594733238220215,8.594733238220215,8.565014130329994,8.594733238220215
2016-06-15,8.606621818010643,8.606621818010643,8.56501540089917,8.582846641540527
2016-06-16,8.600677173167226,8.612564476216413,8.576902000224017,8.594733238220215
2016-06-17,8.636339330337085,8.636339330337085,8.588788986206055,8.588788986206055
2016-06-20,8.594734513198045,8.600678449026804,8.57095933672793,8.582846641540527
2016-06-21,8.59473467706596,8.636341094970703,8.576903436084631,8.636341094970703
2016-06-22,8.672006848662656,8.707669341748797,8.648231664323527,8.683894157409668
2016-06-23,8.695782105762094,8.713613352454363,8.677950859069824,8.677950859069824
2016-06-24,8.677947846891833,8.767104616251338,8.642284799041082,8.72549819946289
2016-06-27,8.701722633232773,8.761160287860598,8.689834762200274,8.743329048156738
2016-06-28,8.767102241516113,8.790877411361688,8.731439203325369,8.767102241516113
2016-06-29,8.790877024755762,8.80870825964457,8.767101855955774,8.802764892578125
2016-06-30,8.844372996419896,8.862204234736401,8.802766584733103,8.856260299682617
2016-07-01,8.903812163381245,8.903812163381245,8.862205744605893,8.891924858093262
2016-07-05,8.903808024447436,8.90975195775086,8.826539158881616,8.885976791381836
2016-07-06,8.885976791381836,8.933527124119886,8.856257691709386,8.885976791381836
2016-07-07,8.921640329112034,8.945415496826172,8.88003336047876,8.945415496826172
2016-07-08,8.939473713325668,8.992967995260202,8.939473713325668,8.975136756896973
2016-07-11,8.98887436981294,8.98887436981294,8.857475383993346,8.869421005249023
2016-07-12,8.893310660452611,8.893310660452611,8.708157539367676,8.708157539367676
2016-07-13,8.690240459112632,8.720103941916168,8.576759338378906,8.576759338378906
2016-07-14,8.576759941691739,8.594678374393427,8.31993533855212,8.3557710647583
2016-07-15,8.337851831245374,8.51105933170311,8.319933971087265,8.439387321472168
2016-07-18,8.528973361327493,8.600645339369105,8.528973361327493,8.588700294494629
2016-07-19,8.648430622872214,8.648430622872214,8.52897727137369,8.55884075164795
2016-07-20,8.570786848883605,8.636486053466797,8.546896177253487,8.636486053466797
2016-07-21,8.654404616288476,8.708158774213022,8.618568890737839,8.696213722229004
2016-07-22,8.684268100646399,8.696213722229004,8.672323048662383,8.696213722229004
2016-07-25,8.708159859913847,8.714132671449818,8.660378506823404,8.666351318359375
2016-07-26,8.702184729423339,8.726075399602184,8.678294059244493,8.708157539367676
2016-07-27,8.696212314916643,8.76191151419307,8.696212314916643,8.732048034667969
2016-07-28,8.74996566772461,8.785801956145473,8.73802061798331,8.74996566772461
2016-07-29,8.779829855324783,8.821638956791041,8.779829855324783,8.809693336486816
2016-08-01,8.791775651458087,8.797747892131113,8.720103636994935,8.785802841186523
2016-08-02,8.749963814214961,8.773854478235272,8.66634677494306,8.755936622619629
2016-08-03,8.773857343430212,8.911229133605957,8.743994430851549,8.911229133605957
2016-08-04,8.929144693954875,8.935117502770781,8.821636983260555,8.845527648925781
2016-08-05,8.88136587953221,8.905256551967861,8.827611724152353,8.893311500549316
2016-08-08,8.881364997149465,8.905255667211526,8.851501517172261,8.857474327087402
2016-08-09,8.893313125110362,8.905258178710938,8.863449636710929,8.905258178710938
2016-08-10,8.925061534193954,8.94306755065918,8.907055517728729,8.94306755065918
2016-08-11,8.949071854191072,8.949071854191072,8.805022543748011,8.823028564453125
2016-08-12,8.871045265616548,8.871045265616548,8.829031025252272,8.865043640136719
2016-08-15,8.847035057698667,8.87104327142427,8.787014809585143,8.79301643371582
2016-08-16,8.793018992404253,8.805023388960707,8.720994330268923,8.775012969970703
2016-08-17,8.775015626307685,8.811028254477513,8.739003570539165,8.805026054382324
2016-08-18,8.799023854287135,8.847040310246033,8.799023854287135,8.805026054382324
2016-08-19,8.79301761619878,8.829030227830636,8.787015991261008,8.799019813537598
2016-08-22,8.823023620178299,8.865038408147283,8.787011598948608,8.853034019470215
2016-08-23,8.87104103761995,8.907053635340555,8.841030634919582,8.889047622680664
2016-08-24,8.931066099623594,8.931066099623594,8.859041442255796,8.865043640136719
2016-08-25,8.88905075033196,8.895052375063074,8.841033745675885,8.871044158935547
2016-08-26,8.853036836044813,8.865041228541054,8.79901821461361,8.817024230957031
2016-08-29,8.841036796569824,8.853041194976615,8.799022546948496,8.841036796569824
2016-08-30,8.847040310246033,8.859044710436411,8.793021654191946,8.805026054382324
2016-08-31,8.841032861167026,8.847035057698667,8.775010416521859,8.79301643371582
2016-09-01,8.805022543748011,8.853038980562365,8.793018148343885,8.823028564453125
2016-09-02,8.787014809585143,8.811023023310746,8.757004399327899,8.79301643371582
2016-09-06,8.79301601836549,8.841032443548572,8.781012198270188,8.817024230957031
2016-09-07,8.835032425169452,8.835032425169452,8.79301761619878,8.799019813537598
2016-09-08,8.79901821461361,8.817024230957031,8.787014394518309,8.817024230957031
2016-09-09,8.76901207978584,8.76901207978584,8.594952310560288,8.612958908081055
2016-09-12,8.617776898250554,8.635868641178684,8.503195092870886,8.557470321655273
2016-09-13,8.551443269227477,8.581595993488833,8.497167445354874,8.533350944519043
2016-09-14,8.515257534792568,8.593655867865436,8.515257534792568,8.569533348083496
2016-09-15,8.533351727281863,8.593658331589191,8.533351727281863,8.551444053649902
2016-09-16,8.605720317688302,8.605720317688302,8.509229630891811,8.539382934570312
2016-09-19,8.539381719421854,8.563504243906749,8.509228420034146,8.533350944519043
2016-09-20,8.533349602232953,8.557472122923404,8.479074362024132,8.48510456085205
2016-09-21,8.473039351573178,8.527315139770508,8.46097780969556,8.527315139770508
2016-09-22,8.551444399459417,8.653965285851845,8.551444399459417,8.629842758178711
2016-09-23,8.617778387647379,8.623809161374423,8.569533348083496,8.569533348083496
2016-09-26,8.599689626208423,8.61778137854226,8.58159729874815,8.611750602722168
2016-09-27,8.623817139907342,8.647939682006836,8.617786360600775,8.647939682006836
2016-09-28,8.647933412067147,8.68411691141918,8.647933412067147,8.666025161743164
2016-09-29,8.684113658488323,8.684113658488323,8.581592823516315,8.587623596191406
2016-09-30,8.593656539916992,8.629840609982734,8.575564792447263,8.593656539916992
2016-10-03,8.62381036124298,8.629841135809112,8.563503765834287,8.605718612670898
2016-10-04,8.57556308043219,8.605716370279493,8.412735660332448,8.436858177185059
2016-10-05,8.467011763998167,8.467011763998167,8.34639917550484,8.382582664489746
2016-10-06,8.370525360107422,8.406708864943354,8.334341280145049,8.370525360107422
2016-10-07,8.382581423562765,8.400673740503086,8.328306198120117,8.328306198120117
2016-10-10,8.334341539360896,8.382586597393622,8.316249786380236,8.376556396484375
2016-10-11,8.364498000844435,8.376559557467402,8.34640624103666,8.352437019348145
2016-10-12,8.320916763152082,8.35121883446437,8.242132186889648,8.242132186889648
2016-10-13,8.242136370059004,8.248196325025948,8.06638496080454,8.072444915771484
2016-10-14,8.048200521486448,8.084563128275484,7.939113857047397,7.951234340667725
2016-10-17,7.745184552640205,7.9754796291554415,7.745184552640205,7.884573936462402
2016-10-18,7.91487224261915,7.9875968775971415,7.848207560416306,7.945173740386963
2016-10-19,7.963355198822809,8.120924949645996,7.963355198822809,8.120924949645996
2016-10-20,8.151226043701172,8.199709127036066,8.096682430458431,8.151226043701172
2016-10-21,8.18152823200356,8.19970924402255,8.16334721998457,8.193649291992188
2016-10-24,8.193654211957774,8.211835234893751,8.120928964285273,8.139110565185547
2016-10-25,8.108803490274125,8.163347103516866,8.090622478514527,8.151226043701172
2016-10-26,8.102747352667032,8.102747352667032,8.036083221435547,8.036083221435547
2016-10-27,8.011836315371308,8.066379921750123,7.975473718464143,7.993654727935791
2016-10-28,8.017898375364956,8.017898375364956,7.91487224261915,7.945173740386963
2016-10-31,7.945172927036664,7.975474999666465,7.914871432370826,7.95729398727417
2016-11-01,7.969410409999407,7.9997124671936035,7.920927349674159,7.9997124671936035
2016-11-02,8.005776171312197,8.023957181658371,7.957293091746472,8.01789665222168
2016-11-03,8.011836700748889,8.030017711095061,7.9815346315293345,8.01789665222168
2016-11-04,8.005779299688468,8.030020848944075,7.957296201177257,7.97547721862793
2016-11-07,7.98759608613086,8.060320713902794,7.945172953124258,8.048199653625488
2016-11-08,8.078505865249811,8.084566398493482,8.011841733462214,8.042143821716309
2016-11-09,8.00437146917438,8.034829038135655,7.9556386617072725,7.992187976837158
2016-11-10,7.973913035748781,7.973913035748781,7.766798320907379,7.7972564697265625
2016-11-11,7.486587538679624,7.8155344058760985,7.486587538679624,7.711977005004883
2016-11-14,7.669335142975331,7.669335142975331,7.4744038581848145,7.4744038581848145
2016-11-15,7.4987699001829995,7.791166812996059,7.4987699001829995,7.766800403594971
2016-11-16,7.815529242032416,7.839895639023961,7.6571473711170075,7.705880165100098
2016-11-17,7.681517662132245,7.7180675666183225,7.60232668652993,7.632784843444824
2016-11-18,7.632782025549603,7.644965516194029,7.584049224853516,7.584049224853516
2016-11-21,7.614513122082771,7.718070547018396,7.614513122082771,7.693704128265381
2016-11-22,7.7667981235825065,7.8338055845296095,7.718065319086278,7.809439182281494
2016-11-23,7.7424332152549145,7.809440689131264,7.705883314359927,7.778983116149902
2016-11-25,7.778982591550714,7.821623655601766,7.77289084498887,7.785073757171631
2016-11-28,7.821622415513559,7.845988816956807,7.705881572952504,7.730247974395752
2016-11-29,7.766799861038188,7.7789833553581555,7.6693342302423835,7.699792385101318
2016-11-30,7.663240089012671,7.730247544015768,7.638873688926017,7.724156379699707
2016-12-01,7.669335652624557,7.693702064842589,7.565778255462647,7.5657782554626465
2016-12-02,7.559685615413693,7.632784843444824,7.55359386784251,7.632784843444824
2016-12-05,7.66324269387857,7.66324269387857,7.620601624467706,7.644968032836914
2016-12-06,7.675425400329442,7.760707530393385,7.675425400329442,7.754615783691406
2016-12-07,7.77288775518267,7.925177873046246,7.76679601104236,7.912994384765625
2016-12-08,7.882538190536598,7.894721681824292,7.803347820929949,7.864263534545898
2016-12-09,7.839898613725933,7.8459903605204,7.797257548046561,7.815532207489014
2016-12-12,7.7714398658344335,7.808184520554267,7.765316243411522,7.795936107635498
2016-12-13,7.802058141353544,7.8449269905945105,7.740817845923507,7.820430755615234
2016-12-14,7.82655379154797,7.838802200140586,7.783685529546346,7.8081817626953125
2016-12-15,7.765315297608248,7.777563124998777,7.7163228199733265,7.722446441650391
2016-12-16,7.722445281182204,7.795933986591282,7.69182542528899,7.78368616104126
2016-12-19,7.802066030562128,7.8265622903112675,7.777569770812989,7.777569770812988
2016-12-20,7.740818342459419,7.795934436670988,7.716322105908827,7.76531457901001
2016-12-21,7.759197722010359,7.795941819615618,7.75307351106385,7.777569770812988
2016-12-22,7.789810815560601,7.802058641817723,7.746941963569806,7.76531457901001
2016-12-23,7.777564189194547,7.789812602297416,7.728571704856036,7.734695911407471
2016-12-27,7.789812097446934,7.789812097446934,7.710199169547374,7.716323375701904
2016-12-28,7.716325966748015,7.734698007344264,7.704077550326089,7.728573799133301
2016-12-29,7.740818342459419,7.777562405267132,7.734694137312684,7.76531457901001
2016-12-30,7.7775624600237725,7.802058696746825,7.771438254833921,7.802058696746826
2017-01-03,7.777563250486956,7.851051968125052,7.777563250486956,7.8265557289123535
2017-01-04,7.86942405204625,7.875547673406959,7.838803609097218,7.86329984664917
2017-01-05,7.857177219408755,7.949037982670212,7.857177219408755,7.912293910980225
2017-01-06,7.900045497725904,7.918418117607386,7.88167346188091,7.912293910980225
2017-01-09,7.936791318953121,7.9735359800754715,7.924542903900146,7.9245429039001465
2017-01-10,7.936784085103654,7.9551561069016685,7.906163659416267,7.94290828704834
2017-01-11,7.949038607419984,7.979659058925895,7.924542363022563,7.961287021636963
2017-01-12,7.9735354358539405,7.991907473142873,7.961287021636963,7.961287021636963
2017-01-13,7.961287021636963,7.985783266034384,7.9367907772395405,7.961287021636963
2017-01-17,8.003147309397507,8.027772354557511,7.953897219077498,7.972365856170654
2017-01-18,7.9538965225219735,7.966208750470049,7.9538965225219735,7.953896522521973
2017-01-19,7.947743679617262,7.953900089906164,7.898493571521241,7.929275035858154
2017-01-20,7.935426860124789,7.941582679748535,7.91080182030802,7.941582679748535
2017-01-23,7.972365123911044,8.003146574310628,7.947740081012843,7.990833759307861
2017-01-24,7.972369704378974,8.009307583502336,7.972369704378974,7.9785261154174805
2017-01-25,7.94774081101065,7.984678672304351,7.94774081101065,7.972365856170654
2017-01-26,7.929272173917493,7.978522264237502,7.923115765850645,7.972365856170654
2017-01-27,7.99699218219935,8.015461409358089,7.9538984930439245,8.009305000305176
2017-01-30,7.9908350396231205,8.0462415417983,7.9908350396231205,8.027772903442383
2017-01-31,8.046243294926612,8.077024756964807,8.033931062375867,8.064712524414062
2017-02-01,8.064712524414062,8.070868347135656,8.027774652546718,8.064712524414062
2017-02-02,8.064714154110485,8.070869978076033,8.021619863705608,8.03393268585205
2017-02-03,8.046242794708952,8.058555613601792,8.009305512245476,8.015461921691895
2017-02-06,8.03393224283072,8.064713709391746,8.01546359773716,8.040088653564453
2017-02-07,8.04624080657959,8.07702225909844,8.04624080657959,8.04624080657959
2017-02-08,8.07702394766444,8.107805406618398,8.052398897922773,8.070867538452148
2017-02-09,8.070869533017838,8.070869533017838,8.027775832096985,8.040088653564453
2017-02-10,8.03393224283072,8.064713709391746,8.03393224283072,8.040088653564453
2017-02-13,8.063598514823285,8.069787143557898,8.045033218799565,8.05122184753418
2017-02-14,8.069787380379799,8.069787380379799,8.02027952941024,8.04503345489502
2017-02-15,8.014087779319087,8.045030321669183,7.983145236968994,7.983145236968994
2017-02-16,7.98934207854306,8.032661328268413,7.983153445673577,8.020284652709961
2017-02-17,8.045035239474359,8.069789170450147,8.032657978896331,8.063600540161133
2017-02-21,8.051224934843855,8.100732803344727,8.04503630373616,8.100732803344727
2017-02-22,8.113109588623047,8.131675482205278,8.06360171943114,8.113109588623047
2017-02-23,8.144049764506544,8.162615062460354,8.113107207796741,8.125484466552734
2017-02-24,8.162613868713379,8.168802497186315,8.144048573474663,8.162613868713379
2017-02-27,8.137863523219,8.16880608900903,8.113109588623047,8.113109588623047
2017-02-28,8.137863397476128,8.156429290771484,8.106921422344554,8.156429290771484
2017-03-01,8.125487088839629,8.137863761409687,8.094544522143927,8.131675720214844
2017-03-02,8.094548360233503,8.100736994543103,8.045040466117998,8.075983047485352
2017-03-03,8.088359725923901,8.094548360233503,8.026475153369846,8.075983047485352
2017-03-06,8.069788810858274,8.100731370744267,8.051223510998776,8.088354110717773
2017-03-07,8.07597780073916,8.100731731714948,8.063600540161133,8.063600540161133
2017-03-08,8.032662042262439,8.05741657594071,8.014096732184301,8.026473999023438
2017-03-09,8.014095806494499,8.026473071903967,7.9274573093502285,7.970776557922363
2017-03-10,7.976962929225132,7.995528231895726,7.908889169132403,7.939831733703613
2017-03-13,7.975916250519384,7.975916250519384,7.926144588529014,7.957252025604248
2017-03-14,7.938588111878341,7.957252337525105,7.932366505554406,7.951030731201172
2017-03-15,7.944809017446064,8.056794954774192,7.919922594345388,8.050573348999023
2017-03-16,8.03813587368135,8.081685955321497,7.982142572529526,8.00080680847168
2017-03-17,8.000801252230836,8.025687080646602,7.994580240120607,8.007022857666016
2017-03-20,8.02568893003078,8.081682205200195,8.013246309618182,8.081682205200195
2017-03-21,8.081686057434839,8.100350886938188,8.05680021142241,8.069243431091309
2017-03-22,8.07545807189055,8.094122886657715,8.044351233928412,8.094122886657715
2017-03-23,8.094123996100224,8.106566614325578,8.0319091249985,8.050573348999023
2017-03-24,8.056795120239258,8.069238332045147,8.031909289952477,8.056795120239258
2017-03-27,8.069239584787596,8.094125418937882,8.063017977918753,8.081682205200195
2017-03-28,8.08168095052604,8.094124162331928,8.050573514336314,8.056795120239258
2017-03-29,8.063017977918753,8.112789646219325,8.05679637104991,8.081682205200195
2017-03-30,8.100347025806725,8.13767548036961,8.069239584787596,8.081682205200195
2017-03-31,8.10034494770221,8.125230775468156,8.075458526611328,8.075458526611328
2017-04-03,8.094127817556972,8.112792050369386,8.06302036731944,8.100349426269531
2017-04-04,8.119013659081945,8.125235267794503,8.069241976032,8.100349426269531
2017-04-05,8.075462991419295,8.119013659081945,8.069241976032,8.100349426269531
2017-04-06,8.106568008832147,8.15011866342501,8.081682174775548,8.14389705657959
2017-04-07,8.175002070218264,8.187444686889648,8.16255886022197,8.187444686889648
2017-04-10,8.199888997335627,8.255882263183594,8.187445785669418,8.255882263183594
2017-04-11,8.23963006360681,8.270887666588784,8.214623623500895,8.220874786376953
2017-04-12,8.21462943808078,8.252138826689729,8.195874147575323,8.233384132385254
2017-04-13,8.245877934038909,8.245877934038909,8.202116830376788,8.227123260498047
2017-04-17,8.220870149757026,8.227121905307618,8.195863723754883,8.195863723754883
2017-04-18,8.208367234856066,8.227121905307618,8.195863723754883,8.195863723754883
2017-04-19,8.195864502229282,8.220870930606631,8.189613342285156,8.189613342285156
2017-04-20,8.170863679934872,8.208373646336867,8.170863679934872,8.177115440368652
2017-04-21,8.195870125469305,8.220876571003739,8.158360755268001,8.177115440368652
2017-04-24,8.15835737104689,8.177112048367793,8.12709917804509,8.170860290527344
2017-04-25,8.158355874966587,8.158355874966587,8.095839500427246,8.095839500427246
2017-04-26,8.08334351737086,8.1271046593678,8.08334351737086,8.114601135253906
2017-04-27,8.1083443601746,8.133350794902492,8.095840844710438,8.12709903717041
2017-04-28,8.145853822747787,8.152105580563202,8.120847387686567,8.139602661132812
2017-05-01,8.158358997856606,8.189617197091419,8.13335255770887,8.152107238769531
2017-05-02,8.152103401618994,8.189613342285156,8.127096973241647,8.189613342285156
2017-05-03,8.183361053466797,8.195863968741486,8.139599955705021,8.183361053466797
2017-05-04,8.170862980103932,8.183366499900572,8.139605373013607,8.16461181640625
2017-05-05,8.170859729067976,8.202117919921875,8.158356810446659,8.202117919921875
2017-05-08,8.195869423496573,8.195869423496573,8.145856536711289,8.16461181640625
2017-05-09,8.152105471898302,8.164608987362465,8.12709903717041,8.12709903717041
2017-05-10,8.14845703691563,8.161021809196013,8.091914063779186,8.10447883605957
2017-05-11,8.10448098396527,8.142176509096526,8.10448098396527,8.135893821716309
2017-05-12,8.148459792471478,8.205002784729004,8.148459792471478,8.205002784729004
2017-05-15,8.179873464947644,8.236415863809137,8.17359077646854,8.217568397521973
2017-05-16,8.211286667929457,8.211286667929457,8.17359173095324,8.179874420166016
2017-05-17,8.205001834383689,8.223849296569824,8.205001834383689,8.223849296569824
2017-05-18,8.23641286352755,8.23641286352755,8.167305112881756,8.173587799072266
2017-05-19,8.16731070790375,8.186158180236816,8.148463235570684,8.186158180236816
2017-05-22,8.17359173095324,8.211286667929457,8.17359173095324,8.179874420166016
2017-05-23,8.205002784729004,8.223850249098149,8.186154721209768,8.205002784729004
2017-05-24,8.230131983681876,8.236414071643908,8.217566609457773,8.223849296569824
2017-05-25,8.211285709042867,8.230133774480183,8.198720931234808,8.217568397521973
2017-05-26,8.23641586303711,8.242698551515625,8.205003618944831,8.23641586303711
2017-05-30,8.230133891446963,8.248981358001988,8.21128582574178,8.242698669433594
2017-05-31,8.255266067631098,8.280396228906904,8.230135906355294,8.267830848693848
2017-06-01,8.292960166931152,8.318090325652298,8.2803953871457,8.292960166931152
2017-06-02,8.318087336411997,8.324370023622057,8.267827037031564,8.286674499511719
2017-06-05,8.286678319863125,8.292961009969654,8.267830848693848,8.267830848693848
2017-06-06,8.286674499511719,8.299239873931842,8.274109724241626,8.286674499511719
2017-06-07,8.28667390474946,8.311804052636,8.28667390474946,8.305521965026855
2017-06-08,8.305527678495087,8.33065784366896,8.299244987414019,8.32437515258789
2017-06-09,8.299239995968488,8.336935520633123,8.299239995968488,8.31180477142334
2017-06-12,8.314327295183826,8.32064052035229,8.282761771403795,8.295388221740723
2017-06-13,8.295388221740723,8.314327295183826,8.263822697960691,8.295388221740723
2017-06-14,8.314327295183826,8.326953143458464,8.276448546235331,8.295388221740723
2017-06-15,8.270143436511477,8.308021617809812,8.270143436511477,8.289082527160645
2017-06-16,8.308014070015362,8.33326636862693,8.282761771403795,8.295388221740723
2017-06-19,8.308016018015993,8.320642471313477,8.282763713483456,8.320642471313477
2017-06-20,8.320644314831693,8.345896624959119,8.308017858736697,8.339583396911621
2017-06-21,8.35852136471809,8.371147819129854,8.320643205607764,8.352208137512207
2017-06-22,8.339583396911621,8.371148935086545,8.308017858736697,8.339583396911621
2017-06-23,8.32696077019102,8.364839553833008,8.32696077019102,8.364839553833008
2017-06-26,8.364839553833008,8.383778644622582,8.352213091931398,8.364839553833008
2017-06-27,8.364835803183844,8.371149031303904,8.339583492766169,8.34589672088623
2017-06-28,8.364835834966302,8.383774917335876,8.33958352445268,8.371149063110352
2017-06-29,8.358524215103168,8.358524215103168,8.257514953613281,8.257514953613281
2017-06-30,8.289077723483924,8.314330030402907,8.244886336891327,8.263825416564941
2017-07-03,8.289074996572259,8.352205442070032,8.276448546235331,8.295388221740723
2017-07-05,8.282764496238556,8.289077723483924,8.225946655155225,8.263825416564941
2017-07-06,8.244890908304361,8.257516767733067,8.232264446812835,8.251203536987305
2017-07-07,8.244889096958389,8.276454039626962,8.232262638240808,8.257514953613281
2017-07-10,8.26383015430984,8.33958711849909,8.257516923445028,8.333273887634277
2017-07-11,8.308022591415241,8.36484047208399,8.308022591415241,8.314335823059082
2017-07-12,8.339699893325756,8.371409900735202,8.314332008361816,8.314332008361816
2017-07-13,8.33335704452812,8.365066442054221,8.295304920751612,8.327014923095703
2017-07-14,8.346041345539868,8.377751350402832,8.333357706485504,8.377751350402832
2017-07-17,8.314330637064902,8.377750641423823,8.307989120483398,8.307989120483398
2017-07-18,8.31433433411019,8.352386474609375,8.307992814708872,8.352386474609375
2017-07-19,8.346044350389802,8.352386474609375,8.327018582549336,8.352386474609375
2017-07-20,8.352382079594301,8.358724200476656,8.32067208000046,8.33969783782959
2017-07-21,8.346038865634346,8.37140674102341,8.327013110297012,8.36506462097168
2017-07-24,8.346042015771262,8.365067778289696,8.307990490734396,8.314332008361816
2017-07-25,8.314331779677678,8.333358146490882,8.295306017682545,8.301648139953613
2017-07-26,8.314329959118105,8.33969783782959,8.30164632217133,8.33969783782959
2017-07-27,8.339698517844873,8.346040639244363,8.307989120483398,8.307989120483398
2017-07-28,8.327014200882815,8.358724200476656,8.307988443053684,8.33969783782959
2017-07-31,8.346038865634346,8.36506462097168,8.327013110297012,8.36506462097168
2017-08-01,8.377753106324167,8.403120994567871,8.314333083305822,8.403120994567871
2017-08-02,8.403120617015043,8.428488504118967,8.371410606930604,8.415804862976074
2017-08-03,8.40946281656912,8.466540714277212,8.40946281656912,8.453856468200684
2017-08-04,8.428486200759465,8.466538323425432,8.39677619934082,8.39677619934082
2017-08-07,8.396775105615891,8.441169343746594,8.396775105615891,8.42214298248291
2017-08-08,8.434830703904034,8.453856468200684,8.415804939607384,8.453856468200684
2017-08-09,8.466595653686513,8.466595653686513,8.37103612607565,8.39651870727539
2017-08-10,8.409260507189403,8.409260507189403,8.332812756198457,8.34555435180664
2017-08-11,8.339184740335206,8.434744290780014,8.294590364468002,8.409261703491211
2017-08-14,8.422002891976234,8.434743881225586,8.364666921472214,8.434743881225586
2017-08-15,8.402888194926629,8.428370773997534,8.371035426752455,8.39014720916748
2017-08-16,8.390149507523692,8.434743881225586,8.377407910721566,8.434743881225586
2017-08-17,8.422002891976234,8.434743881225586,8.409261295174108,8.434743881225586
2017-08-18,8.422003746032715,8.434744736574102,8.390150358349992,8.422003746032715
2017-08-21,8.428373815523065,8.479339599609375,8.415632825166108,8.479339599609375
2017-08-22,8.47933899941749,8.511191776831662,8.466597402409592,8.485709190368652
2017-08-23,8.511192067489427,8.517562866210938,8.472968490265966,8.517562866210938
2017-08-24,8.485708389548984,8.492079187451703,8.447484817238125,8.466596603393555
2017-08-25,8.466597010943966,8.472967809153351,8.42837282924041,8.44111442565918
2017-08-28,8.441114019335405,8.466596603393555,8.428372423529968,8.466596603393555
2017-08-29,8.466597691544454,8.517562866210938,8.466597691544454,8.517562866210938
2017-08-30,8.48570979101144,8.498451388921223,8.453857011342635,8.479339599609375
2017-08-31,8.49845013913127,8.511191127614525,8.43474337405678,8.447484970092773
2017-09-01,8.466595397157759,8.479336991147903,8.453854410720258,8.472966194152832
2017-09-05,8.472969212114947,8.485710203090624,8.434745024082195,8.453857421875
2017-09-06,8.453855615140844,8.492079187451703,8.453855615140844,8.466596603393555
2017-09-07,8.47296820091354,8.511191776831662,8.460226603905642,8.485709190368652
2017-09-08,8.479340011379215,8.498451801619161,8.453857421875,8.453857421875
2017-09-11,8.460226467277066,8.485709053328545,8.434743881225586,8.434743881225586
2017-09-12,8.434746631818138,8.492343632298155,8.434746631818138,8.466744422912598
2017-09-13,8.473144836779129,8.517942846118254,8.460345841481372,8.479544639587402
2017-09-14,8.498742788570677,8.505142590890141,8.47314418961156,8.485943794250488
2017-09-15,8.505138147439665,8.511537946415599,8.466739963902484,8.473139762878418
2017-09-18,8.473144836779129,8.492344245203949,8.447546235864825,8.479544639587402
2017-09-19,8.460340524899722,8.473139512154441,8.441141128540039,8.441141128540039
2017-09-20,8.441141497757503,8.473139882771521,8.415542911809975,8.421942710876465
2017-09-21,8.428341334783175,8.428341334783175,8.377144170026515,8.383543968200684
2017-09-22,8.389944076538086,8.415542661724901,8.389944076538086,8.389944076538086
2017-09-25,8.409143355244042,8.441141128540039,8.409143355244042,8.441141128540039
2017-09-26,8.453940844664327,8.453940844664327,8.389944076538086,8.389944076538086
2017-09-27,8.370746675972413,8.389945465461206,8.332349096994827,8.345148086547852
2017-09-28,8.325948285404317,8.370745658874512,8.325948285404317,8.370745658874512
2017-09-29,8.402745440587553,8.402745440587553,8.325949668884277,8.325949668884277
2017-10-02,8.345148150166587,8.36434693980174,8.293950970927165,8.319549560546875
2017-10-03,8.300350834579545,8.313149824328317,8.268352444729834,8.293951034545898
2017-10-04,8.27475224476348,8.300350834579545,8.249153654947415,8.293951034545898
2017-10-05,8.293951034545898,8.293951034545898,8.268352444729834,8.293951034545898
2017-10-06,8.28115137095805,8.319549560546875,8.268352381307453,8.319549560546875
2017-10-09,8.319549868662703,8.338748659008886,8.306750268219552,8.325949668884277
2017-10-10,8.325949668884277,8.325949668884277,8.300351078316519,8.325949668884277
2017-10-11,8.319549898034726,8.325949698278896,8.300351107620761,8.306750297546387
2017-10-12,8.322818756103516,8.329245790368299,8.30353826622489,8.322818756103516
2017-10-13,8.322824023920562,8.374239104749844,8.316396985587874,8.335678100585938
2017-10-16,8.335670966344464,8.34852441909286,8.297109382268106,8.303536415100098
2017-10-17,8.29068161794259,8.303535682472448,8.277828166328266,8.29710865020752
2017-10-18,8.28425407409668,8.29068049257376,8.252119530049482,8.28425407409668
2017-10-19,8.297115685569985,8.303542723284583,8.23284714717216,8.252127647399902
2017-10-20,8.21355824531123,8.21355824531123,8.155716186562167,8.1942777633667
2017-10-23,8.174998742225151,8.207133293151855,8.174998742225151,8.207133293151855
2017-10-24,8.1942777633667,8.2071318266067,8.187850731746698,8.1942777633667
2017-10-25,8.17500385606127,8.17500385606127,8.117161750793457,8.117161750793457
2017-10-26,8.110728632624921,8.136436147589045,8.040033119702455,8.046460151672363
2017-10-27,8.040033783017874,8.091448817187942,8.007899233432692,8.027179718017578
2017-10-30,8.046460151672363,8.06574063466658,8.040033119702455,8.046460151672363
2017-10-31,8.06574176065033,8.07859521346899,8.04646127496454,8.059314727783203
2017-11-01,8.06574176065033,8.06574176065033,8.03360720923029,8.059314727783203
2017-11-02,8.052888204073586,8.072169303894043,8.040034750442244,8.072169303894043
2017-11-03,8.052887013289656,8.065741077935892,8.020752464589604,8.03360652923584
2017-11-06,8.04646127496454,8.059314727783203,8.014326723544501,8.059314727783203
2017-11-07,8.059315237347072,8.091449790798872,8.04646178371573,8.072169303894043
2017-11-08,8.078594479106668,8.104301995322711,8.046460543523265,8.052886962890625
2017-11-09,8.046461824960055,8.059315278657282,8.00790023803711,8.00790023803711
2017-11-10,7.969341530503022,7.988622637388732,7.956488072161734,7.975768566131592
2017-11-13,7.975767388995527,8.001474914799806,7.975767388995527,7.982194423675537
2017-11-14,7.998332409112657,8.017698658494362,7.959599294707278,7.966054916381836
2017-11-15,7.978967073482827,8.0177001953125,7.966056443300993,8.0177001953125
2017-11-16,8.00478401478005,8.056427734954758,8.00478401478005,8.043517112731934
2017-11-17,8.049973706962495,8.062884330749512,8.004784984603488,8.062884330749512
2017-11-20,8.0499759800981,8.0499759800981,8.00478724497879,8.011242866516113
2017-11-21,8.017698503401967,8.037064752409057,8.011242881852285,8.030609130859375
2017-11-22,8.024155266146074,8.024155266146074,7.97896652451352,8.004788398742676
2017-11-24,8.00478894948858,8.0177001953125,7.998333942218706,8.0177001953125
2017-11-27,8.024153021761544,8.024153021761544,7.933776179417206,7.940231800079346
2017-11-28,7.933780395974205,7.94669164416041,7.901502891150892,7.9273247718811035
2017-11-29,7.882133283985519,7.907955153739398,7.862767035580593,7.888588905334473
2017-11-30,7.901500776905487,7.920867644002701,7.875678903084569,7.914412021636963
2017-12-01,7.9466854891175425,7.953140492568774,7.907952390201545,7.920863628387451
2017-12-04,7.907952390201545,7.927318631838682,7.888586148564406,7.920863628387451
2017-12-05,7.9144110060240775,8.02415410959076,7.9144110060240775,8.011242866516113
2017-12-06,8.011241373133256,8.088706970214844,8.011241373133256,8.088706970214844
2017-12-07,8.069340308764998,8.088706553126327,8.043518444402622,8.08225154876709
2017-12-08,8.075799014604385,8.075799014604385,7.985422146981319,8.004788398742676
2017-12-11,7.9918828678435485,8.030615396075545,7.9918828678435485,8.024160385131836
2017-12-12,7.988492117975269,8.02091307085488,7.9820084221019405,8.00794506072998
2017-12-13,8.007947168542081,8.066304157031928,7.9755262071287865,8.053336143493652
2017-12-14,8.053336143493652,8.053336143493652,8.014430866122016,8.053336143493652
2017-12-15,8.05332861134552,8.059812921239189,7.994971059058145,8.014423370361328
2017-12-18,7.994974613189697,8.040363565867196,7.994974613189697,7.994974613189697
2017-12-19,7.96903677585042,7.988489092860604,7.9560687706363,7.975521087646484
2017-12-20,7.943105505287672,7.956074137628153,7.93013687294719,7.936621189117432
2017-12-21,7.936619121003599,8.014429039635603,7.930134806523032,8.001461029052734
2017-12-22,8.014429039635603,8.014429039635603,7.9625557605476,8.001461029052734
2017-12-26,7.982003057648632,8.027391990148667,7.9560664364517795,8.014423370361328
2017-12-27,8.007942985667146,8.059816249481536,8.007942985667146,8.040363311767578
2017-12-28,8.027395529488492,8.053332162121004,8.02091121673584,8.02091121673584
2017-12-29,8.014426679860383,8.046847624338897,8.007942985667146,8.040363311767578
2018-01-02,8.040361344656327,8.046845655641231,8.007941026487675,8.027393341064453
2018-01-03,8.066301894317013,8.11169147491455,8.046849570277056,8.11169147491455
2018-01-04,8.105202496466617,8.105202496466617,8.066297252397312,8.072781562805176
2018-01-05,8.066298878401113,8.098719818597965,8.059815185064144,8.079267501831055
2018-01-08,8.085752824712074,8.098720831385732,8.06629988713447,8.092236518859863
2018-01-09,8.066298706121957,8.092235334049887,8.040362078194027,8.046846389770508
2018-01-10,8.02739738510645,8.04036539523135,8.00146074647841,8.00794506072998
2018-01-11,8.027393341064453,8.053329966626134,8.02090903007955,8.027393341064453
2018-01-12,8.027397668596736,8.040365679179605,7.9690400750281665,8.001461029052734
2018-01-16,8.01442974937553,8.01442974937553,7.982009410858155,7.982009410858154
2018-01-17,7.982006439050972,7.982006439050972,7.96255350112915,7.96255350112915
2018-01-18,7.9560698068666325,7.982006439050972,7.943101181585418,7.96255350112915
2018-01-19,7.975521788170669,7.975521788170669,7.943100844720686,7.956069469451904
2018-01-22,7.975521788170669,7.982006100536277,7.936616532355077,7.956069469451904
2018-01-23,7.965835725471728,7.978862738304348,7.9528093338012695,7.9528093338012695
2018-01-24,7.959325193441186,7.965838080620911,7.900704860687256,7.900704860687256
2018-01-25,7.881168842315674,7.913735157756837,7.874655330762381,7.881168842315674
2018-01-26,7.87464743622465,7.881160941247985,7.855107542316671,7.8616204261779785
2018-01-29,7.829057480693563,7.835570367331132,7.750896629419807,7.763923645019531
2018-01-30,7.711820125579835,7.75089994678046,7.666226793791585,7.711820125579834
2018-01-31,7.718332130665386,7.750898434926156,7.7053051120311284,7.731358528137207
2018-02-01,7.750898595585211,7.776952012231319,7.705305271745135,7.718332290649414
2018-02-02,7.666224479675294,7.692277892998781,7.6466839538109,7.666224479675293
2018-02-05,7.666225813567276,7.666225813567276,7.594578448589558,7.6336588859558105
2018-02-06,7.607604144406854,7.6727373671343875,7.594577127163924,7.666224479675293
2018-02-07,7.666223388298096,7.744383617141531,7.666223388298096,7.705303192138672
2018-02-08,7.705306614992211,7.724846525592524,7.666226793791585,7.711820125579834
2018-02-09,7.71181995530534,7.71181995530534,7.6792530242488475,7.698792934417725
2018-02-12,7.711821391428208,7.724847793579102,7.692281477620538,7.724847793579102
2018-02-13,7.711821008444354,7.783467769622803,7.698793985777748,7.783467769622803
2018-02-14,7.77365046964092,7.77365046964092,7.734389334486128,7.7540202140808105
2018-02-15,7.734389334486128,7.760563216577798,7.721302705457579,7.7540202140808105
2018-02-16,7.747476587549249,7.77365046964092,7.7409329610176885,7.7540202140808105
2018-02-20,7.7540202140808105,7.7540202140808105,7.734389334486128,7.7540202140808105
2018-02-21,7.740932951235497,7.754020204282081,7.740932951235497,7.747476577758789
2018-02-22,7.7343893999413185,7.754020279702135,7.6754980087280265,7.675498008728027
2018-02-23,7.682042323975539,7.721303462982178,7.682042323975539,7.721303462982178
2018-02-26,7.7278463222234866,7.754020204282081,7.7278463222234866,7.747476577758789
2018-02-27,7.747477347641725,7.747477347641725,7.69512957832263,7.721303462982178
2018-02-28,7.721300613522556,7.73438723900554,7.701670363280877,7.72784423828125
2018-03-01,7.734388828277588,7.740932454380874,7.70167194583022,7.734388828277588
2018-03-02,7.708213364005168,7.73438723900554,7.68858311376349,7.72784423828125
2018-03-05,7.721298029316252,7.740928272987972,7.695124163075892,7.701667785644531
2018-03-06,7.708216208635086,7.721303462982178,7.69512957832263,7.721303462982178
2018-03-07,7.714756988763861,7.72784423828125,7.714756988763861,7.72784423828125
2018-03-08,7.72784165188489,7.734384650419334,7.701667785644531,7.701667785644531
2018-03-09,7.688584693623646,7.740932454380874,7.688584693623646,7.734388828277588
2018-03-12,7.734388639566659,7.734388639566659,7.695128131973919,7.70821475982666
2018-03-13,7.714759835808632,7.7278470901557235,7.688585951149085,7.721303462982178
2018-03-14,7.718016984501136,7.7311655258748395,7.69172052871069,7.724591255187988
2018-03-15,7.704862817507733,7.711436455903048,7.678566383057118,7.691714286804199
2018-03-16,7.671992117705351,7.698288552155966,7.671992117705351,7.691714286804199
2018-03-19,7.671997745853344,7.678572016027969,7.652275562286377,7.652275562286377
2018-03-20,7.658849205504091,7.665423475678717,7.632552751762499,7.652275562286377
2018-03-21,7.632552310291616,7.665423032306574,7.619404397659758,7.658848762512207
2018-03-22,7.652275562286377,7.671997745853344,7.632552751762499,7.652275562286377
2018-03-23,7.658848598569319,7.658848598569319,7.606255695253923,7.632552146911621
2018-03-26,7.612829897864525,7.6719970703125,7.5996819856298945,7.6719970703125
2018-03-27,7.671998384002653,7.691720569210092,7.6391276573522795,7.678572654724121
2018-03-28,7.678569601199901,7.704866046671543,7.665421064985723,7.698291778564453
2018-03-29,7.711440528005508,7.718014796828883,7.6851440796687935,7.704866886138916
2018-04-02,7.724593281047501,7.731167553458529,7.698296818360519,7.718019008636475
2018-04-03,7.698294839931559,7.724591295860465,7.67857265472412,7.678572654724121
2018-04-04,7.678566742281525,7.744307518005372,7.678566742281525,7.744307518005371
2018-04-05,7.711438378087092,7.764031887054443,7.711438378087092,7.764031887054443
2018-04-06,7.764034501849134,7.783756682506106,7.7377380519875665,7.750885963439941
2018-04-09,7.750881783664701,7.7640303149833585,7.711436816665208,7.744307518005371
2018-04-10,7.737738247947752,7.757460429104193,7.73116397857666,7.73116397857666
2018-04-11,7.7311655258748395,7.750887710978435,7.711442713814284,7.724591255187988
2018-04-12,7.724593281047501,7.737741825869556,7.718019008636475,7.718019008636475
2018-04-13,7.724591255187988,7.737739796561692,7.704869070084393,7.724591255187988
2018-04-16,7.7146806716918945,7.734495599265673,7.708075485865572,7.7146806716918945
2018-04-17,7.7146806716918945,7.721285227613027,7.708075485865572,7.7146806716918945
2018-04-18,7.71467840500376,7.721282958984375,7.688258299366281,7.721282958984375
2018-04-19,7.688261508941651,7.714681625608587,7.668445949012497,7.68826150894165
2018-04-20,7.688262061242728,7.7080769926900565,7.688262061242728,7.70147180557251
2018-04-23,7.6816563222986,7.694866065679434,7.668445949012497,7.68826150894165
2018-04-24,7.694867542366091,7.701472730276714,7.655237674713136,7.655237674713135
2018-04-25,7.642022563148781,7.648627746966187,7.6089979038717495,7.6222076416015625
2018-04-26,7.642027259399102,7.6618428230285645,7.615607137798536,7.6618428230285645
2018-04-27,7.655237635152077,7.681657756752642,7.655237635152077,7.6618428230285645
2018-04-30,7.708081304840232,7.708081304840232,7.661846228962629,7.675055980682373
2018-05-01,7.688262061242728,7.70147180557251,7.675051687007634,7.70147180557251
2018-05-02,7.721286737019838,7.721286737019838,7.70147180557251,7.70147180557251
2018-05-03,7.701468037232518,7.747703064621854,7.701468037232518,7.721282958984375
2018-05-04,7.734494245644464,7.754309169750414,7.721283876303778,7.727889060974121
2018-05-07,7.721285706246302,7.741101264953614,7.714681149915761,7.741101264953613
2018-05-08,7.721285744101875,7.74770585926926,7.721285744101875,7.734496116638184
2018-05-09,7.72789041343935,7.747705341013129,7.701470300039249,7.7146806716918945
2018-05-10,7.7477068125752995,7.7609171867370605,7.727891881237968,7.7609171867370605
2018-05-11,7.760920088995524,7.780735027742812,7.75431489944458,7.75431489944458
2018-05-14,7.744361675346914,7.764269882782549,7.731089115142821,7.731089115142822
2018-05-15,7.724448570582809,7.737720489501953,7.711176018793562,7.737720489501953
2018-05-16,7.744361675346914,7.750997955448961,7.724453467911279,7.731089115142822
2018-05-17,7.724449059179407,7.7310847026236535,7.697904586791992,7.697904586791992
2018-05-18,7.697908980373598,7.731089115142821,7.697908980373598,7.731089115142822
2018-05-21,7.731087888831143,7.750996725979325,7.711179684553365,7.744360446929932
2018-05-22,7.7310847026236535,7.7310847026236535,7.697904586791992,7.697904586791992
2018-05-23,7.711180824250193,7.731089031470365,7.704544544219971,7.704544544219971
2018-05-24,7.731082414195983,7.7708994274262,7.72444677271591,7.764263153076172
2018-05-25,7.764265193788359,7.797445941389573,7.750993274469947,7.757628917694092
2018-05-29,7.790810793210488,7.804083347320557,7.7775388719706315,7.804083347320557
2018-05-30,7.784176642524689,7.823993682861328,7.764268438791562,7.823993682861328
2018-05-31,7.857174444330131,7.877082648063258,7.804085479128202,7.823993682861328
2018-06-01,7.837256431579589,7.837256431579589,7.797439441077423,7.83725643157959
2018-06-04,7.837266240597004,7.850538165462293,7.810721757996039,7.823993682861328
2018-06-05,7.837263240896904,7.843898884354574,7.817354411913464,7.830626964569092
2018-06-06,7.830620161017629,7.837256431579589,7.8173476198937095,7.83725643157959
2018-06-07,7.837256431579589,7.843892069271956,7.823983890455669,7.83725643157959
2018-06-08,7.830620161017629,7.857164610395875,7.823983890455669,7.83725643157959
2018-06-11,7.823997082956129,7.830633364707913,7.777544376434965,7.790816307067871
2018-06-12,7.780808640137079,7.82081244133297,7.780808640137079,7.814145565032959
2018-06-13,7.8274820588344785,7.8274820588344785,7.767475705051817,7.774143218994141
2018-06-14,7.774141514650638,7.787476539611816,7.754139613057857,7.787476539611816
2018-06-15,7.780809027131227,7.787476539611816,7.760807125538446,7.787476539611816
2018-06-18,7.774143218994141,7.794145124971986,7.767475705051817,7.774143218994141
2018-06-19,7.787478885113636,7.84081772932544,7.787478885113636,7.8274827003479
2018-06-20,7.814148307219538,7.83415021483667,7.807480792730768,7.8274827003479
2018-06-21,7.8208151858591295,7.84081772932544,7.8208151858591295,7.8274827003479
2018-06-22,7.82081413269043,7.84748418705406,7.814147254948615,7.82081413269043
2018-06-25,7.827479953481938,7.834147465630905,7.814145565032959,7.814145565032959
2018-06-26,7.814145565032959,7.827479953481938,7.807478052883992,7.814145565032959
2018-06-27,7.8274827003478995,7.8274827003478995,7.794145763753227,7.8274827003479
2018-06-28,7.807480792730768,7.84081772932544,7.807480792730768,7.8274827003479
2018-06-29,7.84081772932544,7.854152122453802,7.8274827003478995,7.8274827003479
2018-07-02,7.84748125076294,7.900820067834236,7.84748125076294,7.8474812507629395
2018-07-03,7.840815530395896,7.867484945022454,7.840815530395896,7.8608174324035645
2018-07-05,7.854148126010211,7.874150659298588,7.840813739666814,7.8474812507629395
2018-07-06,7.827478717474563,7.860815637106336,7.827478717474563,7.8474812507629395
2018-07-09,7.85414936622885,7.874151902675752,7.800810540735025,7.814145565032959
2018-07-10,7.827483375024437,7.86082031449253,7.807481465683274,7.840818405151367
2018-07-11,7.860819636942573,7.860819636942573,7.807480792730768,7.8274827003479
2018-07-12,7.820811467165532,7.854148387908935,7.820811467165532,7.8541483879089355
2018-07-13,7.860817894332819,7.880819797515869,7.854150381322124,7.880819797515869
2018-07-16,7.8908694654102165,7.917663564286143,7.8908694654102165,7.904266834259033
2018-07-17,7.910963875591741,7.944456013114118,7.910963875591741,7.937757968902588
2018-07-18,7.937756553495008,7.9645506420281125,7.931057871656367,7.95115327835083
2018-07-19,7.957852840423583,7.957852840423583,7.937757431506327,7.957852840423584
2018-07-20,7.964549154431372,7.998041279726088,7.951151793256411,7.97124719619751
2018-07-23,7.964550912964952,7.991345002409533,7.957852230898435,7.984646320343018
2018-07-24,7.97794878945807,8.011441565802022,7.937757968902588,7.937757968902588
2018-07-25,7.937757968902588,7.937757968902588,7.924360602836377,7.937757968902588
2018-07-26,7.931056275411641,7.937754955902071,7.877468109130859,7.877468109130859
2018-07-27,7.897563511780819,7.917658914430779,7.864070748149998,7.877468109130859
2018-07-30,7.877470507038865,7.890867233276368,7.843977733212817,7.890867233276367
2018-07-31,7.924363613128662,7.924363613128662,7.897569509639322,7.924363613128662
2018-08-01,7.917661919803272,7.937757968902588,7.904265192558635,7.937757968902588
2018-08-02,7.924364262418402,7.964555740356444,7.910967528986967,7.964555740356445
2018-08-03,7.9511552608098475,7.971250672514693,7.92436116559618,7.944456577301025
2018-08-06,7.944456577301025,7.99804476772836,7.944456577301025,7.944456577301025
2018-08-07,7.924363613128662,7.951157716618002,7.917664927550873,7.924363613128662
2018-08-08,7.917661919803272,7.937757968902588,7.904265192558635,7.937757968902588
2018-08-09,7.917659670268714,7.9377557136584205,7.910961627960205,7.910961627960205
2018-08-10,7.904264657429878,7.96455152300318,7.904264657429878,7.957852840423584
2018-08-13,7.974679230731412,7.974679230731412,7.9343008269550985,7.954489707946777
2018-08-14,7.947757720947266,7.974676433424781,7.934298043812143,7.947757720947266
2018-08-15,7.954488109166184,7.974677627892906,7.941029071807861,7.941029071807861
2018-08-16,7.9679473057211165,7.9679473057211165,7.914109875962957,7.9275689125061035
2018-08-17,7.9477541955322035,7.9477541955322035,7.920835494995117,7.920835494995117
2018-08-20,7.941033284140326,7.974681858074306,7.941033284140326,7.961222171783447
2018-08-21,7.947763127285756,7.974681858074306,7.947763127285756,7.961222171783447
2018-08-22,7.961222171783448,7.974681858074306,7.934303440994897,7.961222171783447
2018-08-23,7.941028057253238,7.988135644678088,7.941028057253238,7.974676609039307
2018-08-24,8.008325648677896,8.008325648677896,7.981406931810466,8.001596450805664
2018-08-27,7.994866306808913,8.028514862060547,7.994866306808913,8.028514862060547
2018-08-28,8.00832534383388,8.028514862060547,7.994866306808913,8.028514862060547
2018-08-29,8.055433884540523,8.055433884540523,8.001596450805664,8.001596450805664
2018-08-30,7.988137484563274,8.041974923104112,7.981407644297446,7.994867324829102
2018-08-31,8.048704763369939,8.048704763369939,7.974678445824511,7.994867324829102
2018-09-04,7.988137484563274,8.00159716509493,7.974678445824511,7.994867324829102
2018-09-05,8.001600588862857,8.00832979021512,7.941033284140326,7.961222171783447
2018-09-06,7.947758911383436,7.961217948741758,7.927569392656713,7.941029071807861
2018-09-07,7.967943060486907,7.967943060486907,7.9073758238303515,7.920835494995117
2018-09-10,7.927571461052718,7.967949867248536,7.927571461052718,7.967949867248535
2018-09-11,7.954486917722097,7.96794659485722,7.9410278823797045,7.947757720947266
2018-09-12,7.941028590842037,7.947758430010004,7.914109875962957,7.9275689125061035
2018-09-13,7.944474919220691,7.951236329223944,7.910668514007979,7.9174299240112305
2018-09-14,7.917425965032966,7.930948133474385,7.9106645584106445,7.9106645584106445
2018-09-17,7.89714890076031,7.90390966815331,7.822774656203497,7.849819660186768
2018-09-18,7.836292145787872,7.843053553381582,7.7889635822385355,7.816008567810059
2018-09-19,7.870103149277193,7.870103149277193,7.761922498815313,7.768683910369873
2018-09-20,7.80924925960061,7.80924925960061,7.748397864504987,7.802487850189209
2018-09-21,7.836291735277273,7.836291735277273,7.748395375573516,7.782201766967773
2018-09-24,7.77544090585412,7.8092472996228475,7.741634512085393,7.748395919799805
2018-09-25,7.748396947722567,7.755158356333965,7.701068377049613,7.714590549468994
2018-09-26,7.680782583930627,7.734872552177772,7.680782583930627,7.707827568054199
2018-09-27,7.70106825894105,7.741635420380441,7.69430685043335,7.69430685043335
2018-09-28,7.728110626071277,7.741632793695289,7.701065646020065,7.7348713874816895
2018-10-01,7.734875706057573,7.741637116046238,7.707830710906459,7.721353530883789
2018-10-02,7.721349219857677,7.741632793695289,7.721349219857677,7.7348713874816895
2018-10-03,7.72135102624525,7.72135102624525,7.653738237897812,7.7010674476623535
2018-10-04,7.674027736255224,7.674027736255224,7.6266984939575195,7.6266984939575195
2018-10-05,7.592886002186532,7.592886002186532,7.477945306626581,7.491467475891113
2018-10-08,7.498228882925011,7.518512459223443,7.464422492558784,7.491467475891113
2018-10-09,7.504989624023438,7.518511792088116,7.471183236656931,7.5049896240234375
2018-10-10,7.49823295468582,7.511755131293292,7.423858726532075,7.450904369354248
2018-10-11,7.471182113652498,7.4779435190701244,7.403569349082458,7.423852920532227
2018-10-12,7.430621286307955,7.450905521561335,7.403576284107161,7.437382698059082
2018-10-15,7.47475458100533,7.488345354940894,7.427188168318393,7.454369068145752
2018-10-16,7.474752923864915,7.495138432205058,7.461162152942402,7.481548309326172
2018-10-17,7.501933574676514,7.501933574676514,7.4815480669966625,7.501933574676514
2018-10-18,7.481552106592145,7.49514223636871,7.474756717681885,7.474756717681885
2018-10-19,7.501933574676514,7.508728959917666,7.47475268175551,7.501933574676514
2018-10-22,7.529118532876055,7.529118532876055,7.467961328771625,7.474756717681885
2018-10-23,7.4815480669966625,7.522319082356365,7.467957296514358,7.501933574676514
2018-10-24,7.515522718929705,7.542703605969234,7.4883418318901755,7.535908222198486
2018-10-25,7.508727788195358,7.542704061055582,7.501932404014613,7.529113292694092
2018-10-26,7.5291128384277375,7.549498341696518,7.4883418318901755,7.535908222198486
2018-10-29,7.508729203127571,7.535910096928972,7.461162152942402,7.481548309326172
2018-10-30,7.467956131154389,7.529113292694092,7.427185122156923,7.529113292694092
2018-10-31,7.495136235306298,7.508727002245222,7.447569847106934,7.447569847106934
2018-11-01,7.467957240832353,7.474752626022838,7.42039084058616,7.440776348114014
2018-11-02,7.427184318967627,7.433979054370074,7.40000343322754,7.400003433227539
2018-11-05,7.461165939861365,7.4883474955024045,7.420394902487715,7.474756717681885
2018-11-06,7.474750732941347,7.474750732941347,7.447569847106934,7.447569847106934
2018-11-07,7.454365561079898,7.535908222198485,7.447570177309149,7.535908222198486
2018-11-08,7.535910393075203,7.610657691955566,7.515524883933949,7.610657691955566
2018-11-09,7.6140721869632,7.620901107788086,7.5799288853222375,7.620901107788086
2018-11-12,7.620902160709253,7.661875040077741,7.607244968414307,7.607244968414307
2018-11-13,7.614073003290959,7.627730846405029,7.586757968304621,7.627730846405029
2018-11-14,7.627731219795134,7.648217334227265,7.593587261580358,7.60041618347168
2018-11-15,7.607239128132906,7.6140673934172245,7.53212234883348,7.545780181884766
2018-11-16,7.5867523785559765,7.5867523785559765,7.53212234883348,7.545780181884766
2018-11-19,7.545785329015796,7.566271441325388,7.5252992167062045,7.559442520141602
2018-11-20,7.545787574858264,7.566273693265111,7.511643610018877,7.525301456451416
2018-11-21,7.525299513104874,7.538956704768594,7.470668792724609,7.470668792724609
2018-11-23,7.4774977141773675,7.504812748746602,7.45701160106089,7.470668792724609
2018-11-26,7.484323392376552,7.5321245193481445,7.450179451150482,7.5321245193481445
2018-11-27,7.511641737690191,7.525299580718419,7.4774977813614205,7.491155624389648
2018-11-28,7.545786857504985,7.586759090423584,7.4979850507774195,7.586759090423584
2018-11-29,7.593583194641,7.689186096191406,7.586754276407081,7.689186096191406
2018-11-30,7.689190865049953,7.736992019850828,7.668704097642244,7.730163097381592
2018-12-03,7.750647364044823,7.750647364044823,7.6618733543133315,7.702845573425293
2018-12-04,7.7165052575048065,7.771135330200195,7.7165052575048065,7.771135330200195
2018-12-06,7.743818187291405,7.798448245125707,7.736989267251702,7.75747537612915
2018-12-07,7.743816267549262,7.818932415639233,7.743816267549262,7.791617393493652
2018-12-10,7.777963614846,7.866737638513175,7.777963614846,7.853079795837402
2018-12-11,7.839419573781995,7.873563518866453,7.771132334854665,7.777961254119873
2018-12-12,7.791617865438895,7.812103970478568,7.716501712799071,7.716501712799072
2018-12-13,7.706208943205505,7.747382210266405,7.630725383758545,7.630725383758545
2018-12-14,7.623863834258255,7.651312463598197,7.575828896520095,7.610139846801758
2018-12-17,7.651314701801715,7.671901670649089,7.575831112642749,7.596417427062988
2018-12-18,7.56896401612121,7.6032749548005745,7.541515396063064,7.589550971984863
2018-12-19,7.589553563082209,7.644450821940598,7.568966600190103,7.6375885009765625
2018-12-20,7.658172194916868,7.665034513538085,7.548377714684281,7.589550971984863
2018-12-21,7.589553538403538,7.651312463598197,7.5621049090635974,7.610139846801758
2018-12-24,7.603277550583332,7.6375885009765625,7.568966600190103,7.6375885009765625
2018-12-26,7.630725808431238,7.644450449690982,7.507206654801204,7.575828552246094
2018-12-27,7.651309876295651,7.658172194916868,7.582688653363645,7.589550971984863
2018-12-28,7.61700182159841,7.61700182159841,7.534655282893777,7.575828552246094
2018-12-31,7.575831615336917,7.692488495504261,7.575831615336917,7.671902179718018
2019-01-02,7.6718965021831895,7.822863578796387,7.6718965021831895,7.822863578796387
2019-01-03,7.836589678694697,7.884624607092812,7.829727359087304,7.850313663482666
2019-01-04,7.85031520645224,7.864039848364587,7.754245330773596,7.809142589569092
2019-01-07,7.829732128371651,7.8846294098164575,7.829732128371651,7.877767086029053
2019-01-08,7.891487788803056,7.946385042805796,7.891487788803056,7.932661056518555
2019-01-09,7.953251219156092,8.001286176090668,7.87090529822802,7.966975212097168
2019-01-10,7.9669734643157035,8.015009065139514,7.9669734643157035,7.980698108673096
2019-01-11,8.001279545161903,8.035590480720778,7.973830927600136,8.021865844726562
2019-01-14,8.056182189061287,8.063044511665636,7.946387645100135,8.008147239685059
2019-01-15,8.011594524565085,8.01848934209892,7.9771210944219,8.00469970703125
2019-01-16,7.984010684795,8.032273060882313,7.942643121727463,7.94953727722168
2019-01-17,7.977118764651682,8.011592184726677,7.970224606657322,7.997803211212158
2019-01-18,8.004697370096661,8.025381816659436,7.963329792022704,7.963329792022705
2019-01-22,7.977118015289307,7.9978024599067075,7.96332904307011,7.977118015289307
2019-01-23,7.977123220217174,8.052964918248165,7.963334239000917,8.046070098876953
2019-01-24,8.04606886847434,8.108120918273926,8.03917405015748,8.108120918273926
2019-01-25,8.121908195511395,8.121908195511395,8.080540609330573,8.087434768676758
2019-01-28,8.066750532178494,8.094329140625094,8.004698498792168,8.03227710723877
2019-01-29,8.052964918248165,8.052964918248165,8.025386298289485,8.046070098876953
2019-01-30,8.066751480102539,8.080541114709204,8.039172868415175,8.066751480102539
2019-01-31,8.066748623889275,8.135695457458496,8.066748623889275,8.135695457458496
2019-02-01,8.183959967467088,8.183959967467088,8.115013773554912,8.149486541748047
2019-02-04,8.149486541748047,8.163276175046025,8.121907932677995,8.149486541748047
2019-02-05,8.14948731516463,8.14948731516463,8.059856662799206,8.066751480102539
2019-02-06,8.066746982418904,8.14258861541748,8.066746982418904,8.14258861541748
2019-02-07,8.170173151347342,8.170173151347342,8.121910079572764,8.156383514404297
2019-02-08,8.170166925240892,8.183955894149921,8.14948248558898,8.177061080932617
2019-02-11,8.183959505359072,8.218432929131568,8.1770646890994,8.197749137878418
2019-02-12,8.187361393379271,8.208141974593994,8.173508333151222,8.19428825378418
2019-02-13,8.187361393379271,8.19428825378418,8.159654612341408,8.19428825378418
2019-02-14,8.194286668940682,8.208140387071074,8.187359809875488,8.187359809875488
2019-02-15,8.187361393379271,8.208141974593994,8.18043519355613,8.19428825378418
2019-02-19,8.18043519355613,8.208141974593994,8.18043519355613,8.19428825378418
2019-02-20,8.208141974593994,8.208141974593994,8.18043519355613,8.19428825378418
2019-02-21,8.17350260306937,8.201209364683246,8.166575747520573,8.180429458618164
2019-02-22,8.194284750993546,8.215064662743764,8.180431696687227,8.208138465881348
2019-02-25,8.19428825378418,8.215068174417135,8.173508333151222,8.19428825378418
2019-02-26,8.194284118737535,8.215064028884415,8.173504208590657,8.201210975646973
2019-02-27,8.201209091363848,8.22891585205435,8.194282236045902,8.215062141418457
2019-02-28,8.215062141418457,8.215062141418457,8.180429185991292,8.215062141418457
2019-03-01,8.242771431937886,8.242771431937886,8.194284750993546,8.208138465881348
2019-03-04,8.187355653585657,8.194282509134451,8.17350260306937,8.180429458618164
2019-03-05,8.173506752326736,8.201213528005878,8.173506752326736,8.187359809875488
2019-03-06,8.187359809875488,8.221993444619827,8.180433611391932,8.187359809875488
2019-03-07,8.194282868822766,8.263550106188598,8.194282868822766,8.221989631652832
2019-03-08,8.235844631949865,8.2496976852417,8.21506406113996,8.2496976852417
2019-03-11,8.25662425568533,8.305110931396484,8.249697398989046,8.305110931396484
2019-03-12,8.319022712630694,8.319022712630694,8.27033299279269,8.298155784606934
2019-03-13,8.339888978767252,8.346844842005687,8.270332336425781,8.270332336425781
2019-03-14,8.277287355903756,8.29815494516423,8.221641777904386,8.228597640991211
2019-03-15,8.22859865607163,8.235554520016532,8.193819999694824,8.193819999694824
2019-03-18,8.207731843584824,8.214687707628032,8.145130393891362,8.15208625793457
2019-03-19,8.152085246676878,8.186863899230957,8.152085246676878,8.186863899230957
2019-03-20,8.20773255285171,8.263378143310547,8.17990975762229,8.263378143310547
2019-03-21,8.270332520240773,8.291199447072234,8.256420793454701,8.2842435836792
2019-03-22,8.305109499882398,8.32597708752218,8.28424257559018,8.319021224975586
2019-03-25,8.339888149267804,8.339888149267804,8.298154300683368,8.319021224975586
2019-03-26,8.33989024387123,8.33989024387123,8.298156384805134,8.332934379577637
2019-03-27,8.33988923042834,8.367712020874023,8.319022303430991,8.367712020874023
2019-03-28,8.367711656655334,8.367711656655334,8.305110215040468,8.312066078186035
2019-03-29,8.312066848840214,8.319022712630694,8.291199920816453,8.298155784606934
2019-04-01,8.298155488293036,8.32597827911377,8.284243761208838,8.32597827911377
2019-04-02,8.305110688487476,8.33293347930821,8.298155488293036,8.32597827911377
2019-04-03,8.325981552371786,8.353804354130716,8.319025686095074,8.346848487854004
2019-04-04,8.34684776896593,8.353803634643555,8.312069103925666,8.353803634643555
2019-04-05,8.346843242924166,8.36075496673584,8.319020458648318,8.36075496673584
2019-04-08,8.353803164287779,8.367714231511913,8.325980366491686,8.33989143371582
2019-04-09,8.367712020874023,8.367712020874023,8.346845093876674,8.367712020874023
2019-04-10,8.353800957325006,8.374667884322356,8.353800957325006,8.367712020874023
2019-04-11,8.367710649325248,8.374695542890162,8.33278751373291,8.33278751373291
2019-04-12,8.346761598450831,8.353746496169567,8.311837775973663,8.325807571411133
2019-04-15,8.332792469129869,8.346761598450831,8.304853544371436,8.325807571411133
2019-04-16,8.339772174837277,8.339772174837277,8.276910127832668,8.290879249572754
2019-04-17,8.290884101116127,8.29786899913157,8.262945175170898,8.262945175170898
2019-04-18,8.276911881016261,8.276911881016261,8.221034049987793,8.221034049987793
2019-04-22,8.228015781323267,8.235000674610342,8.179122860545906,8.207061767578125
2019-04-23,8.193093048463084,8.235001747529642,8.193093048463084,8.22801685333252
2019-04-24,8.262942090201,8.276911881016261,8.200079363764901,8.221034049987793
2019-04-25,8.228015781323267,8.248970461184495,8.207061767578125,8.207061767578125
2019-04-26,8.228015781323267,8.255954688355486,8.193091981003972,8.207061767578125
2019-04-29,8.235002333699246,8.241987228393555,8.207063421038233,8.241987228393555
2019-04-30,8.255957529580842,8.283896446228027,8.241988404315409,8.283896446228027
2019-05-01,8.283895422133902,8.311834335327148,8.262941403768027,8.311834335327148
2019-05-02,8.311835104221311,8.318819999694824,8.27691195908633,8.318819999694824
2019-05-03,8.332792469129869,8.353746496169567,8.311837775973663,8.325807571411133
2019-05-06,8.353746496169567,8.353746496169567,8.311837775973663,8.325807571411133
2019-05-07,8.346760377809103,8.381684195178964,8.346760377809103,8.360730171203613
2019-05-08,8.367715461793827,8.402639283587785,8.353746332746141,8.381685256958008
2019-05-09,8.402636528015137,8.402636528015137,8.381682508257052,8.402636528015137
2019-05-10,8.40263835700624,8.437562174949054,8.40263835700624,8.430577278137207
2019-05-13,8.42359286163143,8.45153178214611,8.416607964973657,8.437561988830566
2019-05-14,8.437562335212455,8.458604119858292,8.416521219451628,8.444576263427734
2019-05-15,8.472628786502318,8.486656638759102,8.44457375087356,8.451587677001953
2019-05-16,8.472630959582286,8.472630959582286,8.423534801860868,8.437561988830566
2019-05-17,8.46561278730889,8.46561278730889,8.416516654202464,8.423530578613281
2019-05-20,8.444571682961087,8.444571682961087,8.409502729791646,8.423530578613281
2019-05-21,8.437563957875108,8.437563957875108,8.34638488019649,8.388467788696289
2019-05-22,8.367423210819227,8.4165193597077,8.367423210819227,8.395478248596191
2019-05-23,8.416519165039062,8.43054701804552,8.388464127910993,8.416519165039062
2019-05-24,8.437561988830566,8.437561988830566,8.395479759036489,8.437561988830566
2019-05-28,8.451589040561203,8.465616226196289,8.41652007314611,8.465616226196289
2019-05-29,8.472628180293146,8.493669288288038,8.451587072298253,8.458600997924805
2019-05-30,8.458602105344687,8.507698253388805,8.458602105344687,8.48665714263916
2019-05-31,8.521723937857171,8.549778970214245,8.486655649074375,8.500682830810547
2019-06-03,8.535751502396684,8.563806533813477,8.49366862082914,8.563806533813477
2019-06-04,8.57784087631711,8.57784087631711,8.507703573663136,8.5287446975708
2019-06-05,8.556798449730067,8.556798449730067,8.521729469299316,8.521729469299316
2019-06-06,8.535758628501778,8.556799752409443,8.521730766639822,8.5287446975708
2019-06-07,8.556799622481904,8.57082748413086,8.542772429718207,8.57082748413086
2019-06-10,8.584854676894556,8.591868607719034,8.563813553306382,8.57082748413086
2019-06-11,8.584854943896044,8.591868874938665,8.528744833325634,8.55679988861084
2019-06-12,8.54978039409706,8.591863284083534,8.54978039409706,8.58484935760498
2019-06-13,8.613020141461677,8.613020141461677,8.556679914152916,8.563722610473633
2019-06-14,8.563722610473633,8.57076530679435,8.528509800498535,8.563722610473633
2019-06-17,8.577805902085423,8.584847925052793,8.542593100735274,8.55667781829834
2019-06-18,8.556681165136123,8.577809257187191,8.528511047363281,8.528511047363281
2019-06-19,8.542596442063996,8.542596442063996,8.507383626940799,8.528511047363281
2019-06-20,8.55667781829834,8.577805902085423,8.542593100735274,8.55667781829834
2019-06-21,8.563722515351127,8.577807907836107,8.53555240200965,8.549637794494629
2019-06-24,8.570765589801272,8.605978400939097,8.563722893248004,8.584850311279297
2019-06-25,8.591893007832564,8.591893007832564,8.563722893248004,8.584850311279297
2019-06-26,8.584849735097125,8.5989351272583,8.563722318483823,8.5989351272583
2019-06-27,8.605977918707143,8.627105335554571,8.584849830231246,8.613019943237305
2019-06-28,8.627101620974942,8.662314414978027,8.613016234722435,8.662314414978027
2019-07-01,8.662316417613694,8.662316417613694,8.605976202834771,8.620060920715332
2019-07-02,8.620063392222841,8.648233507689117,8.620063392222841,8.641191482543945
2019-07-03,8.676399129602352,8.676399129602352,8.613016234722435,8.662314414978027
2019-07-05,8.64118700722745,8.662314414978027,8.620058927848689,8.662314414978027
2019-07-08,8.676399129602352,8.676399129602352,8.64822902872552,8.662314414978027
2019-07-09,8.669363021850586,8.669363021850586,8.662320323920204,8.669363021850586
2019-07-10,8.683443259992723,8.697528648576613,8.669358543037127,8.690485954284668
2019-07-11,8.711613556375474,8.711613556375474,8.683443450218874,8.697528839111328
2019-07-12,8.704567534783486,8.732737630172634,8.697525514657238,8.725695610046387
2019-07-15,8.725702566094835,8.760914709681023,8.725702566094835,8.746829986572266
2019-07-16,8.746825837787048,8.746825837787048,8.704400220663889,8.739754676818848
2019-07-17,8.760968159723452,8.760968159723452,8.711470707289065,8.739754676818848
2019-07-18,8.73975271312492,8.73975271312492,8.718539909329547,8.732682228088379
2019-07-19,8.732684190193671,8.739754676818848,8.718541868257267,8.739754676818848
2019-07-22,8.775108900771093,8.775108900771093,8.704399321423072,8.760967254638672
2019-07-23,8.760970212381002,8.803395839444304,8.760970212381002,8.789254188537598
2019-07-24,8.796323489342386,8.817536974353464,8.78218184034476,8.810465812683105
2019-07-25,8.83168238219959,8.888250350952148,8.803398397823312,8.888250350952148
2019-07-26,8.895321515632062,8.902392680311978,8.85996636657587,8.888250350952148
2019-07-29,8.909461642973744,8.923603294495015,8.88824815417702,8.902390480041504
2019-07-30,8.909459271767146,8.973097698190639,8.909459271767146,8.94481372833252
2019-07-31,9.001383492903436,9.036738630979409,8.973099517311294,9.015525817871094
2019-08-01,9.008455702236883,9.050882007726937,9.008455702236883,9.043810844421387
2019-08-02,9.050882101504174,9.07916608067618,9.029669285710982,9.072094917297363
2019-08-05,9.079163449429574,9.093305097745535,9.043808317125078,9.05087947845459
2019-08-06,9.086237149911438,9.086237149911438,9.029669192153534,9.043810844421387
2019-08-07,9.043810938125358,9.086237244054994,9.029669285710982,9.072094917297363
2019-08-08,9.086238861083984,9.086238861083984,9.022599728035644,9.086238861083984
2019-08-09,9.10744847926826,9.121590129228379,9.079164505004883,9.079164505004883
2019-08-12,9.100378368586535,9.107449531555176,9.08623671699247,9.107449531555176
2019-08-13,9.107454826333933,9.107454826333933,9.071961881584615,9.100356101989746
2019-08-14,9.071953773498535,9.121644122525327,9.064855732469859,9.071953773498535
2019-08-15,9.100353182711066,9.107451904778072,9.0293679929552,9.079057693481445
2019-08-16,9.093255137615458,9.107451904778072,9.05066348218482,9.079057693481445
2019-08-19,9.064860926318831,9.086156415548452,9.043564760117814,9.079057693481445
2019-08-20,9.07905249149822,9.07905249149822,9.057757014470173,9.071953773498535
2019-08-21,9.079052334344146,9.079052334344146,9.050658139807902,9.064855575561523
2019-08-22,9.050660222834665,9.064857661855854,9.029364741274035,9.036462783813477
2019-08-23,9.06485895917399,9.06485895917399,9.029366033512598,9.057760238647461
2019-08-26,9.064860926318831,9.079057693481445,9.057762204251826,9.079057693481445
2019-08-27,9.079055263902454,9.150041111633719,9.071956543735084,9.086153984069824
2019-08-28,9.107448624977112,9.107448624977112,9.036462783813477,9.036462783813477
2019-08-29,9.057757464781377,9.071954224515538,9.043560028076172,9.043560028076172
2019-08-30,9.057756857684714,9.064855575561523,9.022263945271659,9.064855575561523
2019-09-03,9.050658139807902,9.086151052220957,9.050658139807902,9.064855575561523
2019-09-04,9.086151052220957,9.086151052220957,9.057756857684714,9.064855575561523
2019-09-05,9.07195424239976,9.07195424239976,8.972574893151586,9.00806713104248
2019-09-06,9.02936328614227,9.036461327537824,9.00096908964693,9.00806713104248
2019-09-09,8.986772104343302,8.993870823066485,8.944181145946354,8.979673385620117
2019-09-10,8.986772035839984,8.986772035839984,8.951279119465694,8.958377838134766
2019-09-11,8.972575641123079,8.972575641123079,8.915787243398404,8.944181442260742
2019-09-12,8.92998448122454,8.944181919899433,8.851900599426038,8.880294799804688
2019-09-13,8.85900007382779,8.866098794312729,8.717029048985276,8.724127769470215
2019-09-16,8.766719816171506,8.766719816171506,8.6744384765625,8.6744384765625
2019-09-17,8.745712596541564,8.78135065204801,8.702945978280558,8.767095565795898
2019-09-18,8.816989655924518,8.859756275488449,8.78135091957997,8.831245422363281
2019-09-19,8.888272233068893,8.902527327941872,8.84550558894446,8.852633476257324
2019-09-20,8.888267323476791,8.888267323476791,8.859756469726562,8.859756469726562
2019-09-23,8.888272233068893,8.902527327941872,8.852633476257324,8.852633476257324
2019-09-24,8.881144345756029,8.909655215254734,8.852633476257324,8.852633476257324
2019-09-25,8.852629851099849,8.89539579795885,8.838374082311867,8.88114070892334
2019-09-26,8.88113828643485,8.895393371582031,8.8526274363882,8.895393371582031
2019-09-27,8.916783458581339,8.916783458581339,8.866888925151942,8.909655570983887
2019-09-30,8.916778564453125,8.945289419441487,8.902522797082744,8.916778564453125
2019-10-01,8.91678078070634,8.966674619398914,8.888269918631645,8.938163757324219
2019-10-02,8.966674495487425,8.966674495487425,8.931035748448409,8.945291519165039
2019-10-03,8.959546486513279,8.980930142293193,8.945291395745889,8.95241928100586
2019-10-04,8.973800659179688,8.973800659179688,8.938161918978132,8.973800659179688
2019-10-07,8.973798993484888,8.980926876152624,8.93103237723077,8.959543228149414
2019-10-08,8.98092962070519,8.98092962070519,8.945290876227686,8.966673851013184
2019-10-09,8.973798993484888,8.980926876152624,8.945288142566245,8.959543228149414
2019-10-10,8.959545901233954,8.966673786028299,8.9167799519729,8.931035041809082
2019-10-11,8.90252418238421,8.931035041809082,8.888269092548029,8.931035041809082
2019-10-14,8.938163510485918,8.95241928100586,8.931035625225945,8.95241928100586
2019-10-15,8.952417375230478,8.952417375230478,8.909479822131354,8.930948257446289
2019-10-16,8.938104904442236,8.938104904442236,8.888011659679767,8.902323722839355
2019-10-17,8.930950722201228,8.930950722201228,8.873701090582202,8.88801383972168
2019-10-18,8.902323997905327,8.902323997905327,8.866543497666168,8.873699188232422
2019-10-21,8.859391497159809,8.86654787372737,8.830766673359197,8.837923049926758
2019-10-22,8.852232933044434,8.866545682642615,8.852232933044434,8.852232933044434
2019-10-23,8.873701658693854,8.880858033721758,8.809296330851177,8.8236083984375
2019-10-24,8.845076841051725,8.845076841051725,8.8236083984375,8.8236083984375
2019-10-25,8.830765340252672,8.830765340252672,8.766359325806722,8.773515701293945
2019-10-28,8.78782394949143,8.78782394949143,8.73773070779683,8.759199142456055
2019-10-29,8.766358375549316,8.780671124972287,8.744889933884316,8.766358375549316
2019-10-30,8.773516743821117,8.859391212463379,8.766360367483527,8.859391212463379
2019-10-31,8.902325908897183,8.909482283468936,8.873701093079614,8.880857467651367
2019-11-01,8.866543497666168,8.902323997905327,8.866543497666168,8.873699188232422
2019-11-04,8.873697822202647,8.888010566070424,8.816448211669922,8.816448211669922
2019-11-05,8.823610296791635,8.837923049926758,8.816453920224074,8.837923049926758
2019-11-06,8.859389026405552,8.880857467651367,8.859389026405552,8.880857467651367
2019-11-07,8.873699055899838,8.895168174686324,8.802137374019413,8.809293746948242
2019-11-08,8.80929823061246,8.845078748529223,8.80929823061246,8.830766677856445
2019-11-11,8.852232933044434,8.859389307843525,8.830764491116627,8.852232933044434
2019-11-12,8.85223268394271,8.85223268394271,8.823491695432734,8.845047950744629
2019-11-13,8.845046293843602,8.859416442787088,8.809119893626255,8.8522310256958
2019-11-14,8.85942033841616,8.873791178917823,8.845050183153887,8.866605758666992
2019-11-15,8.866605758666992,8.873791178917823,8.852234918165328,8.866605758666992
2019-11-18,8.87379011493765,8.902531107255502,8.85941927615907,8.895345687866211
2019-11-19,8.888156975688439,8.902527809143066,8.880971558961123,8.902527809143066
2019-11-20,8.924086053650448,8.924086053650448,8.909715215880802,8.916900634765625
2019-11-21,8.931265306099743,8.931265306099743,8.88096809387207,8.88096809387207
2019-11-22,8.902530482235239,8.938456206180833,8.88097422558077,8.916900634765625
2019-11-25,8.924085203982049,8.960011609746324,8.880973380017078,8.888158798217773
2019-11-26,8.931269978455393,8.967195696391103,8.916899143089793,8.952825546264648
2019-11-27,8.952823552807846,8.967193699734612,8.93845272064209,8.93845272064209
2019-11-29,8.95282704395048,8.960012462835302,8.909715215880802,8.916900634765625
2019-12-02,8.909715215880802,8.938456206180833,8.895345063350417,8.916900634765625
2019-12-03,8.945638136724968,8.981564531900368,8.909711741549568,8.93845272064209
2019-12-04,8.945640128581848,8.952825546264648,8.931269978455393,8.952825546264648
2019-12-05,8.93845272064209,8.93845272064209,8.916897157632446,8.93845272064209
2019-12-06,8.931269978455393,8.960010963947449,8.916899143089793,8.952825546264648
2019-12-09,8.952825546264648,8.974381114073903,8.931269978455393,8.952825546264648
2019-12-10,8.952825111230805,8.974380677992636,8.945639693897157,8.960010528564453
2019-12-11,8.952824408889084,8.988750807499816,8.952824408889084,8.967194557189941
2019-12-12,8.988839344889607,8.996053666764064,8.91669750213623,8.91669750213623
2019-12-13,8.902269546382916,8.94555410163846,8.902269546382916,8.91669750213623
2019-12-16,8.916698679187373,8.931127324840945,8.902270721529492,8.92391300201416
2019-12-17,8.923911950122838,8.959982872009277,8.916697628146427,8.959982872009277
2019-12-18,8.959983054491135,8.981625332865526,8.945554410244457,8.974411010742188
2019-12-19,8.967197193985687,8.988839471919306,8.945554228056457,8.959982872009277
2019-12-20,8.981621637943746,8.988835957099209,8.931122779846191,8.931122779846191
2019-12-23,8.938338240172323,8.981622784640615,8.938338240172323,8.945551872253418
2019-12-24,8.974408464564089,8.974408464564089,8.938338240172323,8.945551872253418
2019-12-26,8.98162396824476,8.98162396824476,8.923910776017935,8.952767372131348
2019-12-27,8.952766192329943,8.981622784640615,8.938338240172323,8.945551872253418
2019-12-30,8.938335037067958,8.95276298405524,8.887835502624512,8.887835502624512
2019-12-31,8.91669750213623,8.952768423512918,8.909483868257375,8.91669750213623
2020-01-02,8.945553051104115,8.974409647217527,8.916696454990703,8.952767372131348
2020-01-03,8.974405973086078,9.024905511606624,8.95997802493395,8.996048927307129
2020-01-06,9.02490825199567,9.039336204528809,8.996051658933949,9.039336204528809
2020-01-07,9.046553732689217,9.097052616455208,9.024911452217463,9.089838981628418
2020-01-08,9.089835266208636,9.140334129333496,9.053764354835703,9.140334129333496
2020-01-09,9.140332302478965,9.140332302478965,9.097047079883668,9.10426139831543
2020-01-10,9.097047805786133,9.140333031835391,9.08983417477403,9.097047805786133
2020-01-13,9.111477763271704,9.14754867553711,9.104263443219539,9.14754867553711
2020-01-14,9.14754705982907,9.169275006515507,9.140304180693933,9.162032127380371
2020-01-15,9.169275114379298,9.169275114379298,9.125819220495222,9.133061408996582
2020-01-16,9.14755070185805,9.154793583876886,9.118579864501953,9.118579864501953
2020-01-17,9.118576234007495,9.169275006515507,9.118576234007495,9.162032127380371
2020-01-21,9.183762725280108,9.227218627929688,9.1692769639175,9.227218627929688
2020-01-22,9.234460373780156,9.263431202225998,9.183761596679688,9.183761596679688
2020-01-23,9.198246626058502,9.28515911102295,9.191003746298374,9.28515911102295
2020-01-24,9.299645699916192,9.314130770009244,9.285159939104048,9.306888580322266
2020-01-27,9.31413010595016,9.335858745619213,9.31413010595016,9.321372985839844
2020-01-28,9.328616543913528,9.328616543913528,9.314130783081055,9.314130783081055
2020-01-29,9.328614421328496,9.38655607003646,9.314128663792037,9.3720703125
2020-01-30,9.37931319126823,9.38655607003646,9.364828124450707,9.3720703125
2020-01-31,9.393802642822266,9.415530596952316,9.364831807075797,9.393802642822266
2020-02-03,9.401044109750751,9.408286990809401,9.335860252380371,9.335860252380371
2020-02-04,9.357585906982422,9.364828786262505,9.314129322020905,9.357585906982422
2020-02-05,9.3720764323691,9.379319315866859,9.343105589097457,9.350348472595215
2020-02-06,9.357586971971475,9.372072041461205,9.32861614227295,9.32861614227295
2020-02-07,9.343102442719866,9.364831085895814,9.328617371321721,9.335860252380371
2020-02-10,9.372071252190958,9.372071252190958,9.343100424932215,9.364829063415527
2020-02-11,9.343102226218495,9.401043891906738,9.343102226218495,9.401043891906738
2020-02-12,9.401043765152261,9.422772407531738,9.393801575078232,9.422772407531738
2020-02-13,9.435858362168629,9.435858362168629,9.406780242919922,9.406780242919922
2020-02-14,9.406779877457373,9.42131928315538,9.370432749766396,9.377701759338379
2020-02-18,9.392238881621035,9.39950858270265,9.348621368408203,9.348621368408203
2020-02-19,9.341351364304296,9.414046287536621,9.341351364304296,9.414046287536621
2020-02-20,9.421319060749372,9.45039717818193,9.392240943316816,9.435857772827148
2020-02-21,9.443128065300069,9.450397768431507,9.406780242919922,9.406780242919922
2020-02-24,9.428589352314239,9.464937174694386,9.406780242919922,9.406780242919922
2020-02-25,9.421315987842888,9.472202503433195,9.392237879894601,9.414046287536621
2020-02-26,9.399508149750506,9.42858625946074,9.305004119873047,9.305004119873047
2020-02-27,9.305004913043716,9.31954362249972,9.210500875110608,9.21777057647705
2020-02-28,9.210501516407595,9.210501516407595,9.065110945340086,9.12326717376709
2020-03-02,9.12326832353055,9.246850497831655,9.12326832353055,9.225041389465332
2020-03-03,9.261386979628817,9.348621312253636,9.232308868753877,9.33408260345459
2020-03-04,9.33408123242749,9.392237445635152,9.297733425853515,9.370429039001465
2020-03-05,9.370430841364044,9.370430841364044,9.283196504773397,9.297735214233398
2020-03-06,9.297732538791964,9.384966850280762,9.297732538791964,9.384966850280762
2020-03-09,9.195963309358843,9.319545484167554,9.050572719371248,9.283198356628418
2020-03-10,9.290465620211833,9.297735321664272,9.15961446045238,9.16688346862793
2020-03-11,9.137811098692215,9.137811098692215,8.89791634621657,8.934264183044434
2020-03-12,8.13460911536305,8.381773408855503,7.822019591190415,8.18549633026123
2020-03-13,8.214575123245153,8.534434375125388,8.214575123245153,8.469008445739746
2020-03-16,7.883581137163311,8.2850599383242,7.591596238071188,7.9419779777526855
2020-03-17,8.139067083079135,8.146366862137436,7.86898152322923,8.102569580078125
2020-03-18,7.868980776850689,7.868980776850689,6.766740000969754,7.0295257568359375
2020-03-19,6.898128590214899,7.21931169338458,6.284961480658946,7.175513744354248
2020-03-20,7.175521421450505,7.883584264675209,7.153622771578347,7.562400817871094
2020-03-23,7.248513868964961,7.445603001881228,6.971128570366574,7.036825180053711
2020-03-24,7.160919407145824,7.715689369068306,7.160919407145824,7.5477986335754395
2020-03-25,7.664594706858447,8.204765976266899,7.51130278487546,8.109870910644531
2020-03-26,8.11716703544689,8.613540787072083,8.11716703544689,8.474847793579102
2020-03-27,8.358053322232752,8.511345160288771,8.248559450540622,8.423749923706055
2020-03-30,8.37995284896361,8.671937698118052,8.37995284896361,8.65733814239502
2020-03-31,8.723036688841784,8.723036688841784,8.35805606842041,8.35805606842041
2020-04-01,8.24126374706269,8.292360819623317,8.080672052542344,8.233963966369629
2020-04-02,8.11716736706454,8.168264421415191,8.036871896492785,8.051470756530762
2020-04-03,8.051470756530762,8.051470756530762,7.91277845351679,8.051470756530762
2020-04-06,8.15366771836073,8.190165922328692,8.02957424255686,8.080671310424805
2020-04-07,8.175567548086589,8.241264185528646,8.066073616446786,8.109870910644531
2020-04-08,8.15366150874154,8.255856262793866,8.09526470532444,8.241256713867188
2020-04-09,8.31425865816553,8.679239273071289,8.31425865816553,8.679239273071289
2020-04-13,8.562442418298911,8.679236766095025,8.42375013099957,8.671936988830566
2020-04-14,8.736436408505613,8.758423888178218,8.655815183726476,8.714448928833008
2020-04-15,8.663141288977991,8.729104407254543,8.633824425184988,8.692458152770996
2020-04-16,8.670476270758728,8.699793153456499,8.472587487291179,8.516562461853027
2020-04-17,8.56053234429428,8.58984920715957,8.465252365239802,8.487239837646484
2020-04-20,8.479913246556585,8.494572032312925,8.377304542139704,8.428608894348145
2020-04-21,8.399288368396638,8.44326400756836,8.282020929230812,8.44326400756836
2020-04-22,8.44326400756836,8.472580867359815,8.369971508605182,8.44326400756836
2020-04-23,8.443265250732436,8.443265250732436,8.311339012761874,8.34798526763916
2020-04-24,8.340653181867587,8.340653181867587,8.179410131889314,8.194068908691406
2020-04-27,8.150097163906654,8.179414032522642,8.01817090565007,8.025500297546387
2020-04-28,8.128113982811517,8.128113982811517,8.040163330482539,8.047492027282715
2020-04-29,8.076807018310092,8.24537887309924,8.076807018310092,8.208732604980469
2020-04-30,8.267363252856057,8.28202203419205,8.172083271079602,8.260034561157227
2020-05-01,8.1940724582374,8.318669319152832,8.186743066661375,8.318669319152832
2020-05-04,8.282024818158167,8.333329172141543,8.274695425026428,8.304012298583984
2020-05-05,8.311339927576807,8.36997366224651,8.28935245181798,8.318669319152832
2020-05-06,8.289355593467139,8.384634924189143,8.289355593467139,8.326001167297363
2020-05-07,8.377301619324875,8.406618481639617,8.347984757010131,8.369972229003906
2020-05-08,8.36997566530254,8.435938807334201,8.36997566530254,8.406621932983398
2020-05-11,8.406620804337843,8.413949497714553,8.347987063508212,8.362645149230957
2020-05-12,8.38463031067671,8.399289091318648,8.340655366689164,8.369972229003906
2020-05-13,8.377303316035043,8.391961400676648,8.26736453586129,8.29668140411377
2020-05-14,8.265766539169945,8.295208947235817,8.214243728945956,8.258406639099121
2020-05-15,8.23632144813798,8.287844939132812,8.23632144813798,8.273123741149902
2020-05-18,8.27312537276027,8.295207174089565,8.251044273376465,8.251044273376465
2020-05-19,8.258408425440301,8.258408425440301,8.214245505734443,8.22896671295166
2020-05-20,8.265766649493305,8.33201066463439,8.251046147209536,8.324650764465332
2020-05-21,8.34673433877361,8.361454845413371,8.324653227841038,8.332013130187988
2020-05-22,8.354092867636592,8.420336183977303,8.354092867636592,8.376173973083496
2020-05-26,8.442418407675921,8.442418407675921,8.37617438612295,8.390894889831543
2020-05-27,8.427695547274888,8.457137250857027,8.376172741492542,8.449776649475098
2020-05-28,8.47922035196612,8.61170768737793,8.457138544442744,8.61170768737793
2020-05-29,8.611706861936248,8.692672077869977,8.604346260133978,8.641148567199707
2020-06-01,8.648514561459624,8.722119221484512,8.648514561459624,8.69267749786377
2020-06-02,8.68531160451806,8.744195015915825,8.648509296908047,8.6705904006958
2020-06-03,8.69267451686897,8.736836736182424,8.663232803344727,8.663232803344727
2020-06-04,8.692672911072263,8.692672911072263,8.604347084870136,8.61170768737793
2020-06-05,8.648510832628029,8.648510832628029,8.574906204337998,8.582266807556152
2020-06-08,8.582263403278738,8.69267030191931,8.582263403278738,8.63378620147705
2020-06-09,8.633790387874665,8.677953309133938,8.626430485952968,8.663232803344727
2020-06-10,8.670592260774443,8.810440919304714,8.663232359230047,8.744196891784668
2020-06-11,8.685311476067707,8.707392579528895,8.58962575847506,8.641148567199707
2020-06-12,8.641148805826983,8.736834526062012,8.641148805826983,8.736834526062012
2020-06-15,8.71318865699599,8.735359423228667,8.683627400420441,8.720579147338867
2020-06-16,8.757532355249069,8.779703125180426,8.727971093741905,8.764922142028809
2020-06-17,8.742750652831035,8.772311911906193,8.727970375691461,8.750141143798828
2020-06-18,8.750137306324797,8.750137306324797,8.720576060214066,8.735356330871582
2020-06-19,8.750139703924017,8.757530193675672,8.720578449713297,8.742749214172363
2020-06-22,8.720580602166098,8.764922142028809,8.705799619014481,8.764922142028809
2020-06-23,8.757527794051406,8.80186931081965,8.735356330871582,8.735356330871582
2020-06-24,8.764918607885843,8.801870346069336,8.750138335489918,8.801870346069336
2020-06-25,8.80186890382775,8.809259391212626,8.772307659083909,8.794478416442871
2020-06-26,8.801870972789871,8.809261461911952,8.698406944264075,8.713187217712402
2020-06-29,8.735360880521645,8.794483403535972,8.698409832234741,8.764922142028809
2020-06-30,8.779703125180426,8.80187389511178,8.698409832234741,8.764922142028809
2020-07-01,8.735357564229083,8.809261042338298,8.720577291484721,8.772309303283691
2020-07-02,8.772308064708922,8.779698552435528,8.735356330871582,8.735356330871582
2020-07-06,8.727968215942383,8.77970023032374,8.720577726803379,8.727968215942383
2020-07-07,8.727968539406413,8.816652297973633,8.727968539406413,8.816652297973633
2020-07-08,8.846215284961708,8.905337802263032,8.846215284961708,8.897947311401367
2020-07-09,8.905336443513683,8.97184944152832,8.883165679107435,8.97184944152832
2020-07-10,8.971849467406766,9.016190996347161,8.942288213181204,9.008800506591797
2020-07-13,8.986631393432617,9.0235831442035,8.979240902319235,8.986631393432617
2020-07-14,8.977721733738717,8.985140800476074,8.918364954308098,8.985140800476074
2020-07-15,8.955465697843513,8.992563875501604,8.955465697843513,8.9777250289917
2020-07-16,8.948044916161344,8.977723311091035,8.948044916161344,8.970303535461426
2020-07-17,8.9628886512515,9.022245473504361,8.9628886512515,8.99256706237793
2020-07-20,9.014825306512213,9.037084644592536,8.999986455381103,9.007406234741211
2020-07-21,9.014824482248445,9.059342446749518,8.999985632474113,9.029664039611816
2020-07-22,9.022244068746184,9.059342253775341,9.022244068746184,9.037083625793457
2020-07-23,9.051919122267481,9.074177742004395,9.029660502530568,9.074177742004395
2020-07-24,9.06676025405816,9.081599100606102,9.029662076304977,9.059340476989746
2020-07-27,9.03708585239106,9.06676426620888,9.03708585239106,9.051924705505371
2020-07-28,9.037083885639516,9.08902092162028,9.037083885639516,9.0816011428833
2020-07-29,9.05191977832405,9.140954971313477,9.05191977832405,9.140954971313477
2020-07-30,9.096441332601756,9.16321793069776,9.096441332601756,9.148378372192383
2020-07-31,9.178052850239183,9.207731246948242,9.140954677455662,9.207731246948242
2020-08-03,9.200310140632219,9.237408308051842,9.200310140632219,9.222569465637207
2020-08-04,9.244827038189282,9.31902336464275,9.244827038189282,9.281925201416016
2020-08-05,9.281927058489666,9.341283848492756,9.281927058489666,9.311605453491211
2020-08-06,9.326443060394983,9.37838077545166,9.304184443992781,9.37838077545166
2020-08-07,9.370965003967285,9.400643407711412,9.370965003967285,9.370965003967285
2020-08-10,9.37096799053039,9.393226623535156,9.348709357525625,9.393226623535156
2020-08-11,9.370961000788041,9.385799842526623,9.370961000788041,9.37838077545166
2020-08-12,9.363546371459961,9.385805000093438,9.31902911419301,9.363546371459961
2020-08-13,9.357586822183883,9.394837792423205,9.320335141427847,9.37248706817627
2020-08-14,9.34268399977499,9.39483591610775,9.320333279991889,9.357584953308105
2020-08-17,9.350135524838494,9.469340324401855,9.335234569634748,9.469340324401855
2020-08-18,9.446990966796875,9.476792170992708,9.409739283922896,9.446990966796875
2020-08-19,9.432090016029887,9.454440741563188,9.394838333129883,9.394838333129883
2020-08-20,9.342687190674058,9.409740083441159,9.342687190674058,9.36503791809082
2020-08-21,9.342687648127134,9.365038376638273,9.320336919615997,9.327787399291992
2020-08-24,9.357586822183883,9.394837792423205,9.312884663173298,9.37248706817627
2020-08-25,9.342685156700632,9.342685156700632,9.268181800842285,9.268181800842285
2020-08-26,9.238378205863373,9.253279157379136,9.156425104076103,9.163875579833984
2020-08-27,9.163881944554056,9.186232676834795,9.096829037194873,9.104279518127441
2020-08-28,9.119176077287372,9.201129913330078,9.111725599371365,9.201129913330078
2020-08-31,9.230930665092254,9.290533064485347,9.223480187538957,9.238380432128906
2020-09-01,9.230928193139166,9.297980341612993,9.223477717581034,9.283080101013184
2020-09-02,9.27563475207687,9.335237168451139,9.27563475207687,9.327787399291992
2020-09-03,9.290529431768116,9.335230858575775,9.253277769084153,9.320330619812012
2020-09-04,9.290532517286843,9.290532517286843,9.178777492119517,9.216029167175293
2020-09-08,9.171325878674946,9.186226119386804,9.134074211120605,9.134074211120605
2020-09-09,9.134074932403166,9.216028039081062,9.134074932403166,9.186226844787598
2020-09-10,9.186229416444863,9.372487110550423,9.186229416444863,9.305434226989746
2020-09-11,9.305429670531879,9.357582282495972,9.297979195891813,9.320330619812012
2020-09-14,9.329308740547221,9.336789600498708,9.261976006609048,9.284420013427734
2020-09-15,9.30687096491792,9.30687096491792,9.247019759753123,9.261982917785645
2020-09-16,9.261976239284111,9.26945781290566,9.232050658280048,9.247013092041016
2020-09-17,9.217087745666504,9.232050893290502,9.194643737712656,9.217087745666504
2020-09-18,9.232053045406944,9.232053045406944,9.179683443479188,9.202127456665039
2020-09-21,9.20212674300088,9.217089179470275,9.164719581604004,9.164719581604004
2020-09-22,9.164721490474555,9.17220306700868,9.15723991394043,9.15723991394043
2020-09-23,9.134794235389846,9.14975667225269,9.127312660217285,9.127312660217285
2020-09-24,9.119832282499447,9.127313858654356,9.08990669136218,9.09738826751709
2020-09-25,9.097387555148492,9.104869130717558,9.052499528698727,9.082425117492676
2020-09-28,9.082425828689644,9.127313858654356,9.082425828689644,9.09738826751709
2020-09-29,9.097386360593983,9.119830370871801,9.089904786007303,9.104867935180664
2020-09-30,9.142274856567383,9.142274856567383,9.097386123698426,9.142274856567383
2020-10-01,9.142276279181226,9.217089894294833,9.142276279181226,9.202127456665039
2020-10-02,9.172199496271922,9.261976239284111,9.172199496271922,9.247013092041016
2020-10-05,9.254497058046297,9.254497058046297,9.19464588056602,9.209609031677246
2020-10-06,9.202128871769329,9.26198005845706,9.202128871769329,9.254498481750488
2020-10-07,9.276942498387783,9.291905651800928,9.232054465113196,9.254498481750488
2020-10-08,9.247012859741849,9.291901586861334,9.247012859741849,9.284420013427734
2020-10-09,9.276937722776449,9.329308019280687,9.26945686340332,9.26945686340332
2020-10-12,9.26945686340332,9.314344873570317,9.25449371769295,9.26945686340332
2020-10-13,9.261976006609048,9.30686402024642,9.254494433175449,9.284420013427734
2020-10-14,9.300948834397756,9.323487281799316,9.263384277738938,9.323487281799316
2020-10-15,9.278412561469413,9.293437957763672,9.26338644869066,9.293437957763672
2020-10-16,9.270897181778874,9.29343562881434,9.240845680236816,9.240845680236816
2020-10-19,9.240846107992864,9.323487561937894,9.240846107992864,9.28592300415039
2020-10-20,9.278410126611783,9.353538521336732,9.278410126611783,9.346025466918945
2020-10-21,9.361051838458135,9.368564893086763,9.293435779769126,9.323487281799316
2020-10-22,9.338516832187986,9.338516832187986,9.248362292876552,9.255874633789062
2020-10-23,9.278411184789915,9.278411184789915,9.24084662490115,9.248359680175781
2020-10-26,9.233336046552585,9.240849103842661,9.165719963911059,9.180746078491211
2020-10-27,9.203282091976298,9.225820541381836,9.165717531977476,9.225820541381836
2020-10-28,9.195774065228761,9.218313243443845,9.150697141768154,9.203287124633789
2020-10-29,9.195770263671875,9.248360941281158,9.173231811259031,9.195770263671875
2020-10-30,9.225820541381836,9.233333596678479,9.11312757786976,9.225820541381836
2020-11-02,9.233330726623535,9.255869169023304,9.19576617830114,9.233330726623535
2020-11-03,9.25587271686396,9.300950335426233,9.20328275894501,9.263385772705078
2020-11-04,9.300953603429097,9.34603052134525,9.270902085990096,9.31597900390625
2020-11-05,9.331004528143966,9.436185190741526,9.331004528143966,9.391107559204102
2020-11-06,9.413644094574819,9.428670207514019,9.383592585180917,9.398618698120117
2020-11-09,9.47374845555136,9.48126151308537,9.421158485782499,9.466236114501953
2020-11-10,9.443696941899924,9.488774570619379,9.421158485782499,9.466236114501953
2020-11-11,9.436181076884,9.466232579312624,9.413641912699283,9.428668022155762
2020-11-12,9.430177283523612,9.482986046082408,9.35473557746925,9.362279891967773
2020-11-13,9.347194470620558,9.400003247236828,9.301929291045452,9.33965015411377
2020-11-16,9.33964844915266,9.40000153125821,9.317016223229452,9.347192764282227
2020-11-17,9.332105455310442,9.392458545961093,9.324561139112712,9.369826316833496
2020-11-18,9.362282000635767,9.407547178356552,9.354737684438037,9.369826316833496
2020-11-19,9.362282168659586,9.422635260393387,9.362282168659586,9.38491439819336
2020-11-20,9.36982651799089,9.407547380323761,9.36982651799089,9.377370834350586
2020-11-23,9.400002648326442,9.430179192965307,9.384914016274221,9.415090560913086
2020-11-24,9.430181901943394,9.460358455250981,9.422637583750051,9.445270538330078
2020-11-25,9.46035327380245,9.490529810582307,9.437721051083905,9.482985496520996
2020-11-27,9.47544115912736,9.550882135430347,9.47544115912736,9.54333782196045
2020-11-30,9.573518569325673,9.581062886115546,9.490533243034019,9.513165473937988
2020-12-01,9.513162815750304,9.558427984375806,9.505619220533928,9.520707130432129
2020-12-02,9.505621893003031,9.581062902634885,9.505621893003031,9.558430671691895
2020-12-03,9.565974604377416,9.588606834411621,9.535798057843271,9.588606834411621
2020-12-04,9.573516324117904,9.641413720371974,9.565972728562825,9.633870124816895
2020-12-07,9.641416197682478,9.679137063011968,9.61878396627105,9.66404914855957
2020-12-08,9.656503296514572,9.709312067901493,9.641414664995136,9.68667984008789
2020-12-09,9.686683263267463,9.75458069016811,9.67159462641585,9.716859817504883
2020-12-10,9.716857525755783,9.754578389522434,9.709313209109325,9.747034072875977
2020-12-11,9.731943359989316,9.799840756367344,9.731943359989316,9.78475284576416
2020-12-14,9.778694460863594,9.801417793636645,9.680225722364742,9.687800407409668
2020-12-15,9.680225722364742,9.725673110272568,9.680225722364742,9.687800407409668
2020-12-16,9.672649213142972,9.68022317383216,9.536307807676106,9.551456451416016
2020-12-17,9.58933242820658,9.58933242820658,9.468140347338533,9.48328971862793
2020-12-18,9.46813650903357,9.559030532836914,9.46813650903357,9.559030532836914
2020-12-21,9.55903292391949,9.581756254963935,9.52873490840634,9.54388427734375
2020-12-22,9.551460824010771,9.596908220759087,9.536312173335912,9.589333534240723
2020-12-23,9.589330366307305,9.596905050323294,9.506011009216309,9.506011009216309
2020-12-24,9.528737486817548,9.589333534240723,9.528737486817548,9.589333534240723
2020-12-28,9.596902391844283,9.596902391844283,9.521157017390198,9.536306381225586
2020-12-29,9.521160307683045,9.612054355021971,9.506011660974062,9.596905708312988
2020-12-30,9.589332402158213,9.69537583381059,9.58175771653409,9.657503128051758
2020-12-31,9.687801224331805,9.778695285450356,9.657503203958953,9.710524559020996
2021-01-04,9.748395667431401,9.778693682838767,9.710522967581776,9.763545036315918
2021-01-05,9.763547757976474,9.793845781829637,9.763547757976474,9.786271095275879
2021-01-06,9.771119775818669,9.78626914590852,9.665077074636617,9.687800407409668
2021-01-07,9.672654151916504,9.710526141784158,9.634781439686947,9.672654151916504
2021-01-08,9.665075522204829,9.725671548107673,9.627202825425147,9.69537353515625
2021-01-11,9.69537353515625,9.725671548107673,9.672650206033085,9.69537353515625
2021-01-12,9.687801224331805,9.733248616071974,9.672652575326271,9.710524559020996
2021-01-13,9.733248573978416,9.771120557509354,9.695375868085694,9.755971908569336
2021-01-14,9.751409530639648,9.766622686575413,9.728590522139202,9.751409530639648
2021-01-15,9.789436247525021,9.789436247525021,9.720978534715305,9.74379825592041
2021-01-19,9.728585310770665,9.781829877217612,9.705766314493804,9.720978736877441
2021-01-20,9.751405078785565,9.80465037484922,9.705767082619998,9.797043800354004
2021-01-21,9.78943767691903,9.850288824878826,9.774225252630533,9.827469825744629
2021-01-22,9.835075899489377,9.873107320974356,9.81225617611495,9.857894897460938
2021-01-25,9.873108863830566,9.888322015124189,9.857896437939926,9.873108863830566
2021-01-26,9.888320854445258,9.911139853304244,9.880714279691297,9.895927429199219
2021-01-27,9.895927879592138,9.926353454589844,9.895927879592138,9.926353454589844
2021-01-28,9.941563111451913,9.979595250960847,9.926350690889976,9.971988677978516
2021-01-29,9.98720182394318,10.002414244505117,9.918744117907643,9.971988677978516
2021-02-01,9.96438650341541,10.010024507326776,9.96438650341541,9.987205505371094
2021-02-02,9.971991333021684,10.01002348265668,9.971991333021684,9.994811058044434
2021-02-03,10.010022071786672,10.017628645722139,9.956777505044023,9.964384078979492
2021-02-04,9.979596501447613,9.979596501447613,9.933958508640435,9.964384078979492
2021-02-05,9.979596525373063,10.03284109224336,9.971989951419358,10.01762866973877
2021-02-08,10.025234705769195,10.13172383379591,9.987202563444177,10.108904838562012
2021-02-09,10.101298224836771,10.177362509184249,10.101298224836771,10.169755935668945
2021-02-10,10.200183799528958,10.230609375033627,10.177364799251192,10.20779037475586
2021-02-11,10.226116854674562,10.226116854674562,10.134471386354114,10.187931060791016
2021-02-12,10.18793489382638,10.195572201143182,10.126837891959386,10.142111778259277
2021-02-16,10.142110959211626,10.149748265911661,10.058102770512196,10.073376655578613
2021-02-17,10.11156301207251,10.11156301207251,10.050466011808254,10.103925704956055
2021-02-18,10.065738121131055,10.065738121131055,10.004641136071093,10.035189628601074
2021-02-19,10.012282498007444,10.042831005137117,9.935911594350188,9.989371299743652
2021-02-22,9.989370772325833,9.989370772325833,9.813717047687819,9.828990936279297
2021-02-23,9.81371511805399,9.81371511805399,9.62278681403219,9.744980812072754
2021-02-24,9.729701954564007,9.928267478942871,9.722064650934044,9.928267478942871
2021-02-25,9.92063493661925,9.935909551210068,9.77552973967502,9.798440933227539
2021-02-26,9.928270058277489,9.951181246786273,9.867173070031697,9.935907363891602
2021-03-01,9.958816696540717,10.119196442881995,9.958816696540717,10.019913673400879
2021-03-02,10.04282668507789,10.20320646060259,10.019915496669661,10.17265796661377
2021-03-03,10.14210998870737,10.149747294676587,10.096287609559234,10.1191987991333
2021-03-04,10.180295634355032,10.180295634355032,10.04282704234816,10.058101654052734
2021-03-05,10.081013679504395,10.088650985990201,10.042827875408989,10.081013679504395
2021-03-08,10.134472695696275,10.134472695696275,10.027552604675293,10.027552604675293
2021-03-09,10.08101623108388,10.165025167023778,10.073378922665013,10.134476661682129
2021-03-10,10.157382011413574,10.279575962438088,10.14210740336881,10.157382011413574
2021-03-11,10.18793489382638,10.233757281059768,10.134475199276189,10.142111778259277
2021-03-12,10.122174669865677,10.152847897631945,10.053159724564711,10.068496704101562
2021-03-15,10.122172556987394,10.122172556987394,10.083830847456056,10.099167823791504
2021-03-16,10.122171585612618,10.122171585612618,10.060825148772503,10.083829879760742
2021-03-17,10.06082555539452,10.076162530878019,10.014816091558504,10.045489311218262
2021-03-18,10.022484033461524,10.030152521345181,9.976474568774092,10.007147789001465
2021-03-19,10.007147789001465,10.007147789001465,9.953469105123121,10.007147789001465
2021-03-22,10.022488064061198,10.053161296623982,9.968810089903211,9.984147071838379
2021-03-23,10.007147789001465,10.014816276885123,9.98414305665775,10.007147789001465
2021-03-24,10.037821009228837,10.037821009228837,9.98414305665775,10.007147789001465
2021-03-25,10.014820304401164,10.030156555028782,9.968810089903211,9.984147071838379
2021-03-26,9.999481008730024,10.068495948854114,9.991812519536818,10.037822723388672
2021-03-29,10.060826114260166,10.137509533322843,10.060826114260166,10.099167823791504
2021-03-30,10.137510083909632,10.152846329770737,10.129841595325418,10.145177841186523
2021-03-31,10.145178254512523,10.160515232305796,10.106837272644043,10.106837272644043
2021-04-01,10.145177841186523,10.191188041384486,10.122173106741204,10.145177841186523
2021-04-05,10.168183510444981,10.175851999182672,10.11450482058848,10.122173309326172
2021-04-06,10.122170465493223,10.168180653685427,10.11450197891,10.137507438659668
2021-04-07,10.14517519393576,10.168180653685427,10.129838952076446,10.137507438659668
2021-04-08,10.145177860923791,10.20652503840953,10.145177860923791,10.168183326721191
2021-04-09,10.152846329770737,10.168183306939165,10.145177841186523,10.145177841186523
2021-04-12,10.145176709840124,10.198855392636283,10.145176709840124,10.191186904907227
2021-04-13,10.240462860480468,10.294359797684406,10.209664505750977,10.271261215209961
2021-04-14,10.317463492224244,10.348261862213619,10.302064674375087,10.34056282043457
2021-04-15,10.35595989227295,10.35595989227295,10.294363162679383,10.35595989227295
2021-04-16,10.363662179942748,10.363662179942748,10.302065435413697,10.332863807678223
2021-04-19,10.340561077020027,10.363659667044878,10.340561077020027,10.35595989227295
2021-04-20,10.379056973537152,10.379056973537152,10.317460252897648,10.325160026550293
2021-04-21,10.317462921142578,10.348261289427231,10.317462921142578,10.317462921142578
2021-04-22,10.317462949760484,10.340562276756312,10.302064132720956,10.30976390838623
2021-04-23,10.302064075977043,10.386759404955507,10.302064075977043,10.36366081237793
2021-04-26,10.379058076176326,10.394457625117617,10.363659261525942,10.386757850646973
2021-04-27,10.39445803184166,10.417556621866513,10.35595989227295,10.35595989227295
2021-04-28,10.394457625117617,10.402157399588264,10.348259712584651,10.386757850646973
2021-04-29,10.379059657711887,10.379059657711887,10.294364328501842,10.317462921142578
2021-04-30,10.355959487055296,10.386757850646973,10.317461348992977,10.386757850646973
2021-05-03,10.409859851042091,10.409859851042091,10.36366192662894,10.379060745239258
2021-05-04,10.402156637309721,10.402156637309721,10.363658502068574,10.39445686340332
2021-05-05,10.40985521120969,10.48685073852539,10.40985521120969,10.48685073852539
2021-05-06,10.525347345459485,10.525347345459485,10.45605086690462,10.502248764038086
2021-05-07,10.517651940581613,10.55615008179584,10.509952165480573,10.533051490783691
2021-05-10,10.548449708062979,10.563849257391123,10.533050893025763,10.55614948272705
2021-05-11,10.563849257391123,10.586947847092409,10.509951569033548,10.55614948272705
2021-05-12,10.540750364366831,10.5561499143246,10.41755690186852,10.479153633117676
2021-05-13,10.486851525915725,10.486851525915725,10.417555032125026,10.471452713012695
2021-05-14,10.505467731782744,10.505467731782744,10.428164511113087,10.443625450134277
2021-05-17,10.459085608281407,10.466816077759736,10.404973796369399,10.42043399810791
2021-05-18,10.435893505463584,10.451354442299303,10.312208959650015,10.335399627685547
2021-05-19,10.374050123963835,10.40497125711293,10.34312899081474,10.36631965637207
2021-05-20,10.39724493112633,10.629153890731395,10.35859331498911,10.4977388381958
2021-05-21,10.544117880842668,10.551847612063876,10.49000533898593,10.520926475524902
2021-05-24,10.575039644640214,10.575039644640214,10.37405187660627,10.397242546081543
2021-05-25,10.420432750624308,10.505466430269813,10.397242082183741,10.490005493164062
2021-05-26,10.513197898864746,10.513197898864746,10.474546289641792,10.513197898864746
2021-05-27,10.528657741703222,10.551848411560059,10.497736602821405,10.551848411560059
2021-05-28,10.598226692687643,10.598226692687643,10.513193775522105,10.567305564880371
2021-06-01,10.590498003491769,10.613688668934103,10.544116672607105,10.605958938598633
2021-06-02,10.636881828308105,10.675533435240734,10.60596069020562,10.636881828308105
2021-06-03,10.636881843475729,10.652342043939974,10.636881843475729,10.644612312316895
2021-06-04,10.652343763919424,10.660074234008789,10.636883560958898,10.660074234008789
2021-06-07,10.675533576828995,10.675533576828995,10.590499893005806,10.598230361938477
2021-06-08,10.605958938598633,10.613688668934103,10.575037805602868,10.605958938598633
2021-06-09,10.61369169159933,10.629152631109301,10.567310347505757,10.575040817260742
2021-06-10,10.55957888058504,10.605960957516816,10.551848411560059,10.551848411560059
2021-06-11,10.562710696571605,10.59375463746694,10.50838398504125,10.53166675567627
2021-06-14,10.53166809253746,10.56271203737343,10.48510254535652,10.523907661437988
2021-06-15,10.531669275638308,10.562713223961676,10.531669275638308,10.547191619873047
2021-06-16,10.554952675168753,10.57047427908559,10.469581263114797,10.485103607177734
2021-06-17,10.516144270995284,10.56270980834961,10.500621931779929,10.56270980834961
2021-06-18,10.539430618286133,10.562713394868851,10.531669446043185,10.539430618286133
2021-06-21,10.554952791990416,10.562713223961676,10.539430447755677,10.547191619873047
2021-06-22,10.562714295654146,10.5859978143686,10.47734361413971,10.508387565612793
2021-06-23,10.50838398504125,10.55495026645722,10.50838398504125,10.53166675567627
2021-06-24,10.531669275638308,10.547191619873047,10.454059774902946,10.547191619873047
2021-06-25,10.547190496494915,10.562712098930342,10.523907722768758,10.554951667785645
2021-06-28,10.531669275638308,10.570474396079044,10.531669275638308,10.547191619873047
2021-06-29,10.562712098930342,10.562712098930342,10.523907722768758,10.554951667785645
2021-06-30,10.593756043947229,10.593756043947229,10.531668153913456,10.554951667785645
2021-07-01,10.58599607419519,10.648083966935074,10.570473730937186,10.601517677307129
2021-07-02,10.640324818183744,10.663607597351074,10.617042039016415,10.663607597351074
2021-07-06,10.679129943560097,10.702412722727425,10.624802471974721,10.663607597351074
2021-07-07,10.679127863181929,10.679127863181929,10.617039970733458,10.671366691589355
2021-07-08,10.671366921217434,10.710172039869256,10.63256180256561,10.694649696350098
2021-07-09,10.71017478420905,10.741218739055896,10.694652436712495,10.733457565307617
2021-07-12,10.733454933655366,10.75673770904541,10.717933330110698,10.75673770904541
2021-07-13,10.790240133529801,10.813612286149668,10.751286050505133,10.774658203125
2021-07-14,10.774656087910989,10.774656087910989,10.673375789124508,10.712329864501953
2021-07-15,10.727909549907176,10.727909549907176,10.579884243004955,10.6188383102417
2021-07-16,10.595470175137995,10.611051362134507,10.533143941177315,10.548725128173828
2021-07-19,10.54872619562756,10.579889315761381,10.424073715092284,10.4474458694458
2021-07-20,10.463025991855288,10.494189106600723,10.43186287710985,10.478607177734375
2021-07-21,10.501978668508835,10.501978668508835,10.42407125803156,10.439652442932129
2021-07-22,10.470817371025639,10.470817371025639,10.392909947041707,10.408491134643555
2021-07-23,10.4162809482435,10.478607177734375,10.37732686906489,10.478607177734375
2021-07-26,10.486396497609181,10.533141533890046,10.463024350962321,10.525350570678711
2021-07-27,10.540934163181914,10.556516093165742,10.517562011193487,10.548725128173828
2021-07-28,10.564305806408347,10.611050104846536,10.540932914202026,10.587677955627441
2021-07-29,10.579884243004955,10.642210453388932,10.579884243004955,10.6188383102417
2021-07-30,10.61884162523604,10.657795704633486,10.579887545838597,10.59546947479248
2021-08-02,10.595467673458588,10.65000292955112,10.595467673458588,10.626630783081055
2021-08-03,10.626633781812558,10.704541206359863,10.626633781812558,10.704541206359863
2021-08-04,10.688957002325989,10.696747222491249,10.611048856776252,10.626630783081055
2021-08-05,10.6188383102417,10.626629272286456,10.595466167094466,10.6188383102417
2021-08-06,10.618841825933213,10.665586127703806,10.587678710423726,10.657795906066895
2021-08-09,10.657795452648097,10.681167602539062,10.634422559769883,10.681167602539062
2021-08-10,10.688956368543653,10.72791043900881,10.673374443162752,10.72011947631836
2021-08-11,10.743494532542607,10.782448613563062,10.743494532542607,10.766866683959961
2021-08-12,10.782444284496917,10.798025464857,10.704536153735505,10.743490219116211
2021-08-13,10.753660262263205,10.777122584905447,10.738018216599185,10.761481285095215
2021-08-16,10.792764543095837,10.792764543095837,10.74583915233789,10.777122497558594
2021-08-17,10.808406056596187,10.831869125366211,10.769302433687079,10.831869125366211
2021-08-18,10.839689254760742,10.847510277577532,10.824047954980948,10.839689254760742
2021-08-19,10.839689402435754,10.839689402435754,10.784943733679963,10.831869125366211
2021-08-20,10.847510244269763,10.855331267062539,10.808405876159668,10.808405876159668
2021-08-23,10.83186814642832,10.855330467224121,10.82404712421181,10.855330467224121
2021-08-24,10.855333355512245,10.886616706848145,10.855333355512245,10.886616706848145
2021-08-25,10.910078108141079,10.917899131774902,10.886615783093468,10.917899131774902
2021-08-26,10.910078108141079,10.957003504090164,10.894436806727294,10.917899131774902
2021-08-27,10.957003623024892,10.996107995764618,10.949182599306173,10.988286972045898
2021-08-30,11.019569332197937,11.019569332197937,10.917898270539911,10.957002639770508
2021-08-31,10.98828685317643,11.00392815459079,10.870973736226327,10.972644805908203
2021-09-01,11.003928214152522,11.003928214152522,10.949182540125133,10.98046588897705
2021-09-02,11.00392447520415,11.00392447520415,10.910074460537055,10.964820861816406
2021-09-03,10.949181430678777,10.949181430678777,10.84751037074859,10.878793716430664
2021-09-07,10.878792788019922,10.894434832452943,10.83186814642832,10.855330467224121
2021-09-08,10.8944396755839,10.902259955423192,10.831872961745201,10.86315631866455
2021-09-09,10.878792788019922,10.910076131032232,10.8162261019953,10.855330467224121
2021-09-10,10.878795741237695,10.894437789916992,10.831871086907668,10.894437789916992
2021-09-13,10.896790020757491,10.92034195074096,10.818282589209451,10.833984375
2021-09-14,10.833985811853745,10.936045186920847,10.833985811853745,10.920343399047852
2021-09-15,10.951745512723653,11.014551162719727,10.943894619298542,11.014551162719727
2021-09-16,11.014550906557075,11.038103586284649,10.967447044506704,10.998849868774414
2021-09-17,11.022400598143697,11.022400598143697,10.975295992526256,11.006699562072754
2021-09-20,10.998851558602555,11.006702453051265,10.928195005969165,10.951746940612793
2021-09-21,10.975300540212357,10.99885322713144,10.951748601995893,10.98315143585205
2021-09-22,10.99099897553189,11.006700762016939,10.95959615126418,10.998849868774414
2021-09-23,11.00670436558514,11.00670436558514,10.85754033995079,10.904644966125488
2021-09-24,10.9124908103204,10.920341703037593,10.818282343821071,10.841835021972656
2021-09-27,10.826133019940494,10.873237626598907,10.794730198402325,10.818282127380371
2021-09-28,10.771182557667858,10.78688360033671,10.692675098215737,10.755480766296387
2021-09-29,10.79473234095676,10.826135168727808,10.77118040730409,10.786881446838379
2021-09-30,10.833984631111258,10.881088492191715,10.747626304626465,10.747626304626465
2021-10-01,10.810435074515823,10.841837905032902,10.708375688159679,10.739778518676758
2021-10-04,10.669124602649928,10.724079382476392,10.63772176436299,10.692676544189453
2021-10-05,10.72407530069733,10.739777088215773,10.661269648028432,10.676971435546875
2021-10-06,10.68482016370497,10.716222985875136,10.606313482630725,10.66126823425293
2021-10-07,10.716224923733991,10.716224923733991,10.582762718200684,10.582762718200684
2021-10-08,10.614166294752025,10.629867334325223,10.57491257276532,10.582762718200684
2021-10-11,10.56705809856879,10.598460915778563,10.551356315612793,10.551356315612793
2021-10-12,10.598465676070925,10.645570297393698,10.574913739760817,10.629868507385254
2021-10-13,10.663757206821725,10.774099387126977,10.640112722343673,10.750454902648926
2021-10-14,10.789862089025064,10.829270064115667,10.742573120232024,10.774099349975586
2021-10-15,10.80562786494629,10.80562786494629,10.750457139138433,10.781983375549316
2021-10-18,10.750456316676562,10.781982550675538,10.67952210226769,10.695284843444824
2021-10-19,10.711046462284692,10.750454435799853,10.647994005318266,10.671638488769531
2021-10-20,10.703164135486391,10.718927624693467,10.655875171154232,10.679519653320312
2021-10-21,10.679520139449227,10.695282877729284,10.577059709872865,10.600704193115234
2021-10-22,10.640113497162679,10.655876989059024,10.608587265014648,10.608587265014648
2021-10-25,10.577062606811523,10.608588843650889,10.561299112569452,10.577062606811523
2021-10-26,10.5770623189895,10.600706808064418,10.466720117231954,10.521891593933105
2021-10-27,10.537652260710127,10.553415751418623,10.490363291873857,10.498244285583496
2021-10-28,10.490363291873857,10.514007776291992,10.466718055811114,10.498244285583496
2021-10-29,10.521888723157119,10.695282597924342,10.482480751021097,10.663756370544434
2021-11-01,10.655872087109435,10.73468725540036,10.655872087109435,10.718924522399902
2021-11-02,10.711046927422435,10.766217641752757,10.711046927422435,10.750454902648926
2021-11-03,10.75045507334496,10.781981303697806,10.711047097492749,10.758336067199707
2021-11-04,10.726807594299316,10.758333818061285,10.718926602092171,10.726807594299316
2021-11-05,10.774098155681525,10.852914097126094,10.774098155681525,10.813506126403809
2021-11-08,10.837151470698025,10.86867769945609,10.726809294222504,10.742572784423828
2021-11-09,10.774101175173461,10.837153645342054,10.774101175173461,10.821390151977539
2021-11-10,10.805625241939959,10.86867769945609,10.742572784423828,10.742572784423828
2021-11-11,10.718924522399902,10.821384166013672,10.711042780077515,10.718924522399902
2021-11-12,10.776688630505351,10.808338200090091,10.72921465342087,10.784601211547852
2021-11-15,10.824164175336577,10.824164175336577,10.697565887486961,10.705477714538574
2021-11-16,10.697564969044091,10.776688514864265,10.681739807128906,10.681739807128906
2021-11-17,10.681737843480056,10.713387406906962,10.650088280053149,10.67382526397705
2021-11-18,10.705475849005975,10.721301009522149,10.602614569406404,10.626352310180664
2021-11-19,10.650087355837817,10.689649495334525,10.578875655660756,10.594700813293457
2021-11-22,10.634266823145465,10.650091987660677,10.563055846583142,10.570967674255371
2021-11-23,10.602616274114153,10.602616274114153,10.531405304097502,10.53931713104248
2021-11-24,10.570967712794,10.570967712794,10.476018989112704,10.54723072052002
2021-11-26,10.5393181916701,10.555143356323242,10.49975678920801,10.555143356323242
2021-11-29,10.57888036352417,10.602617355951724,10.555143371096618,10.586792945861816
2021-11-30,10.65800666809082,10.65800666809082,10.610531919784517,10.65800666809082
2021-12-01,10.650094084275516,10.7529554101179,10.650094084275516,10.65800666809082
2021-12-02,10.689657050631858,10.689657050631858,10.594708301482369,10.634269714355469
2021-12-03,10.658004585090657,10.658004585090657,10.578880271572713,10.602617263793945
2021-12-06,10.642179513054568,10.642179513054568,10.563055953434263,10.586792945861816
2021-12-07,10.65800666809082,10.713393245626904,10.626357087415126,10.65800666809082
2021-12-08,10.63426615003766,10.737127449119685,10.63426615003766,10.729215621948242
2021-12-09,10.752954377536737,10.760866960592216,10.7133922168448,10.737129211425781
2021-12-10,10.816249713249675,10.816249713249675,10.745038000068389,10.76877498626709
2021-12-13,10.825963745357697,10.825963745357697,10.730650876714849,10.770364761352539
2021-12-14,10.810077187011203,10.810077187011203,10.730650180369436,10.786249160766602
2021-12-15,10.810076457738623,10.825962312482858,10.762420408464408,10.794191360473633
2021-12-16,10.802135218958266,10.865677128453843,10.75447840809693,10.833906173706055
2021-12-17,10.857736332713985,10.913335325071698,10.849793403097323,10.889507293701172
2021-12-20,10.905390990157258,10.921276847343488,10.865677862150408,10.87362003326416
2021-12-21,10.905390283079385,10.905390283079385,10.810077418579937,10.841848373413086
2021-12-22,10.810075484420867,10.945102207672344,10.810075484420867,10.921274185180664
2021-12-23,10.984819440616128,10.984819440616128,10.913334593814989,10.94510555267334
2021-12-27,10.968930987643201,11.02452995928351,10.865675213540355,10.921274185180664
2021-12-28,10.95304848175778,10.95304848175778,10.90539166473055,10.94510555267334
2021-12-29,10.960992622466094,10.968935552428542,10.90539287020845,10.913335800170898
2021-12-30,10.945106697276088,10.99276351928711,10.897450632744558,10.99276351928711
2021-12-31,11.072188142028374,11.072188142028374,10.905390437423817,10.96893310546875
2022-01-03,10.968935009625103,11.080132993678713,10.968935009625103,11.01659107208252
2022-01-04,11.008648142513131,11.024534001651908,10.960992080055714,11.01659107208252
2022-01-05,11.048360674915878,11.048360674915878,10.825963976664195,10.87362003326416
2022-01-06,10.90539287020845,10.913335800170898,10.825965843022448,10.913335800170898
2022-01-07,10.889505161032261,10.89744808909333,10.8339061795634,10.881562232971191
2022-01-10,10.857734933557293,10.881562961857275,10.802135948364214,10.87362003326416
2022-01-11,10.849791272340292,10.865677128453843,10.802135218958266,10.833906173706055
2022-01-12,10.841847409747846,10.849790337119964,10.762420408464408,10.794191360473633
2022-01-13,10.770366700932627,10.79419473301457,10.730652809143066,10.730652809143066
2022-01-14,10.70832817764783,10.732248280298425,10.556832419912576,10.604673385620117
2022-01-18,10.46912669481313,10.501020424042155,10.237896967801083,10.245870590209961
2022-01-19,10.253841428584066,10.325602495288715,10.118292916010022,10.166133880615234
2022-01-20,10.190053006177376,10.261814066004991,10.078425366806652,10.10234546661377
2022-01-21,10.078427175509354,10.166134730813203,10.070453554007258,10.118293762207031
2022-01-24,10.086398226471516,10.10234546661377,9.903009527273175,10.10234546661377
2022-01-25,10.062477151940758,10.19005201909592,10.038557054450711,10.158158302307129
2022-01-26,10.166132916687957,10.269787696499018,10.118291956618906,10.134239196777344
2022-01-27,10.166132916687957,10.206000256677791,10.118291956618906,10.134239196777344
2022-01-28,10.126262664794922,10.158156375534196,10.094368954055648,10.126262664794922
2022-01-31,10.126263582552484,10.198024628321164,10.086396250413648,10.15018367767334
2022-02-01,10.142210819570463,10.229918341951011,10.118289964043493,10.15018367767334
2022-02-02,10.174106475151076,10.221946674524135,10.086398175623367,10.094371795654297
2022-02-03,10.022611645590338,10.062478988956093,9.934904098510742,9.934904098510742
2022-02-04,9.934902030670509,9.990715843521738,9.791379928588867,9.791379928588867
2022-02-07,9.775434494018555,9.887062131633673,9.759487254127109,9.775434494018555
2022-02-08,9.767459020763829,9.807326352521637,9.751511783898263,9.783406257629395
2022-02-09,9.823277564966675,9.823277564966675,9.687729027883309,9.711649894714355
2022-02-10,9.663807967896005,9.743542661985503,9.655834346405777,9.679755210876465
2022-02-11,9.663804934838893,9.687725031395683,9.5043363571167,9.5043363571167
2022-02-14,9.505938541860294,9.529963446716723,9.313737775532962,9.353779792785645
2022-02-15,9.345771598985918,9.449880542384715,9.329754485968571,9.42585563659668
2022-02-16,9.401826695819896,9.50593560299527,9.345768347239972,9.481910705566406
2022-02-17,9.48191319294401,9.618055586984497,9.465896081297872,9.561996459960938
2022-02-18,9.561998766463892,9.626066464764648,9.545982414692281,9.57000732421875
2022-02-22,9.489922812527327,9.529964068655202,9.361788196208911,9.369796752929688
2022-02-23,9.377806209443786,9.42585679064086,9.297722162028023,9.345772743225098
2022-02-24,9.289712590154203,9.417846430503156,9.289712590154203,9.393820762634277
2022-02-25,9.4098377822619,9.465896145930303,9.377804322488823,9.433862686157227
2022-02-28,9.425853368020961,9.505936622619629,9.40182770427734,9.505936622619629
2022-03-01,9.505938005740132,9.666105301979723,9.505938005740132,9.602038383483887
2022-03-02,9.578015881973608,9.594032233745217,9.529965299182567,9.57000732421875
2022-03-03,9.586021484598556,9.634071288838943,9.570004374026514,9.61004638671875
2022-03-04,9.602037455209901,9.602037455209901,9.513945641728853,9.537970542907715
2022-03-07,9.521954654443453,9.586021569825485,9.385812268322168,9.417845726013184
2022-03-08,9.3617873359339,9.409837908105086,9.313737527500649,9.329753875732422
2022-03-09,9.329757032905027,9.377807621336443,9.281707208211804,9.289715766906738
2022-03-10,9.209629596418944,9.249671616977066,9.105520648463038,9.113529205322266
2022-03-11,9.089503288269043,9.145561652577237,9.001410700084243,9.089503288269043
2022-03-14,9.066974764990437,9.099155654962997,8.94629585215364,8.970431327819824
2022-03-15,8.946298271888502,9.026750902206656,8.930208206176758,8.930208206176758
2022-03-16,8.97043375408269,8.98652458704758,8.889981891017682,8.930208206176758
2022-03-17,8.930208419832713,9.010660284822539,8.922163003157781,8.978479385375977
2022-03-18,8.994571278280478,9.066978502378062,8.994571278280478,9.002615928649902
2022-03-21,8.962390899658203,9.00261645561969,8.906073740256186,8.962390899658203
2022-03-22,8.994570218725839,9.002614868147608,8.93825306925448,8.978479385375977
2022-03-23,8.946298599243164,8.994570332651,8.922163116165832,8.946298599243164
2022-03-24,8.946299448686847,8.954344866227586,8.889983060408154,8.922163963317871
2022-03-25,8.906071036888815,8.906071036888815,8.78539287112866,8.809528350830078
2022-03-28,8.801483560407883,8.873890771908778,8.769302662768943,8.793438911437988
2022-03-29,8.817576069541142,8.889983294810477,8.777349748030035,8.857802391052246
2022-03-30,8.865844010848711,8.970431327819824,8.865844010848711,8.970431327819824
2022-03-31,8.994571091655052,9.22788282709899,8.94629935417382,9.2117919921875
2022-04-01,9.163520697690137,9.243972567640922,9.107203544746055,9.195701599121094
2022-04-04,9.16352135902307,9.219837748778305,9.11524961976625,9.171566009521484
2022-04-05,9.13938495922239,9.147430376845067,8.986525860657803,9.002615928649902
2022-04-06,8.970435772457057,9.042843002584606,8.938254866539626,8.954345703125
2022-04-07,8.962390283768327,9.00261583696554,8.90607312823639,8.922163963317871
2022-04-08,8.873894146963641,8.889984985529585,8.817577746489663,8.865849494934082
2022-04-11,8.857800187707184,8.881935667708929,8.753212084695521,8.777347564697266
2022-04-12,8.801484013472669,8.80952943010983,8.664715766906738,8.664715766906738
2022-04-13,8.672759164609525,8.729076305688615,8.616442790783486,8.640578269958496
2022-04-14,8.607442728097464,8.623607310341862,8.534704420306788,8.567032814025879
2022-04-18,8.502377521742448,8.550869735463655,8.502377521742448,8.51854133605957
2022-04-19,8.486214437225026,8.494296731197654,8.429639920956586,8.453886032104492
2022-04-20,8.46196586679976,8.655936241149902,8.46196586679976,8.655936241149902
2022-04-21,8.655934857284938,8.680180957509931,8.575113495508795,8.591278076171875
2022-04-22,8.542788953493467,8.591281946559258,8.453886032104492,8.453886032104492
2022-04-25,8.421554565429688,8.437718376728808,8.373061589992933,8.421554565429688
2022-04-26,8.421554451615227,8.461965135471436,8.373061476833838,8.397308349609375
2022-04-27,8.397308994761191,8.42963739017596,8.340733724708036,8.356898307800293
2022-04-28,8.356897565008225,8.542785629428293,8.332651463294667,8.52662181854248
2022-04-29,8.510456591425628,8.510456591425628,8.397307611497505,8.429636001586914
2022-05-02,8.405387414459652,8.43771579794721,8.316484552561233,8.324566841125488
2022-05-03,8.332651367079105,8.381143569946289,8.316486785610264,8.381143569946289
2022-05-04,8.405391045415916,8.445801734924316,8.300324331771787,8.445801734924316
2022-05-05,8.405390103980935,8.405390103980935,8.300323402104667,8.308404922485352
2022-05-06,8.332649370316819,8.373059272766113,8.267991830705087,8.373059272766113
2022-05-09,8.308402503923864,8.381141561563766,8.27607411950274,8.373059272766113
2022-05-10,8.389227878528207,8.437720093059145,8.284160386018034,8.405391693115234
2022-05-11,8.316488057451352,8.381144851675344,8.284159660339355,8.284159660339355
2022-05-12,8.267994642332367,8.364980599346422,8.267994642332367,8.356898307800293
2022-05-13,8.469775265019768,8.469775265019768,8.315483627760356,8.356086730957031
2022-05-16,8.315481839100416,8.356084933563368,8.29112029219849,8.299241065979004
2022-05-17,8.299241478438873,8.315482252367428,8.23427683384535,8.258638381958008
2022-05-18,8.20991312093298,8.242395437728815,8.088104626558472,8.161190032958984
2022-05-19,8.120589733877074,8.161192837434417,8.03126352560275,8.104348182678223
2022-05-20,8.112465623002935,8.153068709867147,8.063742538317456,8.120586395263672
2022-05-23,8.12058919662076,8.185553848238547,8.096227645874023,8.096227645874023
2022-05-24,8.136832922663578,8.25864148341054,8.136832922663578,8.250520706176758
2022-05-25,8.2748826105518,8.510379739130489,8.2748826105518,8.486018180847168
2022-05-26,8.50225546740711,8.680907837711667,8.50225546740711,8.640305519104004
2022-05-27,8.72151612613053,8.794601582264368,8.64843066999669,8.737757682800293
2022-05-31,8.72151612613053,8.778360800034653,8.640310666101858,8.737757682800293
2022-06-01,8.77835678994501,8.810839114006058,8.713391367383219,8.770236015319824
2022-06-02,8.753996186995328,8.84332317655355,8.753996186995328,8.802720069885254
2022-06-03,8.729632377624512,8.770235473803718,8.66466773351364,8.729632377624512
2022-06-06,8.729632490718641,8.753994038965915,8.648426297308188,8.672788619995117
2022-06-07,8.664666007474265,8.729630638643897,8.648424462462112,8.697148323059082
2022-06-08,8.664668321061155,8.70527141999364,8.607824447219496,8.656547546386719
2022-06-09,8.656545947995799,8.656545947995799,8.453531265258789,8.453531265258789
2022-06-10,8.3966891768906,8.429171502017384,8.33984530152866,8.404809951782227
2022-06-13,8.315481704735422,8.315481704735422,8.161190877596837,8.218034744262695
2022-06-14,8.217219945234389,8.22538023150202,8.045857824652774,8.086658477783203
2022-06-15,8.07033868345567,8.184579578371592,7.972417582867281,8.086658477783203
2022-06-16,7.9968979127792705,7.9968979127792705,7.9152966039743555,7.972417831420898
2022-06-17,7.939775125657504,8.037696988270909,7.915295049107955,7.9560956954956055
2022-06-21,8.005055496737489,8.01321500229707,7.947934288575474,7.964254856109619
2022-06-22,7.964257721813281,8.05401854092639,7.964257721813281,8.037698745727539
2022-06-23,8.086662092626053,8.241704488186098,8.078501802710667,8.16826343536377
2022-06-24,8.160098453733466,8.298820189703546,8.160098453733466,8.29065990447998
2022-06-27,8.266179944449156,8.290660022259994,8.217219010619843,8.233539581298828
2022-06-28,8.241699899986651,8.43754207968106,8.241699899986651,8.38042163848877
2022-06-29,8.39674260543379,8.421222686767578,8.355941951072307,8.421222686767578
2022-06-30,8.453862403667571,8.453862403667571,8.372261879435602,8.42938232421875
2022-07-01,8.453862586423528,8.559943970605286,8.453862586423528,8.49466323852539
2022-07-05,8.494663976123881,8.543624918538976,8.445703811916566,8.519144058227539
2022-07-06,8.502823524587305,8.608904908769063,8.486502952463475,8.49466323852539
2022-07-07,8.50282439130719,8.55178455625392,8.453863448152669,8.462023735046387
2022-07-08,8.478345998111173,8.510986373981725,8.429385045201373,8.486505508422852
2022-07-11,8.48650030029052,8.559941295480794,8.45385994445123,8.47018051147461
2022-07-12,8.478341846937278,8.568102642080541,8.478341846937278,8.502821922302246
2022-07-13,8.42122222038358,8.519143318503422,8.42122222038358,8.49466323852539
2022-07-14,8.409424319110093,8.491387048275788,8.393031304279772,8.450406074523926
2022-07-15,8.450403868645274,8.548759586966685,8.450403868645274,8.499581336975098
2022-07-18,8.51597269850157,8.51597269850157,8.409420495537264,8.425812721252441
2022-07-19,8.48318988705641,8.48318988705641,8.442208138577222,8.466796875
2022-07-20,8.466794667693346,8.524168631609625,8.450402441572253,8.483187675476074
2022-07-21,8.49138643168848,8.548761197766465,8.458601186070453,8.515975952148438
2022-07-22,8.524169294421498,8.606132776385081,8.524169294421498,8.532365798950195
2022-07-25,8.515974347526216,8.556955310580479,8.491384831699538,8.499581336975098
2022-07-26,8.515974548934475,8.59793725864324,8.515974548934475,8.589740753173828
2022-07-27,8.647117922434033,8.655314430190355,8.573350915951131,8.630724906921387
2022-07-28,8.630722641607733,8.917594084487606,8.622526917664551,8.868415832519531
2022-07-29,8.884808066380657,8.933985532384304,8.81923759060131,8.901200294494629
2022-08-01,8.868413001106543,8.933983461688136,8.868413001106543,8.8930025100708
2022-08-02,8.893004213440438,8.917592945452883,8.8356294631958,8.8356294631958
2022-08-03,8.83562821055416,8.893002952664684,8.83562821055416,8.852021217346191
2022-08-04,8.852020450239944,8.933983132112548,8.852020450239944,8.884805679321289
2022-08-05,8.860218467832357,8.860218467832357,8.786451494371386,8.794647216796875
2022-08-08,8.835630591761413,8.893005349334466,8.835630591761413,8.868415832519531
2022-08-09,8.835630567054595,8.893005324467213,8.811041831970215,8.811041831970215
2022-08-10,8.852021906411343,8.925788879394531,8.835628898343234,8.925788879394531
2022-08-11,8.909394405716919,8.942179634798265,8.876609176635574,8.884805679321289
2022-08-12,8.91444056372502,8.95559695630312,8.906209128210818,8.930903434753418
2022-08-15,8.91444056372502,8.95559695630312,8.91444056372502,8.930903434753418
2022-08-16,8.930905009970813,8.939135661943824,8.848592210296424,8.865055084228516
2022-08-17,8.799203293334351,8.848591124074918,8.716891288757324,8.716891288757324
2022-08-18,8.716891288757324,8.741584811631139,8.700428416846156,8.716891288757324
2022-08-19,8.683964535427542,8.708658053198556,8.519339775299482,8.560495376586914
2022-08-22,8.535805060812146,8.535805060812146,8.453493042367185,8.502880096435547
2022-08-23,8.50287669336643,8.560495161716823,8.453489659064024,8.519339561462402
2022-08-24,8.511108127414417,8.576958029812795,8.511108127414417,8.519339561462402
2022-08-25,8.519342971120382,8.544036498154563,8.502880096435547,8.502880096435547
2022-08-26,8.494646407350778,8.502877842511225,8.437027931213379,8.437027931213379
2022-08-29,8.404106499258225,8.486419315389277,8.33825656035066,8.346487998962402
2022-08-30,8.362947564059835,8.445260355317437,8.321791168431034,8.412335395812988
2022-08-31,8.48641644204332,8.502878528699851,8.404103653781876,8.445260047912598
2022-09-01,8.39586987562487,8.39586987562487,8.288863594735448,8.305326461791992
2022-09-02,8.297100152285132,8.371181529804442,8.297100152285132,8.346487998962402
2022-09-06,8.297096965974324,8.321790487333379,8.280634880065918,8.280634880065918
2022-09-07,8.280635119730857,8.313560077493502,8.272403684041967,8.297097206115723
2022-09-08,8.272403717041016,8.313560110656725,8.272403717041016,8.272403717041016
2022-09-09,8.280635185992418,8.31356014401853,8.247710227966309,8.247710227966309
2022-09-12,8.288865120479281,8.297096555522726,8.239478080204313,8.264171600341797
2022-09-13,8.231248449562475,8.255941975113117,8.18186061346817,8.2147855758667
2022-09-14,8.194938659667969,8.228016080336166,8.186669107343942,8.194938659667969
2022-09-15,8.170130557281832,8.170130557281832,8.021281774224917,8.062628746032715
2022-09-16,8.021280699851518,8.046088564162265,7.955125869271002,7.9964728355407715
2022-09-19,7.955125984494945,7.979933849165014,7.922048568725585,7.922048568725586
2022-09-20,7.880703449249268,7.9137808727726275,7.839356472688072,7.880703449249268
2022-09-21,7.864162685536269,7.905509649235873,7.855893135070801,7.855893135070801
2022-09-22,7.8558931827669,7.864162733282576,7.715313978511379,7.740121841430664
2022-09-23,7.731854618811566,7.773200802365718,7.657430226609451,7.698777198791504
2022-09-26,7.657430298047809,7.68223816613732,7.583005905151367,7.583005905151367
2022-09-27,7.56646728515625,7.599544707602858,7.549928968246925,7.56646728515625
2022-09-28,7.583007092126819,7.698778475712858,7.566467985059658,7.5912766456604
2022-09-29,7.5251240375672666,7.558201472932535,7.467237934206846,7.483777046203613
2022-09-30,7.483774778305061,7.541660075495535,7.450697352963643,7.533390522003174
2022-10-03,7.566466090017043,7.682237444607822,7.549927775719979,7.574735641479492
2022-10-04,7.591273875287209,7.74839139194634,7.591273875287209,7.740121841430664
2022-10-05,7.6739684875446175,7.690507591750578,7.60781364797657,7.657430171966553
2022-10-06,7.649160619863574,7.698777143853557,7.640891067760594,7.657430171966553
2022-10-07,7.616085583874289,7.68224044414846,7.599546474491675,7.640893459320068
2022-10-10,7.616083325480019,7.624352877719158,7.583005905151367,7.583005905151367
2022-10-11,7.566464491011612,7.649158410904893,7.566464491011612,7.607811450958252
2022-10-12,7.591273140156196,7.649158410904893,7.591273140156196,7.607811450958252
2022-10-13,7.508580503344302,7.607812750996646,7.508580503344302,7.558197021484375
2022-10-14,7.588119864099857,7.588119864099857,7.513318994760985,7.538252353668213
2022-10-17,7.538253721027282,7.571498469806227,7.496698379516602,7.496698379516602
2022-10-18,7.505006932729491,7.563185821745272,7.496696342256194,7.529941082000732
2022-10-19,7.471761958005271,7.529940845191383,7.455139984964306,7.48838472366333
2022-10-20,7.513314723968506,7.538248068702876,7.471758621000062,7.513314723968506
2022-10-21,7.446826566867288,7.480071296480303,7.413581837254273,7.4385151863098145
2022-10-24,7.430203587076374,7.430203587076374,7.288914084841963,7.3221588134765625
2022-10-25,7.330471054598662,7.380338555106864,7.28891572889503,7.305537700653076
2022-10-26,7.305538505834618,7.39696134212264,7.297227122731038,7.3637166023254395
2022-10-27,7.355403542111163,7.3886482707457635,7.3138474331637,7.3221588134765625
2022-10-28,7.3138474331637,7.372025510120037,7.2806027045291,7.3221588134765625
2022-10-31,7.322160465028154,7.363715790731786,7.280604346707491,7.305537700653076
2022-11-01,7.3304692495840875,7.347092009866068,7.272291173830828,7.297224521636963
2022-11-02,7.255670070648194,7.388649805424346,7.255670070648194,7.255670070648193
2022-11-03,7.239048718192534,7.297226812207668,7.230737335442634,7.280604839324951
2022-11-04,7.288913934112808,7.338780629725077,7.247357826024694,7.297224521636963
2022-11-07,7.322160465028154,7.322160465028154,7.263981582332414,7.305537700653076
2022-11-08,7.305537700653076,7.355405201161278,7.280604346707491,7.305537700653076
2022-11-09,7.305537605697271,7.338782341398288,7.2639814879167455,7.288915634155273
2022-11-10,7.421891931531322,7.521626103085541,7.3554024838285095,7.513314723968506
2022-11-11,7.521628715861974,7.6296743040648565,7.521628715861974,7.579806804656982
2022-11-14,7.553932084236092,7.595666673965348,7.503850417356767,7.512197494506836
2022-11-15,7.587319807993582,7.612360244119651,7.553932294485119,7.595666885375977
2022-11-16,7.6373987842791555,7.795990031090281,7.604011279059063,7.787642955780029
2022-11-17,7.737563475200984,7.862766443088854,7.704175168008425,7.79599142074585
2022-11-18,7.804338129745228,7.854418996131768,7.779296900530938,7.837725639343262
2022-11-21,7.837726045910685,7.946235656738281,7.829378969072932,7.946235656738281
2022-11-22,7.979623330348349,8.07978586637518,7.954582099325834,8.071438789367676
2022-11-23,8.096477944148766,8.121518375190796,8.088130868461105,8.104825019836426
2022-11-25,8.079785346984863,8.13821329023934,8.079785346984863,8.079785346984863
2022-11-28,8.079784278691548,8.138212214220799,8.021355547141379,8.038049697875977
2022-11-29,8.029703012560283,8.146559685316143,8.004662581262942,8.088130950927734
2022-11-30,8.121519495297933,8.230029106140137,8.113173214480119,8.230029106140137
2022-12-01,8.230029048688214,8.271763636570194,8.104826081063333,8.146560668945312
2022-12-02,8.146560668945312,8.16325402648547,8.063091493181355,8.146560668945312
2022-12-05,8.129864374521718,8.171598951413602,8.03804894217625,8.163251876831055
2022-12-06,8.171601103266077,8.20498861436745,8.1298665153841,8.146560668945312
2022-12-07,8.18829531398788,8.26341661747458,8.154907802653437,8.230029106140137
2022-12-08,8.23002927240489,8.23002927240489,8.038051277358733,8.071438789367676
2022-12-09,8.054744378097169,8.104826042521596,7.987969356211968,7.996316432952881
2022-12-12,7.9963174299545,8.096479975270828,7.9796240704123536,7.987970352172852
2022-12-13,8.113171784139823,8.171599719669073,8.013009267795,8.038049697875977
2022-12-14,8.062354785086036,8.079116821289062,7.986927220688172,8.079116821289062
2022-12-15,8.070736472524873,8.112640767249847,7.9953089018715096,8.045594215393066
2022-12-16,8.037211921479626,8.037211921479626,7.9534033453260475,7.961784362792969
2022-12-19,7.945023342906461,7.986927636336897,7.919881086551367,7.936643123626709
2022-12-20,7.919882705698406,7.978549048197976,7.911501685447313,7.9450249671936035
2022-12-21,7.9534027044013165,7.9534027044013165,7.911498419701382,7.91987943649292
2022-12-22,7.919879973310529,7.9282609906701405,7.877975685770279,7.894737720489502
2022-12-23,7.903120843811563,7.903120843811563,7.852835525512059,7.8612165451049805
2022-12-27,7.861215784567947,7.8863580416562895,7.810930471133321,7.82769250869751
2022-12-28,7.819312860459535,7.953405987444697,7.819312860459535,7.9450249671936035
2022-12-29,7.96178496564151,8.079116821289062,7.96178496564151,8.079116821289062
2022-12-30,8.079117040951951,8.305398941040039,8.062355004293183,8.305398941040039
2023-01-03,8.330542679433727,8.338923699254758,8.229972839355469,8.229972839355469
2023-01-04,8.255114813011058,8.338922602423889,8.213210518675675,8.23835277557373
2023-01-05,8.162923898576539,8.179685933329933,8.06235408782959,8.06235408782959
2023-01-06,8.095876617218481,8.204827435371952,8.087495600608737,8.196446418762207
2023-01-09,8.229970549217981,8.271874837404477,8.229970549217981,8.25511360168457
2023-01-10,8.213209313498075,8.271874837404477,8.213209313498075,8.25511360168457
2023-01-11,8.263492221270301,8.347300781429787,8.238349972925521,8.330538749694824
2023-01-12,8.364066272012275,8.456255894972529,8.355686051136129,8.405970573425293
2023-01-13,8.379885554713931,8.447193807974472,8.34623142808366,8.363058090209961
2023-01-17,8.337819439334245,8.363059838990493,8.28733864002175,8.295751571655273
2023-01-18,8.32940453059073,8.379886125161425,8.32940453059073,8.354645729064941
2023-01-19,8.337820586425341,8.430370068527314,8.337820586425341,8.346234321594238
2023-01-20,8.379886789918732,8.455608786592766,8.354646391819983,8.447195053100586
2023-01-23,8.464023098603953,8.531331366386352,8.447195630469432,8.50609016418457
2023-01-24,8.564983612356038,8.564983612356038,8.44719376851154,8.489261627197266
2023-01-25,8.447193562940539,8.48084768859458,8.38829904364038,8.438779830932617
2023-01-26,8.421954154968262,8.49767614714648,8.388300025375468,8.421954154968262
2023-01-27,8.413539349901493,8.430366813742562,8.379885224596991,8.405125617980957
2023-01-30,8.379888608602688,8.430370218133977,8.346234469707815,8.413542747497559
2023-01-31,8.421955187873955,8.472435987265461,8.405127719824893,8.455609321594238
2023-02-01,8.45560643029243,8.522914674717683,8.438778967997335,8.472433090209961
2023-02-02,8.489266111137164,8.573401070570137,8.489266111137164,8.564988136291504
2023-02-03,8.548156147930682,8.57339654219105,8.43036710646385,8.489261627197266
2023-02-06,8.421953986907385,8.44719438300387,8.354645729064941,8.354645729064941
2023-02-07,8.38830154715097,8.497677688764607,8.3630603435939,8.480850219726562
2023-02-08,8.506090620905745,8.514504355424767,8.47243648520754,8.480850219726562
2023-02-09,8.49767614714648,8.556570673339433,8.421954154968262,8.421954154968262
2023-02-10,8.455607207126528,8.480847600510494,8.379885224596991,8.405125617980957
2023-02-13,8.455608284561055,8.480848681161214,8.379886292382835,8.421954154968262
2023-02-14,8.462492573722912,8.462492573722912,8.369590447407754,8.394927024841309
2023-02-15,8.411818982054333,8.411818982054333,8.32736264632763,8.36114501953125
2023-02-16,8.318916705522915,8.327361693781334,8.09933090209961,8.09933090209961
2023-02-17,8.073996172132501,8.133115130631861,8.040213795070667,8.107778549194336
2023-02-21,8.107778449744059,8.107778449744059,7.981093933239543,8.023322105407715
2023-02-22,8.065552154856848,8.065552154856848,7.972649993376541,7.981095790863037
2023-02-23,8.02332259136357,8.031768387395827,7.955757833976396,7.972648620605469
2023-02-24,7.964200965677051,7.972645953448694,7.871298851272438,7.913527011871338
2023-02-27,7.938866138458252,7.964203526224844,7.921975352049287,7.938866138458252
2023-02-28,7.964205001325623,7.997987385836031,7.930422616815215,7.981095790863037
2023-03-01,7.972648516711611,7.9979859044782025,7.938866138458252,7.938866138458252
2023-03-02,7.9304203467279155,7.9304203467279155,7.879746381749964,7.888192176818848
2023-03-03,7.913528974775621,7.947311350547226,7.896638189607504,7.905083179473877
2023-03-06,7.930422306060791,7.938867297780791,7.896639922874149,7.930422306060791
2023-03-07,7.921974770077365,7.930420565379109,7.905083179473877,7.905083179473877
2023-03-08,7.930420565379109,7.947311350547226,7.88819239430576,7.905083179473877
2023-03-09,7.938867608866133,7.989541588349534,7.921976819328718,7.981095790863037
2023-03-10,7.997985847943907,8.04021402182097,7.930421091914775,7.947311878204346
2023-03-13,7.981092398852038,8.023320562901727,7.947310028699335,7.989538192749023
2023-03-14,8.013281105033064,8.030240818633535,7.903045392680966,7.911525249481201
2023-03-15,8.013283926910624,8.013283926910624,7.877609405063697,7.9963250160217285
2023-03-16,7.9963231295522,8.081119281359697,7.970883556194578,8.021761894226074
2023-03-17,8.072641407034881,8.131998802806534,8.030242920619186,8.123518943786621
2023-03-20,8.123518694610135,8.174397038485127,8.06416130065918,8.06416130065918
2023-03-21,8.131997626146857,8.131997626146857,7.953924655914307,7.953924655914307
2023-03-22,7.996323634948106,8.0217624012298,7.920006527419225,7.979363918304443
2023-03-23,7.979366066226106,8.030244421168959,7.911528798758315,7.920008659362793
2023-03-24,7.979363937514485,8.064160903569343,7.945445312829302,8.004802703857422
2023-03-27,8.013282278932454,8.10655910003225,7.979363655446284,7.9878435134887695
2023-03-28,8.013283729553223,8.05568221875715,7.987844959504435,8.013283729553223
2023-03-29,8.04720182927636,8.072641406333888,8.013283201883523,8.030242919921875
2023-03-30,8.055682350516236,8.199836730957031,8.055682350516236,8.199836730957031
2023-03-31,8.250713004908603,8.34398983009609,8.216794379936008,8.318551063537598
2023-04-03,8.343991610423068,8.369430382409337,8.199837221360898,8.225275993347168
2023-04-04,8.182874894064957,8.259191994395126,8.174395845226723,8.191354751586914
2023-04-05,8.17439767743328,8.31855205288237,8.17439767743328,8.276153564453125
2023-04-06,8.301591873168945,8.360949268464282,8.25919338709348,8.301591873168945
2023-04-10,8.276154346003691,8.284634206227107,8.21679613312375,8.225275993347168
2023-04-11,8.259194546694035,8.318552759007193,8.250714686551587,8.310072898864746
2023-04-12,8.310070562990841,8.360948092176438,8.293110847473145,8.293110847473145
2023-04-13,8.293110847473145,8.352469043101335,8.293110847473145,8.293110847473145
2023-04-14,8.340773446960744,8.349284634909496,8.187575310569443,8.21310806274414
2023-04-17,8.221620238157639,8.255664182369966,8.153532349732986,8.187576293945312
2023-04-18,8.170555930523546,8.187577499299755,8.051401702402991,8.0684232711792
2023-04-19,8.025866659108699,8.051399410841857,7.974800343970841,7.991822719573975
2023-04-20,7.97480114191077,8.051400216446108,7.957779576276041,8.025867462158203
2023-04-21,8.02586585771075,8.11097529221345,8.01735467075904,8.085442543029785
2023-04-24,8.085444483215786,8.085444483215786,8.051400538911217,8.059911727905273
2023-04-25,8.068422671187735,8.102467429552032,8.03437872449515,8.076933860778809
2023-04-26,8.10246746743081,8.179065739093433,8.10246746743081,8.153532981872559
2023-04-27,8.153533051806011,8.153533051806011,8.10246753692627,8.10246753692627
2023-04-28,8.11097347915419,8.179061336205143,8.11097347915419,8.136507034301758
2023-05-01,8.110976881624918,8.162043201670565,8.042888996011802,8.051400184631348
2023-05-02,8.025867076540527,8.0769325826628,8.008844700052045,8.042888641357422
2023-05-03,8.042889027792931,8.068421782080836,8.025867462158203,8.025867462158203
2023-05-04,8.042889914086224,8.136511376244615,8.017357156984716,8.076933860778809
2023-05-05,8.085445088169083,8.179065739093433,8.085445088169083,8.153532981872559
2023-05-08,8.153532305805617,8.153532305805617,8.09395560667293,8.110977172851562
2023-05-09,8.119488427520354,8.145021182830867,8.04288934991716,8.059911727905273
2023-05-10,8.085445050369882,8.110977807471391,8.059912293268374,8.076933860778809
2023-05-11,8.136511981299355,8.136511981299355,8.051401702402991,8.0684232711792
2023-05-12,8.090634627440133,8.090634627440133,8.047917281808525,8.07354736328125
2023-05-15,8.09917579105173,8.124806682056699,8.065002084477202,8.107719421386719
2023-05-16,8.107720200917518,8.107720200917518,8.047916412353516,8.047916412353516
2023-05-17,8.04791840750645,8.11626584417084,8.013744689174253,8.02228832244873
2023-05-18,8.03082863556905,8.05645952739638,7.971024850836203,7.9795684814453125
2023-05-19,7.95393966232493,7.97956974344028,7.919765949249268,7.919765949249268
2023-05-22,7.936852004573542,7.9453956361099145,7.868504581813651,7.88559103012085
2023-05-23,7.8685048605925685,7.894134941344207,7.859961228753497,7.877048492431641
2023-05-24,7.868505286588504,7.8770489188901225,7.740354061126709,7.740354061126709
2023-05-25,7.757441396168102,7.8685061844659145,7.757441396168102,7.834332466125488
2023-05-26,7.851420160823012,7.877051064710089,7.817246437072754,7.817246437072754
2023-05-30,7.825791068109428,7.9283122524135665,7.825791068109428,7.91122579574585
2023-05-31,7.953941079925194,8.065005056141409,7.8855928268268345,8.030831336975098
2023-06-01,8.065003450661543,8.12480805837174,8.022286921281424,8.0906343460083
2023-06-02,8.124807463230383,8.124807463230383,8.022286333649731,8.047916412353516
2023-06-05,8.047919801360996,8.073549890857702,8.005202442355916,8.065006256103516
2023-06-06,8.090634627440133,8.116264708912858,8.056460913887966,8.07354736328125
2023-06-07,8.107723708136099,8.107723708136099,8.030832623997881,8.039376258850098
2023-06-08,8.090632975482173,8.13335031239169,8.073545714812193,8.107719421386719
2023-06-09,8.107721947205594,8.141895664426345,8.099178314208984,8.099178314208984
2023-06-12,8.11626504645533,8.124808678890089,8.073547699047175,8.082091331481934
2023-06-13,8.082093618345315,8.082093618345315,8.030832623997881,8.039376258850098
2023-06-14,8.061670634609527,8.070247076608222,7.993060734409028,8.027365684509277
2023-06-15,8.027366874248003,8.087401159242038,7.958756963878805,8.010214805603027
2023-06-16,8.001639178142682,8.010215622286907,7.975910663604736,7.975910663604736
2023-06-20,7.941606889942638,8.00164037212075,7.941606889942638,7.993063926696777
2023-06-21,8.001638362333216,8.027366874248003,7.98448629368824,8.010214805603027
2023-06-22,7.950181338503641,8.035943317517814,7.950181338503641,8.010214805603027
2023-06-23,8.053097537572471,8.095978125232845,8.018792576707302,8.061673164367676
2023-06-26,8.061669302216629,8.10455068722835,8.044517238948576,8.070245742797852
2023-06-27,8.07882366237477,8.130280679493593,8.07882366237477,8.121705055236816
2023-06-28,8.164583977642252,8.18173603886044,8.130278219417288,8.1731595993042
2023-06-29,8.113129665920527,8.130281734554432,8.078824710758068,8.10455322265625
2023-06-30,8.173164043204414,8.190316931643238,8.104554125238597,8.113130569458008
2023-07-03,8.138856887817383,8.190314721352374,8.138856887817383,8.138856887817383
2023-07-05,8.173161837542539,8.216043229172612,8.121704821902064,8.138856887817383
2023-07-06,8.078822414803575,8.078822414803575,7.984484019390902,8.053093910217285
2023-07-07,8.061672486080885,8.138858846006965,8.04452041603882,8.130282402038574
2023-07-10,8.130280679493593,8.156010005947545,8.095975728782864,8.121705055236816
2023-07-11,8.138855631658847,8.14743207224007,8.070245742797852,8.070245742797852
2023-07-12,8.10455373646757,8.156011581420898,8.10455373646757,8.156011581420898
2023-07-13,8.190318819362536,8.207470893859863,8.164590298669085,8.207470893859863
2023-07-14,8.204025411540814,8.247068732303092,8.186808575825738,8.195417404174805
2023-07-17,8.212633312238244,8.212633312238244,8.1351555078142,8.16958999633789
2023-07-18,8.178201663103676,8.229853824313803,8.152375992990237,8.186810493469238
2023-07-19,8.204022407531738,8.255674537729988,8.195414403317661,8.204022407531738
2023-07-20,8.195416478467882,8.221242139614908,8.143764335190864,8.16958999633789
2023-07-21,8.16958999633789,8.212633312238244,8.16958999633789,8.16958999633789
2023-07-24,8.221243858337402,8.238460695707094,8.204026199984574,8.221243858337402
2023-07-25,8.212631232728572,8.22984888312224,8.195414403317661,8.204022407531738
2023-07-26,8.229852687513816,8.238460695707094,8.195418191791296,8.221243858337402
2023-07-27,8.229850966991572,8.23845897338527,8.152373162567528,8.16958999633789
2023-07-28,8.212634239889882,8.272894396367235,8.135156426714392,8.195417404174805
2023-07-31,8.24706857837941,8.264286234756195,8.204025258420495,8.212634086608887
2023-08-01,8.169590167038598,8.204024656281783,8.126546850238869,8.13515567779541
2023-08-02,8.100719451904297,8.135153933765352,8.066284970043242,8.100719451904297
2023-08-03,8.04907120990174,8.04907120990174,7.954375732925385,7.962984561920166
2023-08-04,7.9629848722379535,8.04046269424406,7.9629848722379535,7.9888105392456055
2023-08-07,7.997419368575873,7.997419368575873,7.928550375900035,7.9888105392456055
2023-08-08,8.006028164114271,8.023245001718987,7.988810505526408,8.014636993408203
2023-08-09,8.040460595576901,8.04906942266015,8.01463493531009,8.031851768493652
2023-08-10,8.049071489600781,8.109331652692005,8.006028164114271,8.014636993408203
2023-08-11,8.04906942266015,8.057677428760462,8.006026108226841,8.031851768493652
2023-08-14,8.037036953820587,8.045679126661621,7.993826913778382,8.01111125946045
2023-08-15,8.028394757088162,8.028394757088162,7.976542544359227,8.002469062805176
2023-08-16,8.002469049188557,8.002469049188557,7.941974663747241,7.950616836547852
2023-08-17,7.976543092468564,7.976543092468564,7.89876600427514,7.933333873748779
2023-08-18,7.941976137158101,7.967902660369873,7.898766913464708,7.967902660369873
2023-08-21,7.933333501627885,7.933333501627885,7.8123455520637,7.829629898071289
2023-08-22,7.890124816499592,7.907408341313959,7.829631243404627,7.846914768218994
2023-08-23,7.881481287768097,7.898765633775686,7.829629898071289,7.829629898071289
2023-08-24,7.820989173233639,7.829631347837654,7.777779124376698,7.786421298980713
2023-08-25,7.829631306485862,7.829631306485862,7.786421257857132,7.82098913192749
2023-08-28,7.829631347837654,7.829631347837654,7.777779124376698,7.786421298980713
2023-08-29,7.786421257857132,7.838272656881106,7.769136908740389,7.82098913192749
2023-08-30,7.682719538476855,7.81234889230609,7.682719538476855,7.777781009674072
2023-08-31,7.829629850663676,7.846913372403636,7.786419810069316,7.812345504760742
2023-09-01,7.812346998629624,7.820989173233639,7.777779124376698,7.786421298980713
2023-09-05,7.786419797315352,7.803703319027002,7.760493278503418,7.760493278503418
2023-09-06,7.795062556130877,7.795062556130877,7.725925991599043,7.751852512359619
2023-09-07,7.769135521420295,7.769135521420295,7.691357612609863,7.691357612609863
2023-09-08,7.6567908404452485,7.70000088754166,7.630865141852641,7.648149490356445
2023-09-11,7.6827172557304335,7.6827172557304335,7.648149383369479,7.656790733337402
2023-09-12,7.639507748624245,7.656791273943478,7.630865573883057,7.630865573883057
2023-09-13,7.648149490356444,7.674075188949052,7.622222967600739,7.648149490356445
2023-09-14,7.686319648612574,7.686319648612574,7.625592780602056,7.634268283843994
2023-09-15,7.660294692745603,7.660294692745603,7.582216810846148,7.590892314910889
2023-09-18,7.5822171456832095,7.599568154578925,7.564866964129135,7.573541641235352
2023-09-19,7.590892227368636,7.590892227368636,7.5301653542989975,7.564866542816162
2023-09-20,7.5908919097284135,7.6255930967935095,7.530165039199886,7.599567413330078
2023-09-21,7.564865667990346,7.573540343610273,7.486787796020509,7.486787796020508
2023-09-22,7.521489954703347,7.521489954703347,7.469437757534521,7.504138946533203
2023-09-25,7.443411594779098,7.469437278021947,7.4000349044799805,7.4000349044799805
2023-09-26,7.408710165689263,7.408710165689263,7.243879740753639,7.252554416656494
2023-09-27,7.261230716619509,7.287256401866725,7.217854022979736,7.217854022979736
2023-09-28,7.2178523334988505,7.226527835664456,7.105073287370253,7.157125473022461
2023-09-29,7.217854595977123,7.235205605747107,7.139776706695557,7.139776706695557
2023-10-02,7.1397760716189715,7.174478088072228,7.105074882507323,7.105074882507324
2023-10-03,7.122427056417504,7.131102561950684,7.061700172368729,7.131102561950684
2023-10-04,7.183151775949789,7.183151775949789,7.131100413118959,7.1744771003723145
2023-10-05,7.1918284997315975,7.217854185565054,7.113750614889593,7.148451805114746
2023-10-06,7.105074299058509,7.122425305860321,7.0356719265343415,7.0616984367370605
2023-10-09,7.113750614889593,7.148451805114746,7.079049424664439,7.148451805114746
2023-10-10,7.15712713259669,7.226529511331511,7.12242594322928,7.200503826141357
2023-10-11,7.269906927463869,7.287257110201276,7.235205734647356,7.261231422424316
2023-10-12,7.278580336533869,7.278580336533869,7.191826965803592,7.2091779708862305
2023-10-13,7.238795738238642,7.273639485383093,7.2300845937674145,7.264928340911865
2023-10-16,7.2736400966116594,7.2736400966116594,7.169108015653663,7.195241451263428
2023-10-17,7.169108529461974,7.169108529461974,7.0558669566657874,7.09942102432251
2023-10-18,7.0819984761916475,7.0819984761916475,6.942623071939098,7.012310981750488
2023-10-19,7.012310310526541,7.012310310526541,6.960044279328386,7.003599166870117
2023-10-20,6.977467495549105,7.01231124407315,6.933912602208925,6.951334476470947
2023-10-23,6.9600443563354375,6.968755500088242,6.890356867793786,6.907778739929199
2023-10-24,6.942623615264893,6.977467780582589,6.907779865317461,6.942623615264893
2023-10-25,6.907779387472365,6.925201261240924,6.8468030369675255,6.864224910736084
2023-10-26,6.864224591509385,6.9513339563010845,6.864224591509385,6.925200939178467
2023-10-27,6.933912885463167,6.9513347604368825,6.872936115370029,6.942623615264893
2023-10-30,6.925200551929373,6.986177726929114,6.890356807961115,6.977466583251953
2023-10-31,7.0123106988177595,7.021021842956543,6.977466953003056,7.021021842956543
2023-11-01,7.0210235352938195,7.1778200138837684,7.0210235352938195,7.169108867645264
2023-11-02,7.230084574871716,7.29977206897849,7.230084574871716,7.291060924530029
2023-11-03,7.352038742985191,7.491414589783829,7.352038742985191,7.395593643188477
2023-11-06,7.378172299304471,7.439148662117856,7.27364103559268,7.352038860321045
2023-11-07,7.3694603560906975,7.473991608499152,7.3520380653190145,7.456570148468018
2023-11-08,7.491415023803711,7.500125339756506,7.447860121077045,7.491415023803711
2023-11-09,7.508835359301971,7.526257650073654,7.421726397665199,7.456570148468018
2023-11-10,7.491412147094139,7.517544746398926,7.482701003745759,7.517544746398926
2023-11-13,7.508836269378662,7.5262585622619405,7.4565710522101245,7.508836269378662
2023-11-14,7.617278072445996,7.6872415238782095,7.608532432509436,7.67849588394165
2023-11-15,7.669751078035221,7.6872415238782095,7.626023712382555,7.67849588394165
2023-11-16,7.783442017999537,7.835915030039884,7.7484602879827165,7.818423748016357
2023-11-17,7.827168045852454,7.870895409377234,7.783440682327674,7.809677600860596
2023-11-20,7.827169415798593,7.870896786976734,7.765951596567339,7.862151145935059
2023-11-21,7.870896369157686,7.90587809743718,7.8534050880028445,7.879642009735107
2023-11-22,7.932112240939448,7.932112240939448,7.8796400783964895,7.905876159667969
2023-11-24,7.923370810004062,7.940861260288485,7.879643433247493,7.91462516784668
2023-11-27,7.888385772705078,7.932112297123937,7.862148857217772,7.888385772705078
2023-11-28,7.905879525689298,7.91462516784668,7.862152148932729,7.91462516784668
2023-11-29,7.958350127197764,8.010822296142578,7.923368403224524,8.010822296142578
2023-11-30,8.045804020115817,8.045804020115817,7.932113208695268,8.010822296142578
2023-12-01,8.098277600145908,8.159495412953724,7.99333242074816,8.14200496673584
2023-12-04,8.142005413858682,8.185731948819734,8.080786763658862,8.133259773254395
2023-12-05,8.168241948455734,8.185732396590868,8.15075066629036,8.159496307373047
2023-12-06,8.176987592256271,8.194478040397218,8.115768938687356,8.12451457977295
2023-12-07,8.142005856554794,8.229459765262124,8.124514574395185,8.194478034973145
2023-12-08,8.185734815180375,8.194480458847083,8.124516977574382,8.168244361877441
2023-12-11,8.17699000554415,8.203226102513792,8.13326262124109,8.168244361877441
2023-12-12,8.168242464348404,8.168242464348404,8.089533357693567,8.098278999328613
2023-12-13,8.115769433996052,8.203224182128906,8.045805969101885,8.203224182128906
2023-12-14,8.268177121520957,8.338395118713379,8.224290664009555,8.338395118713379
2023-12-15,8.347169972991484,8.364724048279768,8.285728616821759,8.294506072998047
2023-12-18,8.29450734843679,8.338393799002318,8.276953270449232,8.31206226348877
2023-12-19,8.355946587338622,8.382278116150394,8.31206014794286,8.364723205566406
2023-12-20,8.38227741201823,8.391054866572896,8.303281995154514,8.320836067199707
2023-12-21,8.373499957463563,8.443717919772615,8.268173013999988,8.320836067199707
2023-12-22,8.338395118713379,8.355950036543762,8.31206357903236,8.338395118713379
2023-12-26,8.364725862542933,8.364725862542933,8.329616867287124,8.347171783447266
2023-12-27,8.399832887911481,8.408610343933105,8.364723900889258,8.408610343933105
2023-12-28,8.408609972219391,8.426164883486603,8.338392001279022,8.382278442382812
2023-12-29,8.382277285728483,8.443717792557187,8.338390850680497,8.434940338134766
2024-01-02,8.426166373201053,8.426166373201053,8.382279924338304,8.417388916015625
2024-01-03,8.399834729675632,8.470052719116211,8.391058108793905,8.470052719116211
2024-01-04,8.45249524697961,8.45249524697961,8.399831357509202,8.434940338134766
2024-01-05,8.434940290709829,8.443717745082902,8.391054692972714,8.426163673400879
2024-01-08,8.487608115897322,8.50516219571981,8.426167580921847,8.49638557434082
2024-01-09,8.505160548633192,8.505160548633192,8.426165949133111,8.452497482299805
2024-01-10,8.443720081145427,8.452497537946893,8.364724644060933,8.391057014465332
2024-01-11,8.391057014465332,8.391057014465332,8.35594802432382,8.391057014465332
2024-01-12,8.417387427852997,8.417387427852997,8.355946912546235,8.382278442382812
2024-01-16,8.385803343026,8.403420139264135,8.28890802352328,8.324142456054688
2024-01-17,8.297714859091805,8.297714859091805,8.192011586753335,8.218437194824219
2024-01-18,8.236056992273854,8.253673788934481,8.130352852089464,8.19201374053955
2024-01-19,8.19201374053955,8.200822558897443,8.068692803694534,8.19201374053955
2024-01-22,8.20082191786924,8.288907574397356,8.20082191786924,8.27129077911377
2024-01-23,8.253674507141113,8.288908943583504,8.23605770894753,8.253674507141113
2024-01-24,8.297717506479202,8.315334304128788,8.271291889977222,8.280099868774414
2024-01-25,8.324142456054688,8.341760092347958,8.297716841669917,8.324142456054688
2024-01-26,8.297717506479202,8.315334304128788,8.271291889977222,8.280099868774414
2024-01-29,8.280099900384537,8.359377590248327,8.280099900384537,8.350568771362305
2024-01-30,8.368183438202555,8.421035492699572,8.3593746224439,8.412226676940918
2024-01-31,8.456272106056467,8.517932152228662,8.412228855909847,8.421037673950195
2024-02-01,8.47388963787478,8.526741710650928,8.47388963787478,8.517932891845703
2024-02-02,8.4210390543581,8.456273492240133,8.39461259590513,8.438655853271484
2024-02-05,8.385803905407307,8.429846318983852,8.35937744919515,8.376995086669922
2024-02-06,8.37699349807776,8.465079148581696,8.37699349807776,8.456271171569824
2024-02-07,8.473889097848,8.51793234901212,8.447463483171587,8.500314712524414
2024-02-08,8.500312371108816,8.500312371108816,8.465077947893889,8.482695579528809
2024-02-09,8.482695579528809,8.517930002743734,8.473886763711349,8.482695579528809
2024-02-12,8.517932367347877,8.53554916381836,8.491506752614578,8.53554916381836
2024-02-13,8.465079285042783,8.482696919460595,8.421036879108346,8.429844856262207
2024-02-14,8.447461156313883,8.509121186926276,8.447461156313883,8.482695579528809
2024-02-15,8.534878209673533,8.59678981932644,8.508345144662817,8.552567481994629
2024-02-16,8.517189979553223,8.52603461592014,8.490656913923416,8.517189979553223
2024-02-20,8.46412300482266,8.53487840881611,8.46412300482266,8.517189979553223
2024-02-21,8.499501919987837,8.534879627034167,8.499501919987837,8.508346557617188
2024-02-22,8.52603461592014,8.53487840881611,8.490656913923416,8.517189979553223
2024-02-23,8.508345343186305,8.543723045183029,8.490656913923416,8.517189979553223
2024-02-26,8.5171909098373,8.526035547170268,8.428746223449707,8.428746223449707
2024-02-27,8.44643543950559,8.464123870577744,8.393368459347059,8.402213096618652
2024-02-28,8.402213899689004,8.46412467956543,8.402213899689004,8.46412467956543
2024-02-29,8.4906564822119,8.526034182409829,8.472967210377483,8.499500274658203
2024-03-01,8.508345343186305,8.52603461592014,8.46412300482266,8.517189979553223
2024-03-04,8.543723739538331,8.543723739538331,8.499501397580703,8.52603530883789
2024-03-05,8.55256837662406,8.56141301370979,8.499501397580703,8.52603530883789
2024-03-06,8.534877949930845,8.56141185760498,8.526034157510368,8.56141185760498
2024-03-07,8.59678955769959,8.59678955769959,8.534877949930845,8.56141185760498
2024-03-08,8.579100840852126,8.63216781616211,8.579100840852126,8.63216781616211
2024-03-11,8.667545256890998,8.667545256890998,8.623322919379481,8.641012191772461
2024-03-12,8.641012653595705,8.649856446793924,8.587945677051508,8.596790313720703
2024-03-13,8.614476898428387,8.641010802752602,8.60563226365365,8.623321533203125
2024-03-14,8.613556241303,8.631316557920186,8.533636510242678,8.560276985168457
2024-03-15,8.569155654562165,8.595796127491868,8.560276343777375,8.586915969848633
2024-03-18,8.60467317732792,8.657953262329102,8.60467317732792,8.657953262329102
2024-03-19,8.657954251858635,8.657954251858635,8.622434473417652,8.640193939208984
2024-03-20,8.640195350342525,8.657955665892827,8.62243588165068,8.649075508117676
2024-03-21,8.68459429789602,8.68459429789602,8.649074517721207,8.666834831237793
2024-03-22,8.702353192020382,8.702353192020382,8.6401929517093,8.657953262329102
2024-03-25,8.631314277648926,8.640193586753224,8.604673809761183,8.631314277648926
2024-03-26,8.649073777991402,8.675714245987802,8.59579453571518,8.613554000854492
2024-03-27,8.622434156853291,8.649073777991402,8.586914379716381,8.613554000854492
2024-03-28,8.631314629742477,8.64907409553381,8.569154382327016,8.640193939208984
2024-04-01,8.631315317187223,8.649074784393017,8.480356035075243,8.515875816345215
2024-04-02,8.489235734861603,8.524755514218416,8.462595265200239,8.50699520111084
2024-04-03,8.453717047719095,8.506996300208787,8.427076574615802,8.489236831665039
2024-04-04,8.533634823913864,8.560275293575229,8.480355578307815,8.50699520111084
2024-04-05,8.489236096012782,8.489236096012782,8.427075844350169,8.435956001281738
2024-04-08,8.471476700680846,8.515876643294444,8.435956915961661,8.453717231750488
2024-04-09,8.480357356997242,8.480357356997242,8.427077253357764,8.44483757019043
2024-04-10,8.400437770401627,8.400437770401627,8.311637878417969,8.311637878417969
2024-04-11,8.36491744390737,8.36491744390737,8.302758031639756,8.338277816772461
2024-04-12,8.347155393147702,8.391555327050696,8.320515771549225,8.382675170898438
2024-04-15,8.32828507957454,8.33720207696515,8.274783945602554,8.283700942993164
2024-04-16,8.283700942993164,8.31936808218393,8.2480338038024,8.283700942993164
2024-04-17,8.31045150756836,8.319368505412601,8.283701364407353,8.31045150756836
2024-04-18,8.292616416486451,8.31044955761888,8.256949283850076,8.26586627960205
2024-04-19,8.328283549122826,8.328283549122826,8.256949283850076,8.26586627960205
2024-04-22,8.274784621218124,8.319368761439684,8.239117479115226,8.248034477233887
2024-04-23,8.248034223402104,8.319368505412601,8.248034223402104,8.31045150756836
2024-04-24,8.346118648573608,8.346118648573608,8.283701364407353,8.31045150756836
2024-04-25,8.274782849493015,8.274782849493015,8.221282572979558,8.239115715026855
2024-04-26,8.26586627960205,8.283699420734479,8.248032288098104,8.26586627960205
2024-04-29,8.31045108479332,8.31045108479332,8.256950801193009,8.283700942993164
2024-04-30,8.310451227939893,8.310451227939893,8.248033945873843,8.274784088134766
2024-05-01,8.319368219747101,8.346118361989578,8.28370107996657,8.328285217285156
2024-05-02,8.346117264463118,8.346117264463118,8.29261698701353,8.337201118469238
2024-05-03,8.38178605988872,8.408537054284157,8.372869912128653,8.399620056152344
2024-05-06,8.408538425601636,8.44420557357396,8.399621426015583,8.426371574401855
2024-05-07,8.49770573163819,8.53337287902832,8.47095558368856,8.53337287902832
2024-05-08,8.542287963991539,8.595789098272121,8.533370966549494,8.586872100830078
2024-05-09,8.604705245342485,8.61362224278453,8.560121958875627,8.586872100830078
2024-05-10,8.586869904320745,8.586869904320745,8.533368783725674,8.551202774047852
2024-05-13,8.58687402529945,8.58687402529945,8.506622731078691,8.53337287902832
2024-05-14,8.551202774047852,8.56011976920894,8.515535643774959,8.551202774047852
2024-05-15,8.559263375414488,8.639841493956922,8.541356557620125,8.630888938903809
2024-05-16,8.666702118555097,8.666702118555097,8.550310359080143,8.568216323852539
2024-05-17,8.568214743828674,8.595074966800263,8.559262190015428,8.586121559143066
2024-05-20,8.568216009355345,8.595076236294194,8.568216009355345,8.577169418334961
2024-05-21,8.595076551777295,8.621935925857944,8.550310359080143,8.568216323852539
2024-05-22,8.568215458097665,8.568215458097665,8.532402678327381,8.541356086730957
2024-05-23,8.568216323852539,8.60402910724144,8.487637347766485,8.568216323852539
2024-05-24,8.604027737925957,8.944249552896881,8.568214960236594,8.90843677520752
2024-05-28,8.944248747994292,8.944248747994292,8.792044243050558,8.82785701751709
2024-05-29,8.827856606961161,8.845763420283584,8.684605515757193,8.711464881896973
2024-05-30,8.756230435080514,8.765183841101344,8.711464258820156,8.729371070861816
2024-05-31,8.774137578734805,8.809950350327853,8.720417994423322,8.747278213500977
2024-06-03,8.78309288797702,8.80099885073101,8.702513920974036,8.720419883728027
2024-06-04,8.765184468020388,8.792043834160168,8.702512329079616,8.711464881896973
2024-06-05,8.747281216283765,8.863672123533185,8.720420987985483,8.818906784057617
2024-06-06,8.836811531022667,8.899483680725098,8.836811531022667,8.899483680725098
2024-06-07,8.83681274907902,8.83681274907902,8.792046555759333,8.818906784057617
2024-06-10,8.854718759300615,8.899484094688056,8.836811942070407,8.890531539916992
2024-06-11,8.899485775326353,8.926346006244131,8.818907644105623,8.8457670211792
2024-06-12,8.962156684271529,8.989016055023427,8.899483680725098,8.899483680725098
2024-06-13,8.944249793170092,8.971110017541651,8.935296385046241,8.953203201293945
2024-06-14,9.006922708852303,9.006922708852303,8.962156522511135,8.980062484741211
2024-06-17,8.980062484741211,9.006922708852303,8.962156522511135,8.980062484741211
2024-06-18,9.000785500405257,9.036824648044115,8.982766356206357,9.018805503845215
2024-06-20,9.036825290418346,9.036825290418346,8.96474699001701,9.009796142578125
2024-06-21,9.063855425320469,9.063855425320469,8.93771796821875,8.955737113952637
2024-06-24,9.000786469059253,9.018806474438504,8.964747317541905,8.991776466369629
2024-06-25,9.036823052326081,9.054843052584076,8.991773910922,9.027813911437988
2024-06-26,9.018805707808312,9.06385485818595,8.964746555506931,9.054844856262207
2024-06-27,9.090882835250664,9.108901977539062,9.063853692197583,9.108901977539062
2024-06-28,9.14494218796452,9.14494218796452,9.081873893737793,9.081873893737793
2024-07-01,9.045834854338464,9.099894006639845,9.018805707808312,9.054844856262207
2024-07-02,9.099894006639845,9.099894006639845,9.045834854338464,9.054844856262207
2024-07-03,9.054845168968713,9.09088431866721,9.027816021505117,9.063855171203613
2024-07-05,9.063854004511615,9.117912292480469,9.063854004511615,9.117912292480469
2024-07-08,9.135933563422634,9.153952708834407,9.072864406378647,9.126923561096191
2024-07-09,9.13593314096164,9.144942283630371,9.090883990653687,9.144942283630371
2024-07-10,9.144943436779108,9.18098258972168,9.144943436779108,9.18098258972168
2024-07-11,9.217021612509754,9.253061624184584,9.199002465913509,9.235041618347168
2024-07-12,9.244050025939941,9.253060027303714,9.235040024576168,9.244050025939941
2024-07-15,9.226029816605955,9.226029816605955,9.18999067119894,9.20801067352295
2024-07-16,9.246994194775375,9.274190994953493,9.19260059441914,9.210731506347656
2024-07-17,9.210729849525261,9.228861622762931,9.06567912190605,9.111007690429688
2024-07-18,9.138205442048662,9.138205442048662,8.920629327850033,8.956892013549805
2024-07-19,8.975021271273022,8.975021271273022,8.8934308919022,8.947824478149414
2024-07-22,8.956890633849223,9.002219200134277,8.938758861507006,9.002219200134277
2024-07-23,9.020351843858291,9.038483619689941,9.0022209325973,9.038483619689941
2024-07-24,9.002220586817176,9.020351497381748,8.911563440282434,8.956892013549805
2024-07-25,8.975024045304838,9.020352624234809,8.965959021175431,9.011286735534668
2024-07-26,9.029415750432705,9.111006994630094,9.029415750432705,9.101941108703613
2024-07-29,9.120072880556574,9.16540058104804,9.07474431549464,9.101941108703613
2024-07-30,9.138204833497067,9.138204833497067,9.05661357996343,9.129138946533203
2024-07-31,9.183533927947659,9.183533927947659,9.083811759364659,9.174468040466309
2024-08-01,9.219796959888493,9.265125534428595,9.15633747427474,9.256059646606445
2024-08-02,9.292322592441401,9.328585280170541,9.256059904712263,9.310454368591309
2024-08-05,9.237927262728345,9.283255834283972,9.174467781292822,9.183533668518066
2024-08-06,9.183534015687759,9.292322072791476,9.183534015687759,9.265125274658203
2024-08-07,9.265125448834116,9.292322247478666,9.219796874712776,9.228862762451172
2024-08-08,9.219796092908185,9.228861979877827,9.147270726292177,9.192599296569824
2024-08-09,9.210730205938543,9.210730205938543,9.165401635660896,9.192599296569824
2024-08-12,9.174468214301154,9.192599989607409,9.120074617523656,9.138205528259277
2024-08-13,9.156336607424793,9.201664313102976,9.120073924139907,9.129138946533203
2024-08-14,9.129140333303301,9.183534798778753,9.129140333303301,9.147272109985352
2024-08-15,9.120072880556574,9.156335559692028,9.08381020142112,9.101941108703613
2024-08-16,9.1046781539917,9.12292442044693,9.077309624338723,9.1046781539917
2024-08-19,9.09555721282959,9.113802611906912,9.086434078275929,9.09555721282959
2024-08-20,9.095555890793953,9.132047553674546,9.086432757566337,9.1046781539917
2024-08-21,9.113801287219315,9.150292950099908,9.086432757566337,9.1046781539917
2024-08-22,9.104678122041115,9.104678122041115,9.040817929731645,9.049941062927246
2024-08-23,9.068185925093985,9.122923851013184,9.068185925093985,9.122923851013184
2024-08-26,9.132050226833767,9.150295628599974,9.113803955037437,9.141173362731934
2024-08-27,9.104678552116894,9.159416483846273,9.104678552116894,9.150293350219727
2024-08-28,9.168541900396304,9.168541900396304,9.10468081913927,9.141173362731934
2024-08-29,9.122925485264924,9.159417152404785,9.095556952417523,9.159417152404785
2024-08-30,9.195909489430939,9.195909489430939,9.132049284791707,9.168540954589844
2024-09-03,9.17766057547991,9.24152075566749,9.17766057547991,9.186782836914062
2024-09-04,9.232398986816406,9.241522119626747,9.195907325604873,9.232398986816406
2024-09-05,9.25976915378328,9.268892288208008,9.205032087294878,9.268892288208008
2024-09-06,9.287137985229492,9.287137985229492,9.24152318594443,9.287137985229492
2024-09-09,9.287137985229492,9.314506516788557,9.259768583640495,9.287137985229492
2024-09-10,9.305382444144797,9.314505577087402,9.259767649461619,9.314505577087402
2024-09-11,9.332753947459285,9.396615028381348,9.323631681639094,9.396615028381348
2024-09-12,9.414857963206716,9.451349627016436,9.405735699776706,9.442227363586426
2024-09-13,9.451350868035643,9.47872027200912,9.414859199434348,9.43310546875
2024-09-16,9.451349642169593,9.478719042593182,9.414857978301365,9.469595909118652
2024-09-17,9.509065336667911,9.509065336667911,9.408100669002039,9.426458358764648
2024-09-18,9.444813672849705,9.444813672849705,9.362205832726097,9.408099174499512
2024-09-19,9.444813456249829,9.463171142675268,9.371384461233406,9.43563461303711
2024-09-20,9.444813456249829,9.453992299462548,9.389741272316178,9.43563461303711
2024-09-23,9.435636328303127,9.481529677366824,9.38974297923943,9.426458358764648
2024-09-24,9.435634829426483,9.435634829426483,9.353026989302878,9.408099174499512
2024-09-25,9.4172786479263,9.4172786479263,9.353027615008138,9.36220645904541
2024-09-26,9.408099803889028,9.4172786479263,9.353027615008138,9.36220645904541
2024-09-27,9.39892054788912,9.39892054788912,9.353027205057044,9.380563735961914
2024-09-30,9.417279513883344,9.426458358764648,9.371386164819647,9.426458358764648
2024-10-01,9.43563542691001,9.499886459598368,9.43563542691001,9.46317195892334
2024-10-02,9.426456971667063,9.481528282165527,9.408099284605775,9.481528282165527
2024-10-03,9.453992242807724,9.481527896938202,9.398920059204102,9.398920059204102
2024-10-04,9.371383666992188,9.389740476519188,9.34384801503039,9.371383666992188
2024-10-07,9.380561491335357,9.398918298870054,9.297953669072967,9.334668159484863
2024-10-08,9.353027615008138,9.36220645904541,9.316313114201792,9.36220645904541
2024-10-09,9.35302619575643,9.36220503840088,9.307133733219395,9.34384822845459
2024-10-10,9.353028053623238,9.353028053623238,9.288777893034776,9.307135581970215
2024-10-11,9.316312789916992,9.334670477352539,9.297955977824161,9.316312789916992
2024-10-14,9.316312324175623,9.316312324175623,9.288776669741583,9.297955513000488
2024-10-15,9.307135581970215,9.325492395562867,9.297956737502496,9.307135581970215
2024-10-16,9.356085670263138,9.356085670263138,9.32837786487394,9.34684944152832
2024-10-17,9.356084354877021,9.356084354877021,9.291432524453308,9.309904098510742
2024-10-18,9.319142481119016,9.346850289020521,9.30067002197446,9.337614059448242
2024-10-21,9.346848018584799,9.346848018584799,9.272959961585324,9.300667762756348
2024-10-22,9.319141880586283,9.319141880586283,9.263725387539024,9.272961616516113
2024-10-23,9.25448907473955,9.26372442193872,9.143656100197658,9.171364784240723
2024-10-24,9.17136384308061,9.189835416398594,9.060531760727427,9.07900333404541
2024-10-25,9.079004144852856,9.106711947711846,9.051296341993867,9.060532569885254
2024-10-28,9.115947361496472,9.162127616014072,9.051295533660888,9.07900333404541
2024-10-29,9.042059053648382,9.069766853257796,8.968171000813232,9.051295280456543
2024-10-30,9.079004751091992,9.125185012817383,9.042060717874724,9.125185012817383
2024-10-31,9.152891878886912,9.23601616530508,9.09747627515156,9.22677993774414
2024-11-01,9.226781134849903,9.236017363609173,9.14365683764698,9.15289306640625
2024-11-04,9.208309665681034,9.217545013732899,9.152893173293513,9.162129402160645
2024-11-05,9.171365984649444,9.217545369135115,9.162129755426191,9.199073791503906
2024-11-06,9.199071643465132,9.199071643465132,9.060531760727427,9.07900333404541
2024-11-07,9.152892817526526,9.171365274542776,9.088240979600116,9.125185012817383
2024-11-08,9.171364441444894,9.236016273498535,9.171364441444894,9.236016273498535
2024-11-11,9.245252392866018,9.272960194733695,9.217543710183202,9.22677993774414
2024-11-12,9.199073079251919,9.217544655452937,9.09747720810824,9.125185012817383
2024-11-13,9.152891520419157,9.199071775600087,9.152891520419157,9.189835548400879
2024-11-14,9.217545475773099,9.217545475773099,9.17136609075318,9.2083101272583
2024-11-15,9.229686658139995,9.257570658808923,9.173917770385742,9.173917770385742
2024-11-18,9.22039174465218,9.257570707879955,9.155328780607675,9.19250774383545
2024-11-19,9.16462230682373,9.192507192384072,9.155328231386633,9.16462230682373
2024-11-20,9.15532873207859,9.192507695109294,9.146033769716816,9.173917770385742
2024-11-21,9.22039169577822,9.22039169577822,9.146033769716816,9.173917770385742
2024-11-22,9.164623781216985,9.183213707914604,9.12744481423824,9.155329704284668
2024-11-25,9.220391273498535,9.238980310954338,9.201801349626374,9.220391273498535
2024-11-26,9.211097292186238,9.25757122039795,9.183213289825794,9.25757122039795
2024-11-27,9.294749771762147,9.369107699022932,9.220391844501364,9.35981273651123
2024-11-29,9.443464730917524,9.443464730917524,9.35051777386236,9.43416976928711
2024-12-02,9.387697701836288,9.452760667124506,9.341223775309095,9.415581703186035
2024-12-03,9.406288168780717,9.434172174364173,9.350520157613808,9.387699127197266
2024-12-04,9.378401288912118,9.406285285949707,9.341222330723237,9.406285285949707
2024-12-05,9.378402631762889,9.396991670310868,9.304044704738155,9.322633743286133
2024-12-06,9.39699220268314,9.39699220268314,9.331929234454558,9.369108200073242
2024-12-09,9.359811366609536,9.406285285949707,9.322632408420654,9.406285285949707
2024-12-10,9.396991700141623,9.396991700141623,9.33192873539254,9.35981273651123
2024-12-11,9.406285285949707,9.434169282987297,9.359811366609536,9.406285285949707
2024-12-12,9.424876100655021,9.424876100655021,9.322633291142436,9.331928253173828
2024-12-13,9.331926721204287,9.331926721204287,9.201799933376067,9.248273849487305
2024-12-16,9.24827527289042,9.257570234826499,9.192507274106653,9.220391273498535
2024-12-17,9.195134930893655,9.232551517803506,9.101593017578125,9.101593017578125
2024-12-18,9.12030237325128,9.14836459230913,8.998698234558105,8.998698234558105
2024-12-19,8.998696927173562,8.998696927173562,8.886447175168607,8.895801544189453
2024-12-20,8.942573233156413,8.989343297946203,8.867739166912783,8.88644790649414
2024-12-23,8.886448258134553,8.933219216856893,8.849031669573051,8.858386039733887
2024-12-24,8.858386130034287,8.914510567407742,8.83032301926571,8.905157089233398
2024-12-26,8.905157908651747,8.961282351189558,8.877094795300911,8.942574501037598
2024-12-27,8.979990267119238,8.979990267119238,8.877093978464822,8.905157089233398
2024-12-30,8.867739725485027,8.998698234558105,8.867739725485027,8.998698234558105
2024-12-31,9.026758738075477,9.139009377137311,8.989342155748764,9.092238426208496
2025-01-02,9.157719612121582,9.176428354208147,9.129657391073659,9.157719612121582
2025-01-03,9.167072423738905,9.176426793190899,9.129655838012695,9.129655838012695
2025-01-06,9.101593017578125,9.101593017578125,9.026759843758422,9.101593017578125
2025-01-07,9.129656126821864,9.139010496569776,9.05482295300216,9.101593017578125
2025-01-08,9.101594903367975,9.101594903367975,9.045470457415485,9.054824829101562
2025-01-10,9.036114956400251,9.036114956400251,8.942573927476152,8.961281776428223
2025-01-13,8.961282351189558,8.970636722306503,8.867740424183966,8.942574501037598
2025-01-14,8.989343774121505,8.998698144407696,8.905157117791344,8.951927185058594
2025-01-15,9.054822699869707,9.054822699869707,9.00805174451945,9.0454683303833
2025-01-16,9.101593238972297,9.110947608947754,9.008052215463204,9.110947608947754
2025-01-17,9.179678143760409,9.189093413760325,9.104357779540207,9.13260269165039
2025-01-21,9.198507547255781,9.198507547255781,9.142016832125451,9.17967700958252
2025-01-22,9.151432633886873,9.160847005382285,9.1137724542367,9.142017364501953
2025-01-23,9.113773049540123,9.142017961650309,9.09494250954029,9.13260269165039
2025-01-24,9.151432874020442,9.151432874020442,9.094942154118113,9.123187065124512
2025-01-27,9.160847067282418,9.170262336730957,9.142017426274855,9.170262336730957
2025-01-28,9.151432991027832,9.170262632643004,9.113772809907946,9.151432991027832
2025-01-29,9.189092813537044,9.189092813537044,9.10435718485178,9.142017364501953
2025-01-30,9.17967677177452,9.198507308959961,9.170261503181802,9.198507308959961
2025-01-31,9.226754843259144,9.245584487915039,9.170264113512081,9.245584487915039
2025-02-03,9.264413773485641,9.264413773485641,9.198508679297332,9.23616886138916
2025-02-04,9.254998503490292,9.283243415586773,9.189093409301982,9.23616886138916
2025-02-05,9.264414844160779,9.339735217049105,9.236169928800075,9.292659759521484
2025-02-06,9.292657613731581,9.330317791479542,9.264412704892976,9.311488151550293
2025-02-07,9.302074015954434,9.311489286010895,9.236168921338354,9.264413833618164
2025-02-10,9.302074015954434,9.302074015954434,9.254998563561703,9.264413833618164
2025-02-11,9.254998207092285,9.254998207092285,9.21733802620655,9.254998207092285
2025-02-12,9.142017721275474,9.198508441900076,9.104357540155588,9.151432991027832
2025-02-13,9.207921679663247,9.207921679663247,9.142016595293075,9.198507308959961
2025-02-14,9.24558370739498,9.302074432373047,9.236169334806647,9.302074432373047
2025-02-18,9.304916415986952,9.304916415986952,9.267014551093691,9.295441627502441
2025-02-19,9.28596590128473,9.333343458140353,9.257539728632048,9.304916381835938
2025-02-20,9.352293938691561,9.371245322894506,9.276490209183256,9.304916381835938
2025-02-21,9.333342518464363,9.333342518464363,9.267013584083756,9.314391136169434
2025-02-24,9.333343458140353,9.333343458140353,9.248064036530577,9.304916381835938
2025-02-25,9.342816370653194,9.35229206085205,9.323865893907039,9.35229206085205
2025-02-26,9.361767751050905,9.371243441249762,9.323865893907039,9.35229206085205
2025-02-27,9.361768739342818,9.371244430541992,9.314391186998598,9.371244430541992
2025-02-28,9.418622051098426,9.418622051098426,9.342818320986499,9.409147262573242
2025-03-03,9.409146275248538,9.41862106277951,9.342817340621853,9.3901948928833
2025-03-04,9.361768722078509,9.371244413260209,9.28596499992821,9.333342552185059
2025-03-05,9.361769630793034,9.361769630793034,9.257539728632048,9.304916381835938
2025-03-06,9.295441611614683,9.295441611614683,9.24806405466615,9.285965919494629
2025-03-07,9.323867738554,9.323867738554,9.21963693304853,9.22911262512207
2025-03-10,9.229110699862467,9.229110699862467,9.191208843126644,9.219635009765625
2025-03-11,9.238589267169836,9.238589267169836,9.153309837042437,9.162785530090332
2025-03-12,9.181733123807469,9.181733123807469,9.105929410577081,9.12488079071045
2025-03-13,9.105931300116321,9.105931300116321,9.030127571156171,9.086980819702148
2025-03-14,9.096455557949785,9.115406036376953,9.020651836937839,9.115406036376953
2025-03-17,9.137343837109988,9.137343837109988,9.070578567256602,9.089653968811035
2025-03-18,9.10873074905076,9.10873074905076,9.032427319686432,9.061040878295898
2025-03-19,9.041965034739087,9.05150319130609,8.975199757987431,9.032427787780762
2025-03-20,9.080117225646973,9.10873078436738,9.051502757317934,9.080117225646973
2025-03-21,9.118268035941215,9.175495147705078,9.061040014568812,9.175495147705078
2025-03-24,9.223184553685142,9.251798108139281,9.175494689855912,9.185032844543457
2025-03-25,9.223185454769169,9.223185454769169,9.089654004923307,9.10873031616211
2025-03-26,9.10873122109942,9.10873122109942,9.003813318079759,9.032427787780762
2025-03-27,9.022889596960479,9.032427753491271,8.965661567384402,9.013351440429688
2025-03-28,9.032427257939474,9.05150266034584,8.975199231503133,9.003812789916992
2025-03-31,9.061040383334877,9.061040383334877,8.965660647035289,9.051502227783203
2025-04-01,9.070580011306784,9.11826988719804,9.051503697106792,9.099193572998047
2025-04-02,9.108731730098043,9.108731730098043,9.070580011306784,9.099193572998047
2025-04-03,9.108730801577094,9.146882516479263,9.061040930547223,9.137344360351562
2025-04-04,9.127806124935516,9.175495995551131,8.9847374226973,9.022889137268066
2025-04-07,8.879819311754387,8.94658457640543,8.784439582588464,8.793977737426758
2025-04-08,8.870283436946533,8.917973313787769,8.565068770927862,8.593683242797852
2025-04-09,8.593680996968697,8.79397769967037,8.402922449064368,8.774901390075684
2025-04-10,8.717674654114969,8.736750054918648,8.545991498839133,8.63183307647705
2025-04-11,8.622294425964355,8.631832580622548,8.498301144233313,8.622294425964355
2025-04-14,8.774902424597153,8.889357566833496,8.650909126438961,8.889357566833496
2025-04-15,8.889357079231456,8.91797154542743,8.813053655259314,8.860743522644043
2025-04-16,8.873227011099987,8.911639213562012,8.777196962854498,8.911639213562012
2025-04-17,8.911639764687402,8.911639764687402,8.74838766517296,8.892434120178223
2025-04-21,8.863625356993744,8.892435200987942,8.738786362962811,8.767595291137695
2025-04-22,8.83481513509478,8.863624059051036,8.757990727331979,8.796402931213379
2025-04-23,8.892434343550708,8.911639988542323,8.738785520340892,8.8156099319458
2025-04-24,8.873226387242589,8.892432945032802,8.806005266615005,8.882829666137695
2025-04-25,8.978861146040341,8.978861146040341,8.940448944043318,8.950051307678223
2025-04-28,8.930845772702597,8.95965469559433,8.863623731529694,8.911639213562012
2025-04-29,8.902037509352702,8.959655359405007,8.882830948789126,8.940449714660645
2025-04-30,8.930845375207301,8.988463218426302,8.911638816921565,8.978860855102539
2025-05-01,8.99806752468696,9.074891934961105,8.99806752468696,9.026876449584961
2025-05-02,9.046082605947941,9.046082605947941,8.978861478915833,9.007670402526855
2025-05-05,8.988465863878444,8.998069145847715,8.950053651820735,8.969260215759277
2025-05-06,8.978860855102539,9.00766977671204,8.94044865435017,8.978860855102539
2025-05-07,8.998067122716792,9.036479326137878,8.978861478915833,9.007670402526855
2025-05-08,9.026875825065517,9.074891307119735,8.988463622585972,8.998066902160645
2025-05-09,9.036479729824032,9.036479729824032,9.007670804926029,9.026876449584961
2025-05-12,9.094097866269081,9.094097866269081,8.988463622585972,8.998066902160645
2025-05-13,8.998067122716792,9.026876046327814,8.978861478915833,9.007670402526855
2025-05-14,9.036478582379027,9.046081861398681,8.91163870258081,8.930845260620117
2025-05-15,8.969258599788956,9.036479729824032,8.911639834173743,9.026876449584961
2025-05-16,9.03944655869706,9.058781793032928,8.991107089859367,9.029778480529785
2025-05-19,8.942766462879721,8.962102616710123,8.904095077217482,8.952434539794922
2025-05-20,8.952435630764516,8.952435630764516,8.894428084202907,8.923431396484375
2025-05-21,8.904095161502276,8.904095161502276,8.778412926410669,8.817084312438965
2025-05-22,8.817084752327652,8.817084752327652,8.74941005390145,8.797749519348145
2025-05-23,8.768743789396382,8.826751322425885,8.759076635556847,8.778411865234375
2025-05-27,8.826752331616659,8.884758949279785,8.807416177729905,8.884758949279785
2025-05-28,8.86542500773649,8.86542500773649,8.807417459631917,8.826753616333008
2025-05-29,8.826751818985626,8.865423202514648,8.807415666221859,8.865423202514648
2025-05-30,8.884758949279785,8.884758949279785,8.836420408560034,8.884758949279785
2025-06-02,8.884758433279904,8.884758433279904,8.83641989536751,8.865423202514648
2025-06-03,8.855755698467263,8.86542377547398,8.7977490804241,8.817084312438965
2025-06-04,8.826752389445682,8.836420466452399,8.788081003417384,8.817084312438965
2025-06-05,8.826753071400901,8.836421149154575,8.778413604631178,8.807416915893555
2025-06-06,8.77841243549039,8.788080511956434,8.730072975158691,8.730072975158691
2025-06-09,8.75907731410054,8.788080621862877,8.730073084339674,8.768744468688965
2025-06-10,8.768744468688965,8.797748698449832,8.749409237513584,8.768744468688965
2025-06-11,8.817084993647228,8.817084993647228,8.759078371122474,8.807416915893555
2025-06-12,8.826753071400901,8.846088304909605,8.797749760138524,8.807416915893555
2025-06-13,8.797749413309399,8.807416568683328,8.73007379370027,8.759078025817871
2025-06-16,8.788080621862877,8.788080621862877,8.749409237513584,8.768744468688965
2025-06-17,8.810607652065912,8.830078125,8.76193007705941,8.830078125
2025-06-18,8.82034374398649,8.8398142177842,8.761930465698242,8.761930465698242
2025-06-20,8.76193069145911,8.830078744178342,8.76193069145911,8.820343971252441
2025-06-23,8.810606956481934,8.839813127801042,8.800871256559748,8.810606956481934
2025-06-24,8.810607060757105,8.859284632496694,8.800871360719695,8.839813232421875
2025-06-25,8.830078744178342,8.849550146925315,8.810608269878955,8.820343971252441
2025-06-26,8.849550704727584,8.888492584228516,8.830079300753296,8.888492584228516
2025-06-27,8.898227229490576,8.898227229490576,8.830078252121368,8.859285354614258
2025-06-30,8.917697673414237,8.937169075012207,8.869020097866837,8.937169075012207
2025-07-01,8.888491115120347,9.005316734313965,8.888491115120347,9.005316734313965
2025-07-02,8.976110330642122,9.03452267451204,8.976110330642122,9.024787902832031
2025-07-03,9.034523829970764,9.08320140838623,9.024789057045739,9.08320140838623
2025-07-07,9.034524099337013,9.044259800999894,8.976111746254945,8.985846519470215
2025-07-08,8.985845230192561,8.985845230192561,8.917697185225405,8.976110458374023
2025-07-09,8.966374758108008,8.995580930458576,8.946903357575975,8.976110458374023
2025-07-10,8.995581525233789,9.015052927053244,8.937169176670508,8.966375350952148
2025-07-11,8.927432290958945,8.9371679905766,8.869019021700426,8.907960891723633
2025-07-14,8.907961509821781,8.91769721011497,8.869019637096507,8.898226737976074
2025-07-15,8.907960891723633,8.917696591341288,8.878754721318082,8.907960891723633
2025-07-16,8.901099210735023,8.91090240788868,8.852084159851074,8.852084159851074
2025-07-17,8.852084742971037,8.852084742971037,8.763857832544963,8.812872886657715
2025-07-18,8.83247948701172,8.83247948701172,8.75405577256705,8.783464431762695
2025-07-21,8.783463864098385,8.842282113572747,8.724645614624023,8.724645614624023
2025-07-22,8.7442523718305,8.812872886657715,8.7442523718305,8.812872886657715
2025-07-23,8.773661039301137,8.783464237110575,8.75405557856666,8.7638578414917
2025-07-24,8.754055394532026,8.822675907986698,8.754055394532026,8.793267250061035
2025-07-25,8.842283248901367,8.842283248901367,8.783464991874878,8.842283248901367
2025-07-28,8.842282674944208,8.852084938075286,8.80306988288222,8.832479476928711
2025-07-29,8.822676658630371,8.842283055505202,8.793267998202586,8.822676658630371
2025-07-30,8.812872886657715,8.822676084457145,8.793267425943252,8.812872886657715
2025-07-31,8.85208415416463,8.90109920501709,8.85208415416463,8.90109920501709
2025-08-01,8.901099770419775,8.999129878351622,8.901099770419775,8.959918022155762
2025-08-04,8.950114999750424,9.008932317754457,8.920706340748408,8.979523658752441
2025-08-05,9.008932687255895,9.028539083984338,8.989327225411904,9.018735885620117
2025-08-06,9.048144340515137,9.057947538656911,8.99913021957512,9.048144340515137
2025-08-07,9.038341901870004,9.057947362888681,9.028538703918457,9.028538703918457
2025-08-08,9.067750560840228,9.067750560840228,8.999130044948233,9.028538703918457
2025-08-11,9.067749401837702,9.067749401837702,9.048143008440618,9.05794620513916
2025-08-12,9.057947538656911,9.067750736798688,9.038342077257791,9.048144340515137
2025-08-13,9.087356365221899,9.116765022277832,9.067749970595042,9.116765022277832
2025-08-14,9.116765781941732,9.126568980072022,9.077553924305002,9.097159385681152
2025-08-15,9.116765781941732,9.116765781941732,9.077553924305002,9.097159385681152
2025-08-18,9.129730216714725,9.129730216714725,9.090250339915046,9.100120544433594
2025-08-19,9.100121475980975,9.100121475980975,9.040901184082031,9.040901184082031
2025-08-20,9.050770752635035,9.050770752635035,9.021161079406738,9.021161079406738
2025-08-21,9.001420337722083,9.050770418798667,8.971810665585934,8.981680870056152
2025-08-22,9.02116171913594,9.109990745120076,9.001421308067505,9.070510864257812
2025-08-25,9.109990113031907,9.149470932429438,9.060640971334077,9.0803804397583
2025-08-26,9.100120249565517,9.159339592208914,9.050770169846366,9.149470329284668
2025-08-27,9.139600103786018,9.139600103786018,9.100120228357602,9.11985969543457
2025-08-28,9.139599777730577,9.149469981554182,9.090249699887002,9.109989166259766
2025-08-29,9.139599777730577,9.139599777730577,9.080379496063397,9.109989166259766
2025-09-02,9.070510227991688,9.0902506376754,9.040900554740663,9.05077075958252
2025-09-03,9.10012116826342,9.10012116826342,9.040900878366989,9.060641288757324
2025-09-04,9.050771389610956,9.070510859394199,9.031030978553106,9.040901184082031
2025-09-05,9.090250339915046,9.119860012196177,9.070509930877952,9.100120544433594
2025-09-08,9.119860376493941,9.248170216536927,9.119860376493941,9.22843074798584
2025-09-09,9.22843075467625,9.258040428161621,9.208690344836302,9.258040428161621
2025-09-10,9.258040763296279,9.337000522965257,9.258040763296279,9.327130317687988
2025-09-11,9.366609897577865,9.415959981109298,9.356739692616669,9.376480102539062
2025-09-12,9.376480426411744,9.39622083701599,9.346870751779958,9.386350631713867
2025-09-15,9.406089162396956,9.445569038391113,9.396219899354286,9.445569038391113
2025-09-16,9.468420732115478,9.468420732115478,9.418743622374773,9.438614845275879
2025-09-17,9.498228306316268,9.518098583253078,9.408809691320291,9.488292694091797
2025-09-18,9.47835636138916,9.488291972858395,9.418743640085806,9.47835636138916
2025-09-19,9.468421221458769,9.478356833422811,9.408809444698736,9.458486557006836
2025-09-22,9.4584867901875,9.4584867901875,9.418744341351562,9.448551177978516
2025-09-23,9.478356849159043,9.498228073120117,9.448550960729543,9.498228073120117
2025-09-24,9.468421454884353,9.47835706709334,9.418744341351562,9.448551177978516
2025-09-25,9.45848633484493,9.508162498474121,9.418743887922238,9.508162498474121
2025-09-26,9.50816298572542,9.528034210205078,9.488292708757896,9.528034210205078
2025-09-29,9.557839626335456,9.557839626335456,9.488292239123254,9.547904014587402
2025-09-30,9.587646017891315,9.627387519459829,9.5479045163228,9.60751724243164
2025-10-01,9.607517009430756,9.637322898006257,9.607517009430756,9.617452621459961
2025-10-02,9.637322898006257,9.637322898006257,9.577711120855255,9.617452621459961
2025-10-03,9.587645497295332,9.597581109026004,9.508162498474121,9.508162498474121
2025-10-06,9.567775461959656,9.567775461959656,9.488292461139581,9.498228073120117
2025-10-07,9.528033471223278,9.528033471223278,9.458486085962749,9.47835636138916
2025-10-08,9.53796915295422,9.637322425842285,9.49822765429658,9.637322425842285
2025-10-09,9.617452365996556,9.617452365996556,9.52803375513312,9.587645530700684
2025-10-10,9.57771065161186,9.647258037384713,9.57771065161186,9.637322425842285
2025-10-13,9.657194152954698,9.696935653686523,9.647258540893713,9.696935653686523
2025-10-14,9.706871032714844,9.706871032714844,9.677064197247459,9.706871032714844
2025-10-15,9.726740818759236,9.756546705212736,9.686999320983887,9.686999320983887
2025-10-16,9.720000267028809,9.739999771118164,9.600000381469727,9.670000076293945
2025-10-17,9.619999885559082,9.699999809265137,9.569999694824219,9.609999656677246
2025-10-20,9.670000076293945,9.710000038146973,9.640000343322754,9.710000038146973
2025-10-21,9.75,9.75,9.720000267028809,9.725000381469727
