Date,Open,High,Low,Close
1996-03-14,5.995140075683594,6.105905003568548,5.995140075683594,5.995140075683594
1996-03-15,5.95360219899137,5.967448208525754,5.8705286769877665,5.898220062255859
1996-03-18,5.912067319950901,5.925913333892822,5.912067319950901,5.925913333892822
1996-03-19,5.912065437989568,5.925911447523952,5.898220062255859,5.898220062255859
1996-03-20,5.925913333892822,5.9536040941749135,5.925913333892822,5.925913333892822
1996-03-21,5.939755916595459,5.939755916595459,5.939755916595459,5.939755916595459
1996-03-22,5.912067413330078,5.912067413330078,5.912067413330078,5.912067413330078
1996-03-25,5.898220382336441,5.912065758821502,5.8013014793396,5.8013014793396
1996-03-26,5.815144611463555,5.828989982604981,5.815144611463555,5.8289899826049805
1996-03-27,5.828989982604981,5.828989982604981,5.828989982604981,5.8289899826049805
1996-03-28,5.828989982604981,5.828989982604981,5.828989982604981,5.8289899826049805
1996-03-29,5.828989982604981,5.828989982604981,5.828989982604981,5.8289899826049805
1996-04-01,5.828989982604981,5.828989982604981,5.828989982604981,5.8289899826049805
1996-04-02,5.828989982604981,5.828989982604981,5.828989982604981,5.8289899826049805
1996-04-03,5.828989982604981,5.828989982604981,5.828989982604981,5.8289899826049805
1996-04-04,5.787455514343878,5.801301524738,5.7459187507629395,5.7459187507629395
1996-04-08,5.7043804413534165,5.7043804413534165,5.662843689028512,5.690535068511963
1996-04-09,5.704380481457941,5.75976324081421,5.648998355902219,5.759763240814209
1996-04-10,5.773607864238816,5.828989982604981,5.773607864238816,5.8289899826049805
1996-04-11,5.828989982604981,5.828989982604981,5.815144611463555,5.8289899826049805
1996-04-12,5.828990516427355,5.870527267456055,5.828990516427355,5.870527267456055
1996-04-15,5.856685258090276,5.912067413330078,5.856685258090276,5.912067413330078
1996-04-16,5.912067413330078,5.925913427490693,5.912067413330078,5.912067413330078
1996-04-17,5.870529107828929,5.870529107828929,5.842838354329273,5.856683731079102
1996-04-18,5.8428382873535165,5.8428382873535165,5.8428382873535165,5.842838287353516
1996-04-19,5.8428382873535165,5.8428382873535165,5.8428382873535165,5.842838287353516
1996-04-22,5.870530638450005,5.912067413330078,5.870530638450005,5.912067413330078
1996-04-23,5.912064535554262,5.939755916595459,5.912064535554262,5.939755916595459
1996-04-24,5.925911447523952,5.95360219899137,5.898220062255859,5.898220062255859
1996-04-25,5.8843746865221505,5.912065437989568,5.856683301254058,5.898220062255859
1996-04-26,5.870527267456055,5.898218646075362,5.870527267456055,5.870527267456055
1996-04-29,5.898222032970349,5.912067413330078,5.898222032970349,5.912067413330078
1996-04-30,5.912064535554262,5.939755916595459,5.912064535554262,5.939755916595459
1996-05-01,5.925910542975149,5.939755916595459,5.925910542975149,5.939755916595459
1996-05-02,5.925910542975149,5.939755916595459,5.925910542975149,5.939755916595459
1996-05-03,5.912065437989568,5.925911447523952,5.8705286769877665,5.898220062255859
1996-05-06,5.8566836639446365,5.8566836639446365,5.8289922769616815,5.842838287353516
1996-05-07,5.828989982604981,5.828989982604981,5.828989982604981,5.8289899826049805
1996-05-08,5.828991343765405,5.828991343765405,5.815145969390869,5.815145969390869
1996-05-09,5.787454605102539,5.801300613321376,5.787454605102539,5.787454605102539
1996-05-10,5.80129924032213,5.828989982604981,5.80129924032213,5.8289899826049805
1996-05-13,5.8013014793396,5.8013014793396,5.8013014793396,5.8013014793396
1996-05-14,5.8013014793396,5.81514685582466,5.8013014793396,5.8013014793396
1996-05-15,5.773609230684316,5.787454605102539,5.773609230684316,5.787454605102539
1996-05-16,5.773609638214111,5.773609638214111,5.773609638214111,5.773609638214111
1996-05-17,5.745920595424294,5.759766610263519,5.732075214385985,5.732075214385986
1996-05-20,5.718227953035296,5.732073329520858,5.704381942749023,5.704381942749023
1996-05-21,5.6905374796258785,5.6905374796258785,5.662846088409424,5.662846088409424
1996-05-22,5.662843576550465,5.662843576550465,5.607461452484131,5.607461452484131
1996-05-23,5.565927462057025,5.579772841491711,5.455162525177002,5.455162525177002
1996-05-24,5.441316481679678,5.455161859424663,5.233632646501064,5.31670618057251
1996-05-28,5.316705812219323,5.46900749206543,5.316705812219323,5.46900749206543
1996-05-29,5.469008545864199,5.524390697479248,5.469008545864199,5.524390697479248
1996-05-30,5.565924155700828,5.593615531921387,5.565924155700828,5.593615531921387
1996-05-31,5.59361607991768,5.607461452484131,5.5797700735507,5.607461452484131
1996-06-03,5.635152279351989,5.635152279351989,5.593615531921387,5.593615531921387
1996-06-04,5.593615531921387,5.593615531921387,5.579769526910874,5.593615531921387
1996-06-05,5.593618484701188,5.593618484701188,5.565927093862797,5.579772472381592
1996-06-06,5.552080242502765,5.552080242502765,5.538234233856201,5.538234233856201
1996-06-07,5.469006022175632,5.469006022175632,5.399777889251709,5.399777889251709
1996-06-10,5.399777904973685,5.427469284983991,5.372086524963379,5.372086524963379
1996-06-11,5.3443966314669495,5.3443966314669495,5.289013862609863,5.289013862609863
1996-06-12,5.205942984833122,5.205942984833122,5.150560821673517,5.178252220153809
1996-06-13,5.150559831838139,5.150559831838139,5.06748628616333,5.06748628616333
1996-06-14,5.095177679321885,5.095177679321885,5.06748628616333,5.06748628616333
1996-06-17,5.0674844975851725,5.122866630554199,5.0674844975851725,5.122866630554199
1996-06-18,5.192095233548073,5.192095233548073,5.1505584716796875,5.1505584716796875
1996-06-19,5.136713027954102,5.136713027954102,5.136713027954102,5.136713027954102
1996-06-20,5.136713027954102,5.136713027954102,5.136713027954102,5.136713027954102
1996-06-21,5.122866630554199,5.122866630554199,5.122866630554199,5.122866630554199
1996-06-24,5.095175880970002,5.122866630554199,5.095175880970002,5.122866630554199
1996-06-25,5.122866630554199,5.122866630554199,5.095175880970002,5.122866630554199
1996-06-26,5.109021595653385,5.109021595653385,5.067484834713113,5.0951762199401855
1996-06-27,5.067409661929606,5.067409661929606,5.053525924682617,5.053525924682617
1996-06-28,5.0535277593247505,5.220127582550049,5.0535277593247505,5.220127582550049
1996-07-01,5.220127582550049,5.220127582550049,5.220127582550049,5.220127582550049
1996-07-02,5.192361369031093,5.220127582550049,5.192361369031093,5.220127582550049
1996-07-03,5.247894431596896,5.247894431596896,5.220127582550049,5.220127582550049
1996-07-05,5.220127582550049,5.220127582550049,5.220127582550049,5.220127582550049
1996-07-08,5.220127582550049,5.220127582550049,5.220127582550049,5.220127582550049
1996-07-09,5.220125067256064,5.247891902923584,5.220125067256064,5.247891902923584
1996-07-10,5.220127582550049,5.220127582550049,5.220127582550049,5.220127582550049
1996-07-11,5.220127582550049,5.220127582550049,5.220127582550049,5.220127582550049
1996-07-12,5.2201291601285185,5.2201291601285185,5.164596080780029,5.164596080780029
1996-07-15,5.164596080780029,5.164596080780029,5.164596080780029,5.164596080780029
1996-07-16,5.164592645020229,5.164592645020229,5.053525924682617,5.053525924682617
1996-07-17,5.081291215103159,5.095174312591553,5.025758189622115,5.095174312591553
1996-07-18,5.109058856964111,5.109058856964111,5.109058856964111,5.109058856964111
1996-07-19,5.164591930632743,5.303424835205078,5.164591930632743,5.303424835205078
1996-07-22,5.303424835205078,5.303424835205078,5.303424835205078,5.303424835205078
1996-07-23,5.2895402908325195,5.2895402908325195,5.2895402908325195,5.2895402908325195
1996-07-24,5.261777250141817,5.275660991668701,5.247894144142788,5.275660991668701
1996-07-25,5.247894431596896,5.247894431596896,5.220127582550049,5.220127582550049
1996-07-26,5.220127582550049,5.220127582550049,5.220127582550049,5.220127582550049
1996-07-29,5.220125067256064,5.247891902923584,5.220125067256064,5.247891902923584
1996-07-30,5.247891902923584,5.247891902923584,5.247891902923584,5.247891902923584
1996-07-31,5.220126130109733,5.220126130109733,5.192359924316406,5.192359924316406
1996-08-01,5.192359924316406,5.192359924316406,5.192359924316406,5.192359924316406
1996-08-02,5.164594519984246,5.220127582550049,5.164594519984246,5.220127582550049
1996-08-05,5.192359924316406,5.192359924316406,5.192359924316406,5.192359924316406
1996-08-06,5.220127582550049,5.220127582550049,5.220127582550049,5.220127582550049
1996-08-07,5.220125067256064,5.247891902923584,5.220125067256064,5.247891902923584
1996-08-08,5.220125067256064,5.247891902923584,5.220125067256064,5.247891902923584
1996-08-09,5.247891902923584,5.247891902923584,5.247891902923584,5.247891902923584
1996-08-12,5.275658738591105,5.275658738591105,5.247891902923584,5.247891902923584
1996-08-13,5.247891902923584,5.247891902923584,5.247891902923584,5.247891902923584
1996-08-14,5.275657194825031,5.2895402908325195,5.275657194825031,5.2895402908325195
1996-08-15,5.303424230965334,5.331191062927246,5.303424230965334,5.331191062927246
1996-08-16,5.358958130732046,5.400608062744141,5.358958130732046,5.400608062744141
1996-08-19,5.3589582443237305,5.386724442568658,5.3589582443237305,5.3589582443237305
1996-08-20,5.400608062744141,5.400608062744141,5.386724328388424,5.400608062744141
1996-08-21,5.442259200810605,5.4977922439575195,5.442259200810605,5.4977922439575195
1996-08-22,5.470025392694226,5.497792231970979,5.470025392694226,5.4839091300964355
1996-08-23,5.49779247170064,5.581092357635498,5.49779247170064,5.581092357635498
1996-08-26,5.636626375322363,5.636626375322363,5.5949764251708975,5.594976425170898
1996-08-27,5.5949764251708975,5.5949764251708975,5.5949764251708975,5.594976425170898
1996-08-28,5.567208766937256,5.567208766937256,5.567208766937256,5.567208766937256
1996-08-29,5.581092696856784,5.608859539031982,5.581092696856784,5.608859539031982
1996-08-30,5.581093104233945,5.581093104233945,5.51167631149292,5.51167631149292
1996-09-03,5.539441108703613,5.539441108703613,5.539441108703613,5.539441108703613
1996-09-04,5.581092357635498,5.581092357635498,5.581092357635498,5.581092357635498
1996-09-05,5.553325176239014,5.553325176239014,5.553325176239014,5.553325176239014
1996-09-06,5.553325176239014,5.553325176239014,5.553325176239014,5.553325176239014
1996-09-09,5.581092357635498,5.59497546011541,5.581092357635498,5.581092357635498
1996-09-10,5.594975116649626,5.594975116649626,5.553325176239014,5.553325176239014
1996-09-11,5.581092357635498,5.581092357635498,5.581092357635498,5.581092357635498
1996-09-12,5.567208766937256,5.567208766937256,5.567208766937256,5.567208766937256
1996-09-13,5.567208766937256,5.567208766937256,5.567208766937256,5.567208766937256
1996-09-16,5.567208766937256,5.567208766937256,5.567208766937256,5.567208766937256
1996-09-17,5.5672092551555865,5.581092357635498,5.5672092551555865,5.581092357635498
1996-09-18,5.567208766937256,5.567208766937256,5.567208766937256,5.567208766937256
1996-09-19,5.567208766937256,5.567208766937256,5.567208766937256,5.567208766937256
1996-09-20,5.5672092551555865,5.581092357635498,5.5672092551555865,5.581092357635498
1996-09-23,5.5533255171479805,5.59497546011541,5.5533255171479805,5.581092357635498
1996-09-24,5.553325287104433,5.553325287104433,5.4977922439575195,5.4977922439575195
1996-09-25,5.4839075875776455,5.4839075875776455,5.38672399520874,5.38672399520874
1996-09-26,5.428481101989746,5.484157618851056,5.428481101989746,5.428481101989746
1996-09-27,5.400642653602971,5.456319808959961,5.400642653602971,5.456319808959961
1996-09-30,5.48415774946884,5.48415774946884,5.456319808959961,5.456319808959961
1996-10-01,5.428481989961498,5.484158515930176,5.428481989961498,5.484158515930176
1996-10-02,5.45631958549166,5.45631958549166,5.414562039268943,5.442399978637695
1996-10-03,5.470239639282227,5.470239639282227,5.470239639282227,5.470239639282227
1996-10-04,5.511999244804986,5.539837837219238,5.511999244804986,5.539837837219238
1996-10-07,5.567676757307432,5.595515354545941,5.567676757307432,5.581596374511719
1996-10-08,5.595515727996826,5.595515727996826,5.595515727996826,5.595515727996826
1996-10-09,5.567675213204052,5.567675213204052,5.553756237030029,5.553756237030029
1996-10-10,5.52591523933425,5.52591523933425,5.511996269226074,5.511996269226074
1996-10-11,5.484157524860413,5.484157524860413,5.442399978637694,5.442399978637695
1996-10-14,5.414562132066819,5.428481101989746,5.414562132066819,5.428481101989746
1996-10-15,5.442400201535905,5.525915297401775,5.442400201535905,5.456319808959961
1996-10-16,5.442399978637694,5.442399978637694,5.442399978637694,5.442399978637695
1996-10-17,5.136180992900468,5.191857539241117,5.024827263049232,5.164019584655762
1996-10-18,5.191858763741471,5.191858763741471,5.150101184844971,5.150101184844971
1996-10-21,5.122261486432191,5.122261486432191,5.038746356964111,5.038746356964111
1996-10-22,5.010908615490622,5.08050478087354,5.010908615490622,5.052666187286377
1996-10-23,5.052666187286377,5.052666187286377,5.052666187286377,5.052666187286377
1996-10-24,5.066584587097168,5.066584587097168,5.066584587097168,5.066584587097168
1996-10-25,5.066585165494969,5.066585165494969,5.052666187286377,5.052666187286377
1996-10-28,5.038746356964111,5.038746356964111,5.038746356964111,5.038746356964111
1996-10-29,5.010907768084794,5.052665332818834,5.010907768084794,5.038746356964111
1996-10-30,5.038746356964111,5.038746356964111,5.038746356964111,5.038746356964111
1996-10-31,5.038746356964111,5.038746356964111,5.038746356964111,5.038746356964111
1996-11-01,5.010907149114528,5.010907149114528,4.969149589538574,4.969149589538574
1996-11-04,4.941309508652082,4.941309508652082,4.8856329917907715,4.8856329917907715
1996-11-05,4.788201079279389,4.788201079279389,4.690766334533691,4.690766334533691
1996-11-06,4.621170619284674,4.829958438873291,4.5098169031141255,4.829958438873291
1996-11-07,4.802121069052669,4.857797622680664,4.802121069052669,4.857797622680664
1996-11-08,4.843877434043778,4.871716022491455,4.829958458404871,4.871716022491455
1996-11-11,4.89955472946167,4.89955472946167,4.89955472946167,4.89955472946167
1996-11-12,4.927393322203087,4.927393322203087,4.89955472946167,4.89955472946167
1996-11-13,4.9273905754089355,4.9273905754089355,4.9273905754089355,4.9273905754089355
1996-11-14,4.927391652744094,4.969149209123281,4.927391652744094,4.955230236053467
1996-11-15,4.983067545090036,5.024825096130371,4.955229602509589,5.024825096130371
1996-11-18,5.052664321881656,5.06658329495147,4.955230236053467,4.955230236053467
1996-11-19,4.899553069434721,4.955230236053467,4.885634096364907,4.955230236053467
1996-11-20,4.969150476420077,5.066584587097168,4.955231499800465,5.066584587097168
1996-11-21,5.038746356964111,5.038746356964111,5.024826743939517,5.038746356964111
1996-11-22,5.010906765502469,5.010906765502469,4.955230236053467,4.955230236053467
1996-11-25,4.927390538729155,4.927390538729155,4.829956474929461,4.8856329917907715
1996-11-26,4.857797622680664,4.857797622680664,4.857797622680664,4.857797622680664
1996-11-27,4.829958438873291,4.829958438873291,4.802119850538189,4.829958438873291
1996-11-29,4.802120309003772,4.802120309003772,4.788201332092285,4.788201332092285
1996-12-02,4.788200756664319,4.802119731903076,4.77428114425572,4.802119731903076
1996-12-03,4.788200256185327,4.802119229969225,4.760361671447754,4.760361671447754
1996-12-04,4.746442521624094,4.746442521624094,4.649007797241211,4.649007797241211
1996-12-05,4.593329906463623,4.593329906463623,4.593329906463623,4.593329906463623
1996-12-06,4.55157314982831,4.55157314982831,4.495896626440485,4.5237345695495605
1996-12-09,4.537654683794501,4.57941224027982,4.523735073519564,4.565492630004883
1996-12-10,4.607250186490201,4.607250186490201,4.565492630004883,4.565492630004883
1996-12-11,4.523735240327698,4.523735240327698,4.49589729309082,4.49589729309082
1996-12-12,4.481977682302612,4.49589729309082,4.454139735065735,4.49589729309082
1996-12-13,4.468058462020179,4.468058462020179,4.440219879150391,4.440219879150391
1996-12-16,4.45414052737012,4.45414052737012,4.356705783200007,4.384544372558594
1996-12-17,4.342785958318725,4.370624542236328,4.342785958318725,4.370624542236328
1996-12-18,4.370625844098912,4.370625844098912,4.301029682159424,4.301029682159424
1996-12-19,4.301028401027199,4.370624542236328,4.301028401027199,4.370624542236328
1996-12-20,4.398465262056561,4.509819030761719,4.398465262056561,4.426303863525391
1996-12-23,4.454140464646185,4.481978416442871,4.440220851577969,4.481978416442871
1996-12-24,4.481978416442871,4.481978416442871,4.481978416442871,4.481978416442871
1996-12-26,4.481980429292889,4.481980429292889,4.426303863525391,4.426303863525391
1996-12-27,4.454226493835449,4.454226493835449,4.454226493835449,4.454226493835449
1996-12-30,4.482151985168457,4.482151985168457,4.482151985168457,4.482151985168457
1996-12-31,4.454228099409593,4.496117393884229,4.454228099409593,4.468191623687744
1997-01-02,4.440262527088602,4.4542254037365865,4.384410381317139,4.384410381317139
1997-01-03,4.356484200995926,4.412336349487305,4.356484200995926,4.412336349487305
1997-01-06,4.440264467998266,4.496116638183594,4.440264467998266,4.496116638183594
1997-01-07,4.468190951846003,4.551969528198242,4.468190951846003,4.551969528198242
1997-01-08,4.593856944639419,4.663671970367432,4.593856944639419,4.663671970367432
1997-01-09,4.649709357137135,4.649709357137135,4.621782961752125,4.635746479034424
1997-01-10,4.635748759797021,4.677638053894043,4.635748759797021,4.677638053894043
1997-01-13,4.691600362039583,4.719526767730713,4.691600362039583,4.719526767730713
1997-01-14,4.747451778152613,4.845193862915039,4.747451778152613,4.845193862915039
1997-01-15,4.873121191318452,4.942936897277832,4.873121191318452,4.942936897277832
1997-01-16,4.970861434936523,4.970861434936523,4.970861434936523,4.970861434936523
1997-01-17,4.942936382746106,4.942936382746106,4.91500997543335,4.91500997543335
1997-01-20,4.942936897277832,4.942936897277832,4.942936897277832,4.942936897277832
1997-01-21,4.91500997543335,4.9289734986796585,4.91500997543335,4.91500997543335
1997-01-22,4.887083053588867,4.887083053588867,4.873119533638977,4.887083053588867
1997-01-23,4.859157517826712,4.859157517826712,4.719526767730713,4.719526767730713
1997-01-24,4.691600938866416,4.691600938866416,4.677638053894043,4.677638053894043
1997-01-27,4.663671970367432,4.663671970367432,4.663671970367432,4.663671970367432
1997-01-28,4.719527916267916,4.761417215408814,4.719527916267916,4.747453689575195
1997-01-29,4.719527347991065,4.733490232963438,4.677638053894043,4.677638053894043
1997-01-30,4.649712052288784,4.649712052288784,4.621785640716553,4.621785640716553
1997-01-31,4.5938601174629845,4.5938601174629845,4.565933704376221,4.565933704376221
1997-02-03,4.551969528198242,4.551969528198242,4.551969528198242,4.551969528198242
1997-02-04,4.524043083190918,4.524043083190918,4.524043083190918,4.524043083190918
1997-02-05,4.49611489181415,4.49611489181415,4.412336349487305,4.412336349487305
1997-02-06,4.384410381317139,4.41233613461311,4.384410381317139,4.384410381317139
1997-02-07,4.356486797332764,4.370449682982186,4.328560386853987,4.356486797332764
1997-02-10,4.328562073685368,4.342525603956281,4.300636291503906,4.300636291503906
1997-02-11,4.300636291503906,4.300636291503906,4.300636291503906,4.300636291503906
1997-02-12,4.328560492649628,4.342524017820271,4.300634720668242,4.3145976066589355
1997-02-13,4.328559398651123,4.328559398651123,4.328559398651123,4.328559398651123
1997-02-14,4.300636291503906,4.300636291503906,4.300636291503906,4.300636291503906
1997-02-18,4.286668300628662,4.286668300628662,4.272705424067366,4.286668300628662
1997-02-19,4.25874457908867,4.286670345532912,4.25874457908867,4.272707462310791
1997-02-20,4.286669342675424,4.286669342675424,4.24478006362915,4.24478006362915
1997-02-21,4.1889309627830436,4.1889309627830436,4.161004543304443,4.161004543304443
1997-02-24,4.1610026740300965,4.188929080963135,4.1610026740300965,4.188929080963135
1997-02-25,4.21685391396275,4.21685391396275,4.202890396118164,4.202890396118164
1997-02-26,4.216851352548419,4.216851352548419,4.133072853088379,4.133072853088379
1997-02-27,4.161004543304443,4.161004543304443,4.161004543304443,4.161004543304443
1997-02-28,4.161001339175114,4.161001339175114,4.147038459777832,4.147038459777832
1997-03-03,4.161004543304443,4.161004543304443,4.161004543304443,4.161004543304443
1997-03-04,4.147038625581071,4.24478006362915,4.147038625581071,4.24478006362915
1997-03-05,4.244779134803093,4.3425211906433105,4.244779134803093,4.3425211906433105
1997-03-06,4.37045102541205,4.426303863525391,4.37045102541205,4.426303863525391
1997-03-07,4.454225591515658,4.538004133294507,4.454225591515658,4.482151985168457
1997-03-10,4.5100815173826865,4.5938601174629845,4.5100815173826865,4.565933704376221
1997-03-11,4.593858582251414,4.607821464538574,4.593858582251414,4.607821464538574
1997-03-12,4.6078213118174025,4.635747714645912,4.510079860687256,4.510079860687256
1997-03-13,4.538008096246519,4.579897403717041,4.538008096246519,4.579897403717041
1997-03-14,4.551969488122403,4.5798952538740805,4.524043083190918,4.524043083190918
1997-03-17,4.496116339683121,4.538005624336007,4.496116339683121,4.510079860687256
1997-03-18,4.5798965913296055,4.5798965913296055,4.565933704376221,4.565933704376221
1997-03-19,4.5240430428661575,4.5240430428661575,4.496116638183594,4.496116638183594
1997-03-20,4.468188919564094,4.468188919564094,4.384410381317139,4.384410381317139
1997-03-21,4.384410594831392,4.412336349487305,4.32855780716046,4.412336349487305
1997-03-24,4.412336349487305,4.412336349487305,4.412336349487305,4.412336349487305
1997-03-25,4.41233777037735,4.510079860687256,4.41233777037735,4.510079860687256
1997-03-26,4.510079860687256,4.5240867479889015,4.510079860687256,4.510079860687256
1997-03-27,4.482066530146252,4.482066530146252,4.4540534019470215,4.4540534019470215
1997-03-31,4.398027800427053,4.398027800427053,4.313989056732044,4.327995300292969
1997-04-01,4.257961750030518,4.285974871408306,4.257961750030518,4.257961750030518
1997-04-02,4.215941542750461,4.257960895804999,4.215941542750461,4.243954658508301
1997-04-03,4.173924661593214,4.173924661593214,4.117899038062275,4.145912170410156
1997-04-04,4.117899784432093,4.131906032562256,4.10389353630193,4.131906032562256
1997-04-07,4.10389353630193,4.131906032562256,4.10389353630193,4.131906032562256
1997-04-08,4.131906032562256,4.131906032562256,4.131906032562256,4.131906032562256
1997-04-09,4.103892803192139,4.103892803192139,4.103892803192139,4.103892803192139
1997-04-10,4.075879583756128,4.075879583756128,4.019853961274899,4.033860206604004
1997-04-11,3.9498195224338106,3.9498195224338106,3.7677358574615534,3.7817420959472656
1997-04-14,3.8237627765574658,3.837769019892879,3.61366592070266,3.641679048538208
1997-04-15,3.585652828216553,3.5996597128547756,3.5436334566313406,3.5856528282165527
1997-04-16,3.47360076780933,3.5576394908920994,3.47360076780933,3.5296263694763184
1997-04-17,3.5016153689754472,3.7677385807037354,3.5016153689754472,3.7677385807037354
1997-04-18,3.79575032284709,4.005847216015099,3.79575032284709,3.893795967102051
1997-04-21,3.9638266529199138,3.9638266529199138,3.8377685546874996,3.8377685546875
1997-04-22,3.837768419565491,3.837768419565491,3.7117103257713913,3.8237621784210205
1997-04-23,3.907802212924973,3.921808458747895,3.893795967102051,3.893795967102051
1997-04-24,3.893797760026392,3.907804012298584,3.893797760026392,3.907804012298584
1997-04-25,3.9218084822505666,3.9218084822505666,3.809757232666016,3.8097572326660156
1997-04-28,3.781744145663483,3.7957503917406212,3.7537310123443604,3.7537310123443604
1997-04-29,3.7677358574615534,3.7817420959472656,3.7677358574615534,3.7817420959472656
1997-04-30,3.7817420959472656,3.7817420959472656,3.7817420959472656,3.7817420959472656
1997-05-01,3.8097570946779435,3.9778346041318997,3.8097570946779435,3.9498214721679688
1997-05-02,4.047866050944222,4.229950428009033,4.047866050944222,4.229950428009033
1997-05-05,4.257963644418157,4.327996158438128,4.243957398080107,4.299983024597168
1997-05-06,4.299981111514913,4.313987992786093,4.257961750030518,4.257961750030518
1997-05-07,4.285976050846978,4.285976050846978,4.173924175665343,4.187931060791016
1997-05-08,4.187931969620749,4.440048262618021,4.159918834454978,4.313990116119385
1997-05-09,4.299981210292245,4.299981210292245,4.1739231229433065,4.2019362449646
1997-05-12,4.2299509262889785,4.2299509262889785,4.145912170410156,4.145912170410156
1997-05-13,4.1178983550307695,4.201937096970173,4.1178983550307695,4.173923969268799
1997-05-14,4.18792939658038,4.18792939658038,4.089883804321289,4.089883804321289
1997-05-15,4.1178969112196615,4.1178969112196615,4.0478644371032715,4.0478644371032715
1997-05-16,4.075879583756128,4.089885829085233,4.033860206604004,4.033860206604004
1997-05-19,4.0478644371032715,4.061871316625245,4.033858198745791,4.0478644371032715
1997-05-20,4.033859148031336,4.033859148031336,4.00584602355957,4.00584602355957
1997-05-21,4.033860206604004,4.033860206604004,4.033860206604004,4.033860206604004
1997-05-22,4.033858409283951,4.061871528625488,4.033858409283951,4.061871528625488
1997-05-23,4.089885227329396,4.173923969268799,4.089885227329396,4.173923969268799
1997-05-27,4.159917726000471,4.201937096970173,4.145911482732143,4.173923969268799
1997-05-28,4.1739231229433065,4.2019362449646,4.1599168825149535,4.2019362449646
1997-05-29,4.215943537206765,4.271969795227051,4.215943537206765,4.271969795227051
1997-05-30,4.257963355192356,4.398028373718262,4.229950864419027,4.398028373718262
1997-06-02,4.4260393215587275,4.4260393215587275,4.384019958882016,4.4120330810546875
1997-06-03,4.412034619104927,4.412034619104927,4.384021487166782,4.398028373718262
1997-06-04,4.39802875555555,4.39802875555555,4.356009374582614,4.370015621185303
1997-06-05,4.342002610120266,4.342002610120266,4.257963845787843,4.313990116119385
1997-06-06,4.313989993609678,4.370015621185303,4.313989993609678,4.370015621185303
1997-06-09,4.370016005486077,4.370016005486077,4.342002868652344,4.342002868652344
1997-06-10,4.356009498285596,4.356009498285596,4.313990116119385,4.313990116119385
1997-06-11,4.299982172006389,4.327995300292969,4.299982172006389,4.327995300292969
1997-06-12,4.299983483984208,4.342002868652344,4.299983483984208,4.342002868652344
1997-06-13,4.3139899121000775,4.3139899121000775,4.299983024597168,4.299983024597168
1997-06-16,4.285976859239431,4.370015621185303,4.285976859239431,4.370015621185303
1997-06-17,4.313990372983539,4.342002868652344,4.313990372983539,4.342002868652344
1997-06-18,4.285976778259117,4.3139899121000775,4.285976778259117,4.299983024597168
1997-06-19,4.313990116119385,4.313990116119385,4.313990116119385,4.313990116119385
1997-06-20,4.285974871408306,4.285974871408306,4.257961750030518,4.257961750030518
1997-06-23,4.257961750030518,4.257961750030518,4.229949269817303,4.257961750030518
1997-06-24,4.2019362449646,4.2019362449646,4.1739231229433065,4.2019362449646
1997-06-25,4.2019362449646,4.2019362449646,4.2019362449646,4.2019362449646
1997-06-26,4.173829485317172,4.173829485317172,4.145722675020141,4.152749538421631
1997-06-27,4.159777224840498,4.159777224840498,4.1035635931244965,4.11059045791626
1997-06-30,4.159775668639559,4.215988636016846,4.131668863296509,4.215988636016846
1997-07-01,4.215988636016846,4.215988636016846,4.215988636016846,4.215988636016846
1997-07-02,4.215988636016846,4.215988636016846,4.215988636016846,4.215988636016846
1997-07-03,4.159775996549412,4.173829078674316,4.159775996549412,4.173829078674316
1997-07-07,4.159778491515681,4.159778491515681,4.047351837158203,4.047351837158203
1997-07-08,4.075458661574885,4.075458661574885,4.047351837158203,4.047351837158203
1997-07-09,4.061403711447832,4.061403711447832,4.033297538757324,4.033297538757324
1997-07-10,4.033296968022071,4.033296968022071,3.9770833439775006,4.019243240356445
1997-07-11,4.0473509749640355,4.0473509749640355,3.991137981414795,3.991137981414795
1997-07-14,4.075458558828448,4.159778386643455,4.0332986449209445,4.103564739227295
1997-07-15,4.110590049198696,4.131669998168945,4.075457015351276,4.131669998168945
1997-07-16,4.159776811232275,4.159776811232275,4.1035631851056165,4.131669998168945
1997-07-17,4.075457354778824,4.096537305504733,4.061403625422189,4.089510440826416
1997-07-18,4.089511649027871,4.117618472735952,4.0192449114122875,4.103564739227295
1997-07-21,4.1316693487712834,4.1316693487712834,4.047349566143298,4.049106121063232
1997-07-22,4.117618472735952,4.117618472735952,4.089511649027871,4.103564739227295
1997-07-23,4.11761578227939,4.215988636016846,4.11761578227939,4.215988636016846
1997-07-24,4.215992089105032,4.39868486519647,4.215992089105032,4.35652494430542
1997-07-25,4.384629642372114,4.49705625789492,4.328416656265224,4.440842628479004
1997-07-28,4.475976256427688,4.475976256427688,4.342469692230225,4.342469692230225
1997-07-29,4.384632219587054,4.426792144775391,4.384632219587054,4.426792144775391
1997-07-30,4.447870412705274,4.447870412705274,4.4127373695373535,4.4127373695373535
1997-07-31,4.426791177698052,4.426791177698052,4.328418254852295,4.328418254852295
1997-08-01,4.272201603394133,4.272201603394133,4.215988636016846,4.215988636016846
1997-08-04,4.201939217063951,4.244099140167236,4.166805518938297,4.244099140167236
1997-08-05,4.356524436631503,4.356524436631503,4.258151513785745,4.328418254852295
1997-08-06,4.328416606691709,4.3846295921547895,4.328416606691709,4.342469692230225
1997-08-07,4.384631772669233,4.384631772669233,4.328418759250946,4.35652494430542
1997-08-08,4.384629918994195,4.440842908647508,4.342470015926943,4.377603054046631
1997-08-11,4.384630203725719,4.384630203725719,4.272203573809203,4.314363479614258
1997-08-12,4.328418759250946,4.370578680141996,4.328418759250946,4.35652494430542
1997-08-13,4.356523384943732,4.38463020324707,4.342470297446617,4.38463020324707
1997-08-14,4.328417653960686,4.335443876775441,4.286257743835449,4.286257743835449
1997-08-15,4.272203963248709,4.272203963248709,4.0754581470965165,4.1246442794799805
1997-08-18,4.054378005798352,4.117617867362057,4.047351140077116,4.061404228210449
1997-08-19,4.159775668639559,4.215988636016846,4.159775668639559,4.215988636016846
1997-08-20,4.117618560791016,4.117618560791016,4.10356482698182,4.117618560791016
1997-08-21,4.117617256230643,4.117617256230643,4.089510440826416,4.089510440826416
1997-08-22,4.047349808931031,4.0895097027740634,4.047349808931031,4.075456619262695
1997-08-25,4.089510527447397,4.089510527447397,4.019243809103013,4.033297538757324
1997-08-26,4.0192444146037145,4.0192444146037145,4.005191326141357,4.005191326141357
1997-08-27,3.991137981414795,3.991137981414795,3.991137981414795,3.991137981414795
1997-08-28,4.019244045539962,4.019244045539962,3.9349242358901084,3.963031053543091
1997-08-29,3.9770869115467753,3.9770869115467753,3.87871394618865,3.9208738803863525
1997-09-02,3.8927627577429442,3.9068164825439458,3.8224967069732765,3.9068164825439453
1997-09-03,3.8506042562174887,3.8506042562174887,3.822498083114624,3.822498083114624
1997-09-04,3.7943917578393287,3.850604754630195,3.7803386694689,3.8365516662597656
1997-09-05,3.864657120725509,3.878710204130253,3.7662836069655325,3.780337333679199
1997-09-08,3.794391266702693,3.8365511696660564,3.766284450290762,3.822498083114624
1997-09-09,3.8224968889595234,3.8224968889595234,3.7522301915356757,3.7662832736968994
1997-09-10,3.7803388791888866,3.7803388791888866,3.7241252359703347,3.7381789684295654
1997-09-11,3.710072146820289,3.7522320575796106,3.696019057670244,3.7381789684295654
1997-09-12,3.738177109374452,3.766283273696899,3.738177109374452,3.7662832736968994
1997-09-15,3.8224967069732765,3.9068164825439458,3.8224967069732765,3.9068164825439453
1997-09-16,3.9349242358901084,3.9911378711960737,3.9068180615462205,3.963031053543091
1997-09-17,4.0192437834025485,4.0192437834025485,3.948977708816528,3.9489777088165283
1997-09-18,3.9349234104156494,3.9349234104156494,3.906817241967918,3.9349234104156494
1997-09-19,3.9068170805231883,3.9068170805231883,3.850603459332769,3.8787102699279785
1997-09-22,3.9068187732774793,3.9068187732774793,3.8084452152252197,3.8084452152252197
1997-09-23,3.822497292046493,3.8787102699279785,3.822497292046493,3.8787102699279785
1997-09-24,3.9349240044133764,4.033297538757324,3.9349240044133764,4.033297538757324
1997-09-25,4.061404927711919,4.075458661574885,4.047351837158203,4.047351837158203
1997-09-26,4.089658909081827,4.174272537231445,4.089658909081827,4.174272537231445
1997-09-29,4.202474554097405,4.202474554097405,4.1178609681387295,4.146065711975098
1997-09-30,4.188371300697327,4.230678081512451,4.188371300697327,4.230678081512451
1997-10-01,4.258886337280273,4.2729883940241535,4.258886337280273,4.258886337280273
1997-10-02,4.287089512878904,4.371703125932767,4.287089512878904,4.31529426574707
1997-10-03,4.371701696396131,4.498622074474248,4.371701696396131,4.4704179763793945
1997-10-06,4.484519945856767,4.526826737798812,4.456315202711933,4.519775390625
1997-10-07,4.540928786596022,4.540928786596022,4.49157129303058,4.519775390625
1997-10-08,4.540929864339012,4.540929864339012,4.4845210102116955,4.526827812194824
1997-10-09,4.526827762944038,4.526827762944038,4.484520961421197,4.505674362182617
1997-10-10,4.498622832495002,4.498622832495002,4.371702433030717,4.385805130004883
1997-10-13,4.357600312966567,4.399907112121582,4.357600312966567,4.399907112121582
1997-10-14,4.399907220032703,4.399907220032703,4.287088871002197,4.287088871002197
1997-10-15,4.287089108912688,4.3152938591231615,4.230680254042316,4.301191806793213
1997-10-16,4.258885787635921,4.2729878425598145,4.23068103223744,4.2729878425598145
1997-10-17,4.2024766185497,4.209527969360352,4.181323211668492,4.209527969360352
1997-10-20,4.223629334871206,4.258885437609375,4.1601691246032715,4.1601691246032715
1997-10-21,4.209526515924014,4.399907112121582,4.209526515924014,4.399907112121582
1997-10-22,4.414008697106307,4.555031776428223,4.414008697106307,4.555031776428223
1997-10-23,4.611441416161083,4.611441416161083,4.512725760050637,4.526827812194824
1997-10-24,4.512724634791004,4.540928732046614,4.498621940612793,4.498621940612793
1997-10-27,4.456317534029673,4.456317534029673,4.160169835506007,4.174272537231445
1997-10-28,3.835816111976764,4.174270455811466,3.835816111976764,4.146065711975098
1997-10-29,4.174271951116945,4.343499183654785,4.174271951116945,4.343499183654785
1997-10-30,4.258885787635921,4.301192597958296,4.258885787635921,4.2729878425598145
1997-10-31,4.2870892030062,4.2870892030062,4.223628997802734,4.223628997802734
1997-11-03,4.315293431726381,4.32939548265963,4.301191380793132,4.322344779968262
1997-11-04,4.329395565013049,4.399907112121582,4.329395565013049,4.399907112121582
1997-11-05,4.371701351211753,4.414008140563965,4.371701351211753,4.414008140563965
1997-11-06,4.428110834048285,4.428110834048285,4.399906092630019,4.414008140563965
1997-11-07,4.287088871002197,4.315293619647459,4.287088871002197,4.287088871002197
1997-11-10,4.301190541180695,4.364650726318359,4.301190541180695,4.364650726318359
1997-11-11,4.343499183654785,4.343499183654785,4.315294429714925,4.343499183654785
1997-11-12,4.287088910684393,4.287088910684393,4.216578006744385,4.216578006744385
1997-11-13,4.188374061565415,4.2447829246521,4.174272007181411,4.2447829246521
1997-11-14,4.244780489045131,4.244780489045131,4.146064873897668,4.188371658325195
1997-11-17,4.16016900710512,4.16016900710512,4.061453342437744,4.061453342437744
1997-11-18,4.0614524919962145,4.103759288787842,4.0614524919962145,4.103759288787842
1997-11-19,4.10375891899576,4.146065711975098,4.10375891899576,4.146065711975098
1997-11-20,4.131965723156636,4.174272537231445,4.131965723156636,4.174272537231445
1997-11-21,4.216577967714854,4.3223449681964095,4.216577967714854,4.287088871002197
1997-11-24,4.315293659590723,4.315293659590723,4.188373257838054,4.216578006744385
1997-11-25,4.216576036424158,4.23772942683172,4.216576036424158,4.230678081512451
1997-11-26,4.258884744581577,4.258884744581577,4.061452796247162,4.075554847717285
1997-11-28,4.0191465135817985,4.0191465135817985,4.005044460296631,4.005044460296631
1997-12-01,4.019145421402694,4.040298818357445,4.019145421402694,4.033247470855713
1997-12-02,4.033246872453192,4.103758400357561,4.033246872453192,4.089656352996826
1997-12-03,4.033247010550558,4.033247010550558,3.9345313845447203,3.9486334323883057
1997-12-04,3.906326002877631,3.9133773484185634,3.8781219118144303,3.899275302886963
1997-12-05,3.864020046028204,3.8922247886657715,3.8358159489410393,3.8922247886657715
1997-12-08,3.9063266433071795,3.9486334323883057,3.9063266433071795,3.9486334323883057
1997-12-09,3.920429456819471,3.9556849002838135,3.920429456819471,3.9556849002838135
1997-12-10,3.9768393039703374,3.990941355822175,3.9768393039703374,3.976839303970337
1997-12-11,3.9486356953129866,3.9486356953129866,3.6947948153524934,3.7229995727539062
1997-12-12,3.6665897704648076,3.6665897704648076,3.1871122444071274,3.356339454650879
1997-12-15,3.3563396694358882,3.3563396694358882,3.2999308109283447,3.2999308109283447
1997-12-16,3.2858285910954628,3.321084045181376,3.2717258930206294,3.27172589302063
1997-12-17,3.299929748881947,3.384543332186612,3.257622957229614,3.2576229572296143
1997-12-18,3.2294188548814367,3.3069817519967466,3.215316803383443,3.2858283519744873
1997-12-19,3.2999319630284463,3.342238783067273,3.2717272011522813,3.278778553009033
1997-12-22,3.3140336064278895,3.497363567352295,3.306982901004402,3.497363567352295
1997-12-23,3.5608225052938103,3.5608225052938103,3.4691575578896394,3.5114643573760986
1997-12-24,3.525566864614869,3.525566864614869,3.440953254699707,3.440953254699707
1997-12-26,3.4268523018039483,3.4550570626814148,3.412750244140625,3.412750244140625
1997-12-29,3.4127478947446064,3.526034355163574,3.4127478947446064,3.526034355163574
1997-12-30,3.5118738242685654,3.7384460990433097,3.5118738242685654,3.6393208503723145
1997-12-31,3.653480291366577,3.6818020600891286,3.6463996871287154,3.653480291366577
1998-01-02,3.6818020600891286,3.6818020600891286,3.653480291366577,3.653480291366577
1998-01-05,3.681801601914148,3.681801601914148,3.6251580715179443,3.6251580715179443
1998-01-06,3.6251598316666787,3.6251598316666787,3.504793405532837,3.504793405532837
1998-01-07,3.4977140257777455,3.5047946350563324,3.4410710962371263,3.4552316665649414
1998-01-08,3.426908493041992,3.455229616897324,3.426908493041992,3.426908493041992
1998-01-09,3.426909906825975,3.426909906825975,3.2003369331359863,3.2003369331359863
1998-01-12,3.172014533815247,3.172014533815247,3.1153709888458256,3.115370988845825
1998-01-13,3.1436934117798527,3.172015190124512,3.1436934117798527,3.1720151901245117
1998-01-14,3.1720160548337977,3.2428195476531982,3.1720160548337977,3.2428195476531982
1998-01-15,3.2569806687614937,3.278221845626831,3.2286588835312857,3.278221845626831
1998-01-16,3.285300392526651,3.3065415602546877,3.2711398301176255,3.299461603164673
1998-01-20,3.2994621832050557,3.313622748103487,3.2853009700775146,3.2853009700775146
1998-01-21,3.327782316487073,3.363184690475464,3.327782316487073,3.363184690475464
1998-01-22,3.3419448754707206,3.3419448754707206,3.2569801807403564,3.2569801807403564
1998-01-23,3.271140405179083,3.2853009700775146,3.2286580622546794,3.2853009700775146
1998-01-26,3.299461603164673,3.299461603164673,3.264059224798615,3.299461603164673
1998-01-27,3.2853006989814904,3.31362247467041,3.2853006989814904,3.31362247467041
1998-01-28,3.3561050710551954,3.405668020248413,3.3419445062410356,3.405668020248413
1998-01-29,3.4339901641151935,3.518954874552924,3.4339901641151935,3.5118749141693115
1998-01-30,3.48355184645397,3.540194749832153,3.48355184645397,3.5401947498321533
1998-02-02,3.596837402150371,3.7101231805827837,3.596837402150371,3.653480291366577
1998-02-03,3.6676419795759725,3.6676419795759725,3.6251596375413895,3.6393208503723145
1998-02-04,3.660562021389606,3.660562021389606,3.6393208503723145,3.6393208503723145
1998-02-05,3.6251596375413895,3.6534814149741437,3.6251596375413895,3.6393208503723145
1998-02-06,3.6393208503723145,3.6393208503723145,3.6393208503723145,3.6393208503723145
1998-02-09,3.6393221312436603,3.6393221312436603,3.5685179868565724,3.5826785564422607
1998-02-10,3.6251580715179443,3.6251580715179443,3.6251580715179443,3.6251580715179443
1998-02-11,3.6110003438429605,3.6110003438429605,3.5331162387776907,3.5826785564422607
1998-02-12,3.568516525635774,3.568516525635774,3.540194749832153,3.5401947498321533
1998-02-13,3.5118739276819135,3.5118739276819135,3.4269092411108115,3.4693915843963623
1998-02-17,3.4977136969434914,3.5118749141693115,3.4977136969434914,3.5118749141693115
1998-02-18,3.5118749141693115,3.5118749141693115,3.5118749141693115,3.5118749141693115
1998-02-19,3.4835521494151744,3.4835521494151744,3.4552303711484353,3.4693915843963623
1998-02-20,3.4198296070098877,3.4198296070098877,3.4198296070098877,3.4198296070098877
1998-02-23,3.426908493041992,3.426908493041992,3.426908493041992,3.426908493041992
1998-02-24,3.398587120276815,3.398587120276815,3.3419442176818848,3.3419442176818848
1998-02-25,3.3136221655736984,3.3136221655736984,3.285300392526651,3.299461603164673
1998-02-26,3.271140405179083,3.2853009700775146,3.242818627153111,3.2853009700775146
1998-02-27,3.29946121754281,3.38442587852478,3.29946121754281,3.3844258785247803
1998-03-02,3.3985866132732716,3.3985866132732716,3.2994613864624522,3.32070255279541
1998-03-03,3.320703048180155,3.356104781273355,3.320703048180155,3.3419442176818848
1998-03-04,3.3136223063284564,3.327782869338989,3.3136223063284564,3.3277828693389893
1998-03-05,3.327782869338989,3.327782869338989,3.327782869338989,3.3277828693389893
1998-03-06,3.3773455539517014,3.4693908270539633,3.3773455539517014,3.426908493041992
1998-03-09,3.455231201032577,3.4764723777770996,3.4410706326126523,3.4764723777770996
1998-03-10,3.511873857744949,3.61099910736084,3.511873857744949,3.61099910736084
1998-03-11,3.625158383083615,3.688881874084472,3.625158383083615,3.6888818740844727
1998-03-12,3.738446184042446,3.745526790618897,3.7313655774659953,3.7455267906188965
1998-03-13,3.738445997238159,3.738445997238159,3.738445997238159,3.738445997238159
1998-03-16,3.752607583999634,3.780929368378513,3.752607583999634,3.752607583999634
1998-03-17,3.6393222980488917,3.681804656982422,3.6393222980488917,3.681804656982422
1998-03-18,3.681804656982422,3.681804656982422,3.681804656982422,3.681804656982422
1998-03-19,3.667640395200689,3.667640395200689,3.6251580715179443,3.6251580715179443
1998-03-20,3.603919734935454,3.6251609134286484,3.575598595764079,3.5826785564422607
1998-03-23,3.61099910736084,3.61099910736084,3.5685167649213008,3.61099910736084
1998-03-24,3.582677329658113,3.625159672097652,3.582677329658113,3.61099910736084
1998-03-25,3.568516492843628,3.568516492843628,3.568516492843628,3.568516492843628
1998-03-26,3.5331146717071533,3.5331146717071533,3.5331146717071533,3.5331146717071533
1998-03-27,3.5260062217712402,3.561550420196569,3.5260062217712402,3.5260062217712402
1998-03-30,3.4975698658278973,3.526005610138209,3.4975698658278973,3.504678964614868
1998-03-31,3.526006395368313,3.526006395368313,3.518897294998169,3.518897294998169
1998-04-01,3.497570342713041,3.5117878913879395,3.497570342713041,3.5117878913879395
1998-04-02,3.5188974491000535,3.5188974491000535,3.469135046005249,3.469135046005249
1998-04-03,3.4549174308776855,3.4549174308776855,3.4549174308776855,3.4549174308776855
1998-04-06,3.5544413201764296,3.5544413201764296,3.5260062217712402,3.5260062217712402
1998-04-07,3.504679375881585,3.5188969242863544,3.4975702762603764,3.497570276260376
1998-04-08,3.4691354112907673,3.4975711661730715,3.4478087578384926,3.490462064743042
1998-04-09,3.4975702762603764,3.4975702762603764,3.4975702762603764,3.497570276260376
1998-04-13,3.469135046005249,3.469135046005249,3.469135046005249,3.469135046005249
1998-04-14,3.440699815750122,3.440699815750122,3.440699815750122,3.440699815750122
1998-04-15,3.3980465149384993,3.454917365741423,3.3980465149384993,3.440699815750122
1998-04-16,3.4478066346167364,3.483351469039917,3.412262451030968,3.483351469039917
1998-04-17,3.490461150202059,3.725054276710984,3.490461150202059,3.6468567848205566
1998-04-20,3.6966211795806885,3.6966211795806885,3.682402972755482,3.6966211795806885
1998-04-21,3.7534897245675283,3.8387963092167903,3.7534897245675283,3.8245787620544434
1998-04-22,3.853013856379137,3.853013856379137,3.824578762054444,3.8245787620544434
1998-04-23,3.824580660682144,3.824580660682144,3.7819273471832275,3.7819273471832275
1998-04-24,3.7534902095794678,3.7534902095794678,3.7534902095794678,3.7534902095794678
1998-04-27,3.6966184880230175,3.6966184880230175,3.611311912536621,3.611311912536621
1998-04-28,3.5544414520263667,3.5544414520263667,3.5544414520263667,3.554441452026367
1998-04-29,3.5828772023240476,3.5828772023240476,3.5544414520263667,3.554441452026367
1998-04-30,3.639747865070562,3.781925958416113,3.639747865070562,3.7534902095794678
1998-05-01,3.6966178975007544,3.817468643188476,3.6966178975007544,3.8174686431884766
1998-05-04,3.8103624556238964,3.824580660682144,3.7819273471832275,3.7819273471832275
1998-05-05,3.7392740336843113,3.7819273471832275,3.7392740336843113,3.7819273471832275
1998-05-06,3.767709255218506,3.767709255218506,3.767709255218506,3.767709255218506
1998-05-07,3.753489091661241,3.838795661926269,3.753489091661241,3.8387956619262695
1998-05-08,3.810360431671142,3.810360431671142,3.810360431671142,3.8103604316711426
1998-05-11,3.810360431671142,3.824578629177097,3.810360431671142,3.8103604316711426
1998-05-12,3.7961428850027557,3.810360431671142,3.7961428850027557,3.8103604316711426
1998-05-13,3.7748192535357528,3.7961459159851074,3.7748192535357528,3.7961459159851074
1998-05-14,3.781925379961574,3.781925379961574,3.7037272453308105,3.7037272453308105
1998-05-15,3.725053614440868,3.725053614440868,3.65396523475647,3.6539652347564697
1998-05-18,3.6255311965942387,3.6255311965942387,3.6255311965942387,3.6255311965942383
1998-05-19,3.6113126687626265,3.6113126687626265,3.5686593720876254,3.5828769207000732
1998-05-20,3.6255317262359577,3.6255317262359577,3.5970959663391113,3.5970959663391113
1998-05-21,3.526004749677804,3.533113195892511,3.483351469039917,3.483351469039917
1998-05-22,3.4762436790125713,3.5899860204251257,3.4762436790125713,3.5828769207000732
1998-05-26,3.490459829828931,3.5188955665040553,3.3980448246002197,3.3980448246002197
1998-05-27,3.2985208038718574,3.2985208038718574,3.1847791335974236,3.220323324203491
1998-05-28,3.298521175256985,3.3198478221893306,3.291412726837945,3.319847822189331
1998-05-29,3.3482833572463115,3.4264808407881597,3.3482833572463115,3.3553924560546875
1998-06-01,3.312738792392932,3.312738792392932,3.255867309995736,3.2629764080047607
1998-06-02,3.213214792447226,3.2843038370345514,3.213214792447226,3.2700862884521484
1998-06-03,3.2345406982171183,3.2345406982171183,3.2274322509765625,3.2274322509765625
1998-06-04,3.213214792447226,3.2700862884521484,3.213214792447226,3.2700862884521484
1998-06-05,3.2416508845055323,3.2629775350614896,3.2416508845055323,3.2487599849700928
1998-06-08,3.2771952152252197,3.2771952152252197,3.2771952152252197,3.2771952152252197
1998-06-09,3.29141253211448,3.29141253211448,3.21321439743042,3.21321439743042
1998-06-10,3.1989961862564087,3.1989961862564087,3.0710363388061523,3.0710363388061523
1998-06-11,3.071037333197003,3.071037333197003,3.0070573887553986,3.0426015853881836
1998-06-12,2.9857303724123128,3.0283836634467742,2.9430770813778513,3.0141661167144775
1998-06-15,2.9857303088304605,2.9928394074640043,2.9288594722747803,2.9288594722747803
1998-06-16,2.9288594722747803,2.9288594722747803,2.9288594722747803,2.9288594722747803
1998-06-17,2.9999484544377473,2.9999484544377473,2.914641857147217,2.914641857147217
1998-06-18,2.8862065612678025,2.8862065612678025,2.8435532655389073,2.8790974617004395
1998-06-19,2.886208294512523,2.978623390197754,2.886208294512523,2.978623390197754
1998-06-22,2.9430775075525673,3.049710750579834,2.9430775075525673,3.049710750579834
1998-06-23,3.056818763848631,3.127907133373353,3.056818763848631,3.0994720458984375
1998-06-24,3.1279073185402297,3.2629762699729516,3.1279073185402297,3.241649627685547
1998-06-25,3.2771960383968883,3.2843051409292867,3.198998513892162,3.2061076164245605
1998-06-26,3.2346689478556314,3.2346689478556314,3.213247299194336,3.213247299194336
1998-06-29,3.198965121403572,3.2061052322387695,3.198965121403572,3.2061052322387695
1998-06-30,3.2061065317282917,3.256090596516927,3.19182565053304,3.213247299194336
1998-07-01,3.1989653883734865,3.227527141571045,3.1989653883734865,3.227527141571045
1998-07-02,3.198965335197688,3.213246211559079,3.1704029287382913,3.202535390853882
1998-07-06,3.1489810943603516,3.1489810943603516,3.1489810943603516,3.1489810943603516
1998-07-07,3.2203864600466994,3.256088972091675,3.198964822072412,3.256088972091675
1998-07-08,3.2846519143361537,3.2989327907562256,3.2846519143361537,3.2989327907562256
1998-07-09,3.2275276496541148,3.2275276496541148,3.170403480529785,3.170403480529785
1998-07-10,3.1418405382994448,3.1418405382994448,3.098997255260195,3.1275596618652344
1998-07-13,3.098996589459562,3.098996589459562,3.0918564796447754,3.0918564796447754
1998-07-14,3.0704360221053872,3.098997779808279,3.056154489517212,3.056154489517212
1998-07-15,3.027592680033739,3.034732792468981,3.0133111476898193,3.0133111476898193
1998-07-16,2.984750421771553,2.9990313053131104,2.984750421771553,2.9990313053131104
1998-07-17,2.97046799744418,2.97046799744418,2.913343826599575,2.9633278846740723
1998-07-20,2.9704674906037543,2.9847490211806598,2.934764971634765,2.9419057369232178
1998-07-21,2.8704990938921724,2.9062016010284424,2.8704990938921724,2.9062016010284424
1998-07-22,2.8919224272993276,2.8919224272993276,2.7990950697453525,2.849079132080078
1998-07-23,2.849079132080078,2.849079132080078,2.849079132080078,2.849079132080078
1998-07-24,2.841938083139164,2.841938083139164,2.727689743041992,2.727689743041992
1998-07-27,2.656284200111406,2.656284200111406,2.59201925978613,2.6277217864990234
1998-07-28,2.5705975153717313,2.5705975153717313,2.506332577487438,2.5420351028442383
1998-07-29,2.5420351028442383,2.5420351028442383,2.5420351028442383,2.5420351028442383
1998-07-30,2.5705981254577637,2.5705981254577637,2.5420357061514856,2.5705981254577637
1998-07-31,2.6134400367736816,2.6562833160650534,2.6062992723129326,2.6134400367736816
1998-08-03,2.6134414275487265,2.6134414275487265,2.5420357061514856,2.5705981254577637
1998-08-04,2.5991604616372506,2.5991604616372506,2.4849114418029785,2.4849114418029785
1998-08-05,2.4563479536959076,2.49919123575884,2.4135046716329756,2.492051124572754
1998-08-06,2.4634902881813927,2.4634902881813927,2.3706628999897537,2.384944438934326
1998-08-07,2.384942691312387,2.442066844020571,2.384942691312387,2.399223566055298
1998-08-10,2.399224198852557,2.442067488117781,2.399224198852557,2.4135050773620605
1998-08-11,2.3421000385828545,2.3421000385828545,2.256413459777832,2.256413459777832
1998-08-12,2.2564130816435863,2.2706939578056335,2.2278506755828857,2.2278506755828857
1998-08-13,2.2564130816435863,2.2849748339676808,2.2278506755828857,2.2278506755828857
1998-08-14,2.2564125635267858,2.2564125635267858,2.163585255446943,2.2064285278320312
1998-08-17,2.227851048930586,2.256413459777832,2.185007759528075,2.256413459777832
1998-08-18,2.2849755052075933,2.2849755052075933,2.2564137444931274,2.2635538578033447
1998-08-19,2.2564134330860055,2.4349267009936355,2.2564134330860055,2.4277865886688232
1998-08-20,2.4277872020256965,2.4349273161543894,2.28497576713562,2.28497576713562
1998-08-21,2.2564130816435863,2.2564130816435863,2.185007393360138,2.2278506755828857
1998-08-24,2.2564136721328656,2.2564136721328656,2.199288845062256,2.199288845062256
1998-08-25,2.192148179018207,2.192148179018207,2.1707265377044678,2.1707265377044678
1998-08-26,2.142164815275328,2.149305582571853,2.0707591035205435,2.11360239982605
1998-08-27,2.056477485819066,2.056477485819066,1.8851043620008103,2.013634204864502
1998-08-28,2.0421966705298473,2.0564775466918945,2.0421966705298473,2.0564775466918945
1998-08-31,2.0564775466918945,2.1136017050766895,2.0564775466918945,2.0564775466918945
1998-09-01,2.085039665864275,2.085039665864275,1.942228308947321,1.9493690729141235
1998-09-02,1.9779311669886541,2.0993202130992623,1.9779311669886541,2.063617706298828
1998-09-03,1.9993529999038882,2.0707580205792735,1.9993529999038882,2.042196273803711
1998-09-04,2.0636189448501634,2.106462240219116,2.0636189448501634,2.106462240219116
1998-09-08,2.08503997244951,2.1707265377044678,2.08503997244951,2.1707265377044678
1998-09-09,2.156444028504544,2.170725552053368,2.0707575021568627,2.0778982639312744
1998-09-10,1.992213278206055,2.1921488788773593,1.992213278206055,2.11360239982605
1998-09-11,2.1278834262953286,2.1278834262953286,2.0921802520751953,2.0921802520751953
1998-09-14,2.120741847926806,2.120741847926806,2.063617706298828,2.063617706298828
1998-09-15,2.056476943444175,2.0850393411263717,2.0421960714712846,2.063617706298828
1998-09-16,2.0350556837770535,2.0350556837770535,1.9993531703948975,1.9993531703948975
1998-09-17,1.970791309871546,2.0279154777526855,1.9565104313354396,2.0279154777526855
1998-09-18,2.027914642213247,2.027914642213247,1.970790497868342,1.977931261062622
1998-09-21,1.9993536126285334,1.9993536126285334,1.9422287940979002,1.9422287940979004
1998-09-22,1.9422283495625845,1.9636499881744385,1.9422283495625845,1.9636499881744385
1998-09-23,1.9565097260040654,2.056477147191492,1.9565097260040654,2.042196273803711
1998-09-24,2.056477994040252,2.1992887479363534,2.056477994040252,2.1493053436279297
1998-09-25,2.156445078211563,2.170726608712302,2.1207425594329834,2.1207425594329834
1998-09-28,2.0991756916046143,2.120742562894495,2.070419643828547,2.0991756916046143
1998-09-29,2.0919867411761452,2.1423096656799316,2.0847975639131042,2.1423096656799316
1998-09-30,2.1135532905658088,2.1135532905658088,2.0704195499420166,2.0704195499420166
1998-10-01,2.041663268362754,2.041663268362754,1.854750633239746,1.8978843688964844
1998-10-02,1.883507808883852,1.9482084512710571,1.883507808883852,1.9482084512710571
1998-10-05,1.9482077516838983,1.9482077516838983,1.8835071325302122,1.8835071325302124
1998-10-06,1.8835063065353768,1.926640033721924,1.8835063065353768,1.9266400337219238
1998-10-07,1.9697747186280405,2.1279313564300537,1.9697747186280405,2.1279313564300537
1998-10-08,2.0991762157544445,2.0991762157544445,2.01290870905452,2.0847978591918945
1998-10-09,2.1566861750843076,2.1566861750843076,2.0416626930236816,2.0416626930236816
1998-10-12,2.0704195499420166,2.084797244093731,2.041663503469939,2.0704195499420166
1998-10-13,2.077609871571025,2.077609871571025,1.9985308647155762,1.9985308647155762
1998-10-14,2.0129083671185386,2.0200968860098447,1.9482077480843936,1.9841523170471191
1998-10-15,1.9841512810775628,2.048851866330092,1.9841512810775628,2.0416626930236816
1998-10-16,2.041663503469939,2.084797244093731,2.041663503469939,2.0704195499420166
1998-10-19,2.0991752544661244,2.0991752544661244,2.0560415208686598,2.063230037689209
1998-10-20,2.0919867411761452,2.1998211092780084,2.0919867411761452,2.1423096656799316
1998-10-21,2.156687132581334,2.156687132581334,2.077608823776245,2.077608823776245
1998-10-22,2.091986515118428,2.0991756916046143,2.070419643828547,2.0991756916046143
1998-10-23,2.0272862911224365,2.0272862911224365,1.9841525402474909,2.0272862911224365
1998-10-26,1.998530012998463,1.998530012998463,1.9553962669756995,1.9841523170471191
1998-10-27,1.9841523170471191,1.9841523170471191,1.9338293939643176,1.9841523170471191
1998-10-28,2.0129085935537234,2.0272862911224365,1.9625856648100182,2.0272862911224365
1998-10-29,2.0704197692871094,2.1566872596740723,2.0704197692871094,2.1566872596740723
1998-10-30,2.1423094636651165,2.171064853668213,2.0991757204917834,2.171064853668213
1998-11-02,2.199820202243098,2.3867328104951757,2.199820202243098,2.3435990810394287
1998-11-03,2.314844489936799,2.4370565457003455,2.314844489936799,2.415489673614502
1998-11-04,2.4442457224518614,2.5305132107952364,2.3867336247771425,2.415489673614502
1998-11-05,2.386733249800865,2.473000724590879,2.386733249800865,2.4442453384399414
1998-11-06,2.451434396351173,2.451434396351173,2.3651669025421143,2.3651669025421143
1998-11-09,2.3579782341084865,2.415489673614502,2.329222185271127,2.415489673614502
1998-11-10,2.4011114014698967,2.4011114014698967,2.3004655838012695,2.3004655838012695
1998-11-11,2.3220324097803906,2.329221584678168,2.29327702652635,2.3148438930511475
1998-11-12,2.34359976554239,2.34359976554239,2.2717106342315674,2.2717106342315674
1998-11-13,2.2860878516285723,2.3148438930511475,2.2860878516285723,2.3148438930511475
1998-11-16,2.343599789457781,2.3867335319519043,2.343599789457781,2.3867335319519043
1998-11-17,2.401111159092744,2.401111159092744,2.336410564909124,2.3435990810394287
1998-11-18,2.329221491380171,2.3723552227020264,2.329221491380171,2.3723552227020264
1998-11-19,2.3651671020267595,2.379545457653476,2.343600226755486,2.357978582382202
1998-11-20,2.322033976227734,2.34360085730158,2.322033976227734,2.329223155975342
1998-11-23,2.3292218712291533,2.34359956462498,2.235765218734741,2.235765218734741
1998-11-24,2.207010018072336,2.2932775020599365,2.1566870996900125,2.2932775020599365
1998-11-25,2.3004660234884278,2.3004660234884278,2.2429545868060354,2.2717106342315674
1998-11-27,2.271710538786325,2.271710538786325,2.2429544925689697,2.2429544925689697
1998-11-30,2.250144033781795,2.250144033781795,2.113553614796518,2.1423096656799316
1998-12-01,2.17106510458856,2.2141988527470664,2.1135536597668065,2.1279313564300537
1998-12-02,2.0991756916046143,2.1135533864083085,2.070419643828547,2.0991756916046143
1998-12-03,2.0704195499420166,2.099175596414095,2.0704195499420166,2.0704195499420166
1998-12-04,2.084797342105729,2.084797342105729,2.063230470779916,2.077608823776245
1998-12-07,2.048853492192249,2.084798070911248,2.048853492192249,2.0560426712036133
1998-12-08,2.034475468991196,2.070420041997382,1.998530237816204,2.0272862911224365
1998-12-09,1.9985308647155762,2.012909224963301,1.984153162636864,1.9985308647155762
1998-12-10,1.9841524495018854,1.9841524495018854,1.8978849516974556,1.9410187005996704
1998-12-11,1.9697752740362846,1.9697752740362846,1.8691293945086163,1.8763185739517212
1998-12-14,1.8403732816592888,1.8403732816592888,1.7900503613482857,1.8188064098358154
1998-12-15,1.8116165418349832,1.926640033721924,1.8116165418349832,1.9266400337219238
1998-12-16,1.9266398691314441,2.0416626930236816,1.9266398691314441,2.0416626930236816
1998-12-17,2.0704196472780807,2.0991756951020584,2.0488527759522674,2.077608823776245
1998-12-18,2.0847974649620302,2.1566872596740723,2.0704197692871094,2.1566872596740723
1998-12-21,2.1279313564300537,2.17106510458856,2.1279313564300537,2.1279313564300537
1998-12-22,2.156687886518157,2.156687886518157,2.0272866133270675,2.0560426712036133
1998-12-23,1.96977471682187,2.0129084649408253,1.9553963620030423,1.9913415908813477
1998-12-24,1.9841523170471191,1.9841523170471191,1.9841523170471191,1.9841523170471191
1998-12-28,2.012909224963301,2.012909224963301,1.984153162636864,1.9985308647155762
1998-12-29,1.9912890813503177,2.049217939376831,1.9912890813503177,2.049217939376831
1998-12-30,2.049217605755241,2.049217605755241,2.0202531814575195,2.0202531814575195
1998-12-31,2.013012139710573,2.070940994926557,2.013012139710573,2.063699722290039
1999-01-04,2.0926637649536133,2.0926637649536133,2.0926637649536133,2.0926637649536133
1999-01-05,2.1433515057568444,2.2881730103329674,2.1433515057568444,2.2736904621124268
1999-01-06,2.2881721481135173,2.4185110553553386,2.2881721481135173,2.3895466327667236
1999-01-07,2.411269187927246,2.411269187927246,2.411269187927246,2.411269187927246
1999-01-08,2.432992333764428,2.432992333764428,2.3895460420900636,2.411269187927246
1999-01-11,2.3967875698276426,2.411269447632934,2.3823050290844794,2.4040281772613525
1999-01-12,2.432993717441867,2.6647071838378906,2.432993717441867,2.6647071838378906
1999-01-13,2.5488507562296454,2.7515997886657715,2.5054044402878795,2.7515997886657715
1999-01-14,2.7515995308724985,2.7515995308724985,2.606778712280717,2.6357431411743164
1999-01-15,2.621258883243824,2.6864283084869385,2.621258883243824,2.6864283084869385
1999-01-19,2.715393671622643,2.867455717233511,2.715393671622643,2.824009418487549
1999-01-20,2.8529745539236693,2.8964208635624153,2.8312513991042967,2.8674564361572266
1999-01-21,2.8964210860165776,3.091929494406589,2.8964210860165776,3.0340006351470947
1999-01-22,2.9977941088773203,2.9977941088773203,2.881937110743376,2.918142795562744
1999-01-25,2.8964202830187524,2.8964202830187524,2.831250831622865,2.838491439819336
1999-01-26,2.9109015034315884,2.9109015034315884,2.8312501907348633,2.8312501907348633
1999-01-27,2.722634935095797,2.7660812337253153,2.693670515030149,2.737116813659668
1999-01-28,2.6936710762166864,2.7660818099975586,2.6936710762166864,2.7660818099975586
1999-01-29,2.7805632076314395,2.7805632076314395,2.6791887283325195,2.6791887283325195
1999-02-01,2.693670656267129,2.824009558989732,2.693670656267129,2.7950451374053955
1999-02-02,2.737116931915283,2.7588400821685792,2.7153937816619873,2.7153937816619873
1999-02-03,2.729876404000198,2.729876404000198,2.7009126377363466,2.708153247833252
1999-02-04,2.7298761116381005,2.773322419319015,2.7298761116381005,2.7660818099975586
1999-02-05,2.7515995308724985,2.7515995308724985,2.5778142833871174,2.6357431411743164
1999-02-08,2.664705587513224,2.679188126257029,2.6357418359011735,2.6574649810791016
1999-02-09,2.6502250523674338,2.708153247833252,2.6429837793324134,2.708153247833252
1999-02-10,2.737116813659668,2.737116813659668,2.737116813659668,2.737116813659668
1999-02-11,2.7298761116381005,2.7805636915785152,2.7298761116381005,2.7660818099975586
1999-02-12,2.7660819401743,2.7660819401743,2.6791893207231503,2.7009124755859375
1999-02-16,2.7805632076314395,2.7805632076314395,2.6647061863341532,2.6791887283325195
1999-02-17,2.6791882735264316,2.6791882735264316,2.577813148498535,2.577813148498535
1999-02-18,2.498162016431894,2.585054608307786,2.498162016431894,2.548849582672119
1999-02-19,2.5778148953385323,2.6067793311080436,2.5343685731533983,2.5705742835998535
1999-02-22,2.5560917342459653,2.5705742835998535,2.5343685731533983,2.5705742835998535
1999-02-23,2.548850321243943,2.5705734755075613,2.527127166980324,2.541609048843384
1999-02-24,2.5560904715932313,2.5560904715932313,2.4619572619840295,2.4909210205078125
1999-02-25,2.5126450831419174,2.5126450831419174,2.43299372387539,2.505404472351074
1999-02-26,2.4764385021920603,2.592295495203693,2.4474740882047104,2.48367977142334
1999-03-01,2.5416096874645775,2.5416096874645775,2.4329938888549805,2.4329938888549805
1999-03-02,2.418511390686035,2.4329932725192984,2.4112701183003757,2.418511390686035
1999-03-03,2.4329933965867703,2.4329933965867703,2.3895470859334353,2.3967883586883545
1999-03-04,2.4185118041173967,2.4185118041173967,2.3605829410056107,2.3823060989379883
1999-03-05,2.3895470859334353,2.3967883586883545,2.375065203361687,2.3967883586883545
1999-03-08,2.3533425241873505,2.4329938888549805,2.3533425241873505,2.4329938888549805
1999-03-09,2.46195769912388,2.4909214627904057,2.418511390686035,2.418511390686035
1999-03-10,2.3895466327667236,2.3895466327667236,2.346100330352783,2.346100330352783
1999-03-11,2.3895466327667236,2.3895466327667236,2.346100330352783,2.3895466327667236
1999-03-12,2.404028899509576,2.4185114446037654,2.3605825901031494,2.3605825901031494
1999-03-15,2.3461001135622492,2.353341384274767,2.317135693650081,2.3388588428497314
1999-03-16,2.360582069534517,2.3750646114349365,2.346100190572023,2.3750646114349365
1999-03-17,2.4040292435400064,2.4329936749352914,2.4040292435400064,2.4257524013519287
1999-03-18,2.404028885772858,2.4547164674367483,2.404028885772858,2.4474751949310303
1999-03-19,2.4764400403731646,2.5198863568709395,2.43299372387539,2.505404472351074
1999-03-22,2.4474753738298975,2.722635793903293,2.4474753738298975,2.708153247833252
1999-03-23,2.73711790433124,2.7515997886657715,2.693671588389474,2.7515997886657715
1999-03-24,2.7515995308724985,2.7660820767883525,2.6357431411743164,2.6357431411743164
1999-03-25,2.606777917771112,2.737116813659668,2.606777917771112,2.737116813659668
1999-03-26,2.766080604232927,2.7805624795010764,2.7081517772848174,2.7226343154907227
1999-03-29,2.7299143711752882,2.8245516248703653,2.7299143711752882,2.759033679962158
1999-03-30,2.7371945801389908,2.7371945801389908,2.620718002319336,2.620718002319336
1999-03-31,2.6261780933662373,2.6261780933662373,2.547919988632202,2.547919988632202
1999-04-01,2.547919510351614,2.5624794960021973,2.547919510351614,2.5624794960021973
1999-04-05,2.577038952380744,2.5915982723236084,2.5479196460120703,2.5915982723236084
1999-04-06,2.5624803336140864,2.5624803336140864,2.504241704940796,2.504241704940796
1999-04-07,2.4896816678961895,2.518800973892212,2.4460030421436247,2.518800973892212
1999-04-08,2.4896827979377276,2.4896827979377276,2.475123471572856,2.482402801513672
1999-04-09,2.467841432155627,2.4751214225529696,2.453282117843628,2.453282117843628
1999-04-12,2.4532840270601395,2.489682674407959,2.4532840270601395,2.489682674407959
1999-04-13,2.518800973892212,2.5624795996447767,2.518800973892212,2.518800973892212
1999-04-14,2.489681567198011,2.598878127162836,2.489681567198011,2.5624794960021973
1999-04-15,2.5843192554189565,2.6789558461176535,2.5624799396449456,2.6643965244293213
1999-04-16,2.66439614708968,2.773592710494995,2.6207175217275545,2.773592710494995
1999-04-19,2.7954320907592773,2.860950030386448,2.7954320907592773,2.7954320907592773
1999-04-20,2.795432292268235,2.795432292268235,2.6643964035681615,2.6716763973236084
1999-04-21,2.693515834289011,2.693515834289011,2.6643965244293213,2.6643965244293213
1999-04-22,2.693515946767002,2.693515946767002,2.620718002319336,2.620718002319336
1999-04-23,2.5915991591617216,2.6498377918281695,2.584319829940796,2.584319829940796
1999-04-26,2.5552005136075717,2.584319829940796,2.5552005136075717,2.584319829940796
1999-04-27,2.555199606525037,2.591598239157862,2.4896816678961895,2.518800973892212
1999-04-28,2.489682674407959,2.5188019921761384,2.489682674407959,2.489682674407959
1999-04-29,2.4751230508282647,2.4751230508282647,2.365926455445887,2.416884422302246
1999-04-30,2.4314441778553486,2.4678428173065186,2.4314441778553486,2.4678428173065186
1999-05-03,2.4969616929705727,2.620717578692282,2.4969616929705727,2.5915982723236084
1999-05-04,2.60615873336792,2.6207180559622434,2.5988787388292245,2.60615873336792
1999-05-05,2.591598404316043,2.649837020019536,2.591598404316043,2.635277032852173
1999-05-06,2.6352776809416767,2.649837671689754,2.6279983520507812,2.6279983520507812
1999-05-07,2.635277378556567,2.635277378556567,2.60615873336792,2.60615873336792
1999-05-10,2.5624794790535184,2.5624794790535184,2.504240869802205,2.5115208625793457
1999-05-11,2.5333614435155827,2.5333614435155827,2.482402801513672,2.482402801513672
1999-05-12,2.4678431783794137,2.4896824985420634,2.4605631828308105,2.4605631828308105
1999-05-13,2.446003858216764,2.4605631828308105,2.431444533602717,2.4605631828308105
1999-05-14,2.4387237413787215,2.4387237413787215,2.4096050935988385,2.416884422302246
1999-05-17,2.3950451032257707,2.4460037365652556,2.3950451032257707,2.416884422302246
1999-05-18,2.4460037365652556,2.4751230508282647,2.416884422302246,2.416884422302246
1999-05-19,2.446004030997293,2.489682674407959,2.446004030997293,2.489682674407959
1999-05-20,2.460563295489288,2.460563295489288,2.4314446449279785,2.4314446449279785
1999-05-21,2.402324558751955,2.416883879371278,2.3950445652008057,2.3950445652008057
1999-05-24,2.387765654066325,2.424164295196533,2.387765654066325,2.424164295196533
1999-05-25,2.424164536023477,2.424164536023477,2.3732059001922607,2.3732059001922607
1999-05-26,2.3586460460316054,2.402324676513672,2.3586460460316054,2.402324676513672
1999-05-27,2.373204684991944,2.3804846768067263,2.336806058883667,2.336806058883667
1999-05-28,2.365926336091581,2.424164295196533,2.365926336091581,2.424164295196533
1999-06-01,2.395045152514258,2.395045152514258,2.351366513462429,2.365926504135132
1999-06-02,2.3586465775661654,2.4605631828308105,2.3586465775661654,2.4605631828308105
1999-06-03,2.460563060455197,2.460563060455197,2.4023250984123043,2.416884422302246
1999-06-04,2.3950444539216873,2.5915982723236084,2.3950444539216873,2.5915982723236084
1999-06-07,2.5624799770159012,2.5915986208172286,2.5333606667315385,2.547919988632202
1999-06-08,2.5624806355868044,2.5624806355868044,2.4751233487654725,2.489682674407959
1999-06-09,2.460563581683741,2.5406415462493896,2.460563581683741,2.5406415462493896
1999-06-10,2.511521286837117,2.52608060836792,2.4969619653063133,2.52608060836792
1999-06-11,2.526080300529015,2.547919613405297,2.5042409876527323,2.518800973892212
1999-06-14,2.5188019921761384,2.5188019921761384,2.467843352702626,2.489682674407959
1999-06-15,2.4678415074883397,2.47512149810791,2.4241628967363336,2.47512149810791
1999-06-16,2.4460033069957388,2.4460033069957388,2.402324676513672,2.402324676513672
1999-06-17,2.416884653164134,2.4314446449279785,2.3877660026028242,2.4314446449279785
1999-06-18,2.4023252725601196,2.4314445889340277,2.3368073105812073,2.3586466312408447
1999-06-21,2.3659255013932925,2.3804848194122314,2.3659255013932925,2.3804848194122314
1999-06-22,2.3513658689225787,2.4096044826831524,2.3513658689225787,2.3877651691436768
1999-06-23,2.3586464602593535,2.416884422302246,2.3586464602593535,2.416884422302246
1999-06-24,2.3877646686215086,2.3877646686215086,2.336806058883667,2.336806058883667
1999-06-25,2.3659266269551154,2.3659266269551154,2.3586466312408447,2.3586466312408447
1999-06-28,2.366089206607239,2.410041332244873,2.366089206607239,2.410041332244873
1999-06-29,2.410041332244873,2.410041332244873,2.410041332244873,2.410041332244873
1999-06-30,2.388064265519833,2.432016372680664,2.373413786684867,2.432016372680664
1999-07-01,2.4027149257017713,2.4027149257017713,2.329461205133076,2.344111680984497
1999-07-02,2.373414031096867,2.461318254470825,2.373414031096867,2.461318254470825
1999-07-06,2.4320173950636903,2.4320173950636903,2.410041332244873,2.410041332244873
1999-07-07,2.395390401376742,2.395390401376742,2.314811742925273,2.351438283920288
1999-07-08,2.380739717693384,2.4027157745623815,2.3734141418517076,2.3880646228790283
1999-07-09,2.358763999092216,2.358763999092216,2.3367879390716553,2.3367879390716553
1999-07-12,2.3294619245739154,2.3294619245739154,2.2269072206289517,2.2562081813812256
1999-07-13,2.2342332840700765,2.2708605099877888,2.2195827960968018,2.2195827960968018
1999-07-14,2.2488841300848224,2.2488841300848224,2.2342329734918382,2.24155855178833
1999-07-15,2.270859332413365,2.300160293165639,2.2269072206289517,2.2562081813812256
1999-07-16,2.2269075850090396,2.2488836444971025,2.1976059488062525,2.21225643157959
1999-07-19,2.2122553703837182,2.2122553703837182,2.1683032724909572,2.1976048946380615
1999-07-20,2.182954877583643,2.197605356407718,2.1316771957154863,2.1683037281036377
1999-07-21,2.1976059488062525,2.21225643157959,2.1170272875687273,2.21225643157959
1999-07-22,2.197605356407718,2.2049309311477203,2.1683037281036377,2.1683037281036377
1999-07-23,2.153653383255005,2.153653383255005,2.1097012733926577,2.153653383255005
1999-07-26,2.1463279333756913,2.2562082144470748,2.1463279333756913,2.226907253265381
1999-07-27,2.2415573122340295,2.2488828864795667,2.2049307823181152,2.2049307823181152
1999-07-28,2.1902811494939023,2.2195827960968018,2.1902811494939023,2.2195827960968018
1999-07-29,2.190279412630347,2.190279412630347,2.117026360196357,2.1243512630462646
1999-07-30,2.146328070866872,2.146328070866872,2.0950510501861572,2.0950510501861572
1999-08-02,2.065748854816896,2.0950504805648382,2.0584232807159424,2.0584232807159424
1999-08-03,2.0657500246456664,2.1023765745802074,2.043773960553691,2.0510995388031006
1999-08-04,2.0437726974487305,2.0437726974487305,2.0437726974487305,2.0437726974487305
1999-08-05,2.0510995388031006,2.0510995388031006,2.021797896461716,2.0510995388031006
1999-08-06,2.0510982650037533,2.109700842636145,2.0510982650037533,2.1023752689361572
1999-08-09,2.095050310334996,2.1243512630462646,2.095050310334996,2.1243512630462646
1999-08-10,2.109701641584251,2.139003276824951,2.051099041758941,2.139003276824951
1999-08-11,2.1243521156892102,2.1463281743710163,2.1023760570074046,2.109701633453369
1999-08-12,2.109701710854002,2.270859703985165,2.109701710854002,2.21225643157959
1999-08-13,2.21225643157959,2.21225643157959,2.21225643157959,2.21225643157959
1999-08-16,2.1829544188924044,2.2122553703837182,2.1829544188924044,2.1976048946380615
1999-08-17,2.1829554660329147,2.21225643157959,2.1829554660329147,2.21225643157959
1999-08-18,2.1683039895899676,2.226907253265381,2.1683039895899676,2.226907253265381
1999-08-19,2.2122556859077664,2.2122556859077664,2.1902796338270405,2.2049307823181152
1999-08-20,2.197605356407718,2.197605356407718,2.1683037281036377,2.1683037281036377
1999-08-23,2.1829548491241915,2.248883008956909,2.1829548491241915,2.248883008956909
1999-08-24,2.2269065692977197,2.2855091443180413,2.2269065692977197,2.234231472015381
1999-08-25,2.226907527741769,2.2635340690612793,2.226907527741769,2.2635340690612793
1999-08-26,2.256208120195095,2.278184175491333,2.256208120195095,2.278184175491333
1999-08-27,2.2488830382758747,2.2562079423599464,2.1683037281036377,2.1683037281036377
1999-08-30,2.1463272235445765,2.1976048946380615,2.1170262720532627,2.1976048946380615
1999-08-31,2.168305082205815,2.2195827960968018,2.168305082205815,2.2195827960968018
1999-09-01,2.2049309311477203,2.2049309311477203,2.1683037281036377,2.1683037281036377
1999-09-02,2.1976048946380615,2.1976048946380615,2.1976048946380615,2.1976048946380615
1999-09-03,2.1683032724909572,2.1976048946380615,2.1683032724909572,2.1976048946380615
1999-09-07,2.1683037281036377,2.1683037281036377,2.1683037281036377,2.1683037281036377
1999-09-08,2.1536537591172564,2.1683042414095612,2.139003276824951,2.139003276824951
1999-09-09,2.1390033837339795,2.182955503463745,2.1390033837339795,2.182955503463745
1999-09-10,2.182955503463745,2.182955503463745,2.182955503463745,2.182955503463745
1999-09-13,2.212256350416434,2.212256350416434,2.109701633453369,2.109701633453369
1999-09-14,2.109701633453369,2.1390032685811393,2.109701633453369,2.109701633453369
1999-09-15,2.109701633453369,2.109701633453369,2.109701633453369,2.109701633453369
1999-09-16,2.1097015317154963,2.1097015317154963,2.0950510501861572,2.0950510501861572
1999-09-17,2.065748741747892,2.1023752689361572,2.065748741747892,2.1023752689361572
1999-09-20,2.073075222137088,2.073075222137088,2.0657496452331543,2.0657496452331543
1999-09-21,2.0364469403892778,2.0364469403892778,2.021796464920044,2.021796464920044
1999-09-22,2.0510980865142896,2.0510980865142896,2.021796464920044,2.021796464920044
1999-09-23,2.0510986753555627,2.0510986753555627,2.0217970453492358,2.036447525024414
1999-09-24,2.00714598945081,2.021796464920044,2.00714598945081,2.021796464920044
1999-09-27,2.0510992965362598,2.1463284492492676,2.0510992965362598,2.1463284492492676
1999-09-28,2.175830773627345,2.175830773627345,2.1168247492528733,2.161078929901123
1999-09-29,2.1684549125160952,2.183206081390381,2.1537037436418096,2.183206081390381
1999-09-30,2.1537035140605436,2.175830602645874,2.1463275927770487,2.175830602645874
1999-10-01,2.153703104258827,2.2053325176239014,2.153703104258827,2.2053325176239014
1999-10-04,2.205333239583139,2.227460331201917,2.197957992553711,2.197957992553711
1999-10-05,2.2127085802506428,2.2200845006065015,2.16845440864563,2.16845440864563
1999-10-06,2.153703243198982,2.16845440864563,2.138951402487265,2.16845440864563
1999-10-07,2.1537033517308073,2.1537033517308073,2.1242003440856934,2.1242003440856934
1999-10-08,2.1242003440856934,2.1315762648132477,2.1242003440856934,2.1242003440856934
1999-10-11,2.124200912454588,2.1537039279937744,2.094697896915402,2.1537039279937744
1999-10-12,2.1389515102756986,2.146327431003253,2.1242003440856934,2.1242003440856934
1999-10-13,2.094698142608213,2.094698142608213,2.0651957988739014,2.0651957988739014
1999-10-14,2.0651949839044077,2.0651949839044077,2.0283160558916755,2.035691976547241
1999-10-15,2.0283169192709187,2.0430687668613645,2.0061898231506348,2.0061898231506348
1999-10-18,2.020942181227828,2.020942181227828,1.9988150795182735,2.013566255569458
1999-10-19,2.0061894129029803,2.0209412574768066,2.0061894129029803,2.0209412574768066
1999-10-20,2.028316020965576,2.028316020965576,2.028316020965576,2.028316020965576
1999-10-21,2.013566255569458,2.013566255569458,2.013566255569458,2.013566255569458
1999-10-22,2.0061895647944934,2.0061895647944934,1.9029300212860105,1.9029300212860107
1999-10-25,1.9029307670425055,1.9029307670425055,1.7111627752972853,1.7627922296524048
1999-10-26,1.7849194399376251,1.7996712923049927,1.7701682628358606,1.7996712923049927
1999-10-27,1.829172818628353,1.9029300212860105,1.7849186320868178,1.9029300212860107
1999-10-28,1.9324328293374444,1.9324328293374444,1.9103057384490967,1.9103057384490967
1999-10-29,1.9545593927442735,1.976686477661133,1.9471834726836392,1.9766864776611328
1999-11-01,1.984061360359192,1.984061360359192,1.984061360359192,1.984061360359192
1999-11-02,2.0061895223726127,2.0799467234706372,2.0061895223726127,2.07257080078125
1999-11-03,2.050443142593276,2.050443142593276,1.961934795786874,2.035691976547241
1999-11-04,2.006189316294819,2.006189316294819,1.9398080447049324,1.9471839666366577
1999-11-05,1.9324327368455576,1.9398079832785227,1.8955538036199617,1.9250568151474
1999-11-08,1.9398071565832307,1.9398071565832307,1.8586747535407837,1.888177752494812
1999-11-09,1.8734259153853456,1.888177752494812,1.821796511296927,1.888177752494812
1999-11-10,1.8586763507998498,1.8808034502141338,1.8291733264923096,1.8291733264923096
1999-11-11,1.8144222497940063,1.8144222497940063,1.8144222497940063,1.8144222497940063
1999-11-12,1.81442127395065,1.8586754513640806,1.81442127395065,1.8439242839813232
1999-11-15,1.8439246324743959,1.8955540657043457,1.8439246324743959,1.8955540657043457
1999-11-16,1.8660519997378546,1.8734272482749605,1.843924903595767,1.8586760759353638
1999-11-17,1.8439251762788222,1.8586763507998498,1.8291733264923096,1.8291733264923096
1999-11-18,1.8291724356690562,1.873426612945446,1.8291724356690562,1.851299524307251
1999-11-19,1.8513001836608205,1.8660520315170288,1.843924934998113,1.8660520315170288
1999-11-22,1.8660519997378546,1.8734272482749605,1.8586760759353638,1.8586760759353638
1999-11-23,1.8881784613947536,1.8881784613947536,1.81442127395065,1.8439242839813232
1999-11-24,1.8439251762788222,1.8660522756931062,1.8291733264923096,1.8291733264923096
1999-11-26,1.770167730519193,1.8291730964480326,1.770167730519193,1.8217978477478027
1999-11-29,1.8144220460998342,1.8144220460998342,1.7701678498534967,1.784919023513794
1999-11-30,1.7996695869877404,1.7996695869877404,1.7922936677932741,1.792293667793274
1999-12-01,1.7849191276637417,1.8291733264923096,1.7775438780359705,1.8291733264923096
1999-12-02,1.8144207501117096,1.8144207501117096,1.7775425046693047,1.792293667793274
1999-12-03,1.8144213250604115,1.8144213250604115,1.777543067932129,1.777543067932129
1999-12-06,1.7701671464004014,1.777543067932129,1.740664135538669,1.777543067932129
1999-12-07,1.7775440811243495,1.7775440811243495,1.7480410534460225,1.7627922296524048
1999-12-08,1.7554156067999336,1.7554156067999336,1.740663766860962,1.740663766860962
1999-12-09,1.7554160332145217,1.8070454597473147,1.7554160332145217,1.8070454597473145
1999-12-10,1.821797303269711,1.8881785733249006,1.8070454597473147,1.8070454597473145
1999-12-13,1.8144215964063815,1.8144215964063815,1.7332891484847661,1.7480403184890747
1999-12-14,1.740664189692125,1.821797303269711,1.740664189692125,1.8070454597473145
1999-12-15,1.8070461216369627,1.8070461216369627,1.7775437743163682,1.784919023513794
1999-12-16,1.8144222497940063,1.8144222497940063,1.8144222497940063,1.8144222497940063
1999-12-17,1.7996712923049927,1.7996712923049927,1.7996712923049927,1.7996712923049927
1999-12-20,1.784919023513794,1.799670872439537,1.7701678498534967,1.784919023513794
1999-12-21,1.7849181596623112,1.7849181596623112,1.7554158266200375,1.7701669931411743
1999-12-22,1.762791761169655,1.7701676849453885,1.7185375690460203,1.7185375690460205
1999-12-23,1.7111628248314492,1.7554170299972145,1.696410972932473,1.7259140014648438
1999-12-27,1.7111620573611745,1.7111620573611745,1.6964102120785225,1.7037861347198486
1999-12-28,1.7037857424534664,1.7037857424534664,1.696409821510315,1.696409821510315
1999-12-29,1.7112914029810036,1.755933793329976,1.7112914029810036,1.7410532236099243
1999-12-30,1.755932734229075,1.755932734229075,1.7112903708064,1.726171612739563
1999-12-31,1.7112909748254246,1.8154569803704776,1.7112909748254246,1.8005757331848145
2000-01-03,1.8303375463674936,1.8303375463674936,1.7856951671877985,1.8005757331848145
2000-01-04,1.7708149228444487,1.7782548666000364,1.7559336729557316,1.7782548666000366
2000-01-05,1.7782548666000364,1.8005760602443415,1.7708149228444487,1.7782548666000366
2000-01-06,1.7856946776184854,1.7856946776184854,1.7559328725953571,1.7633734941482544
2000-01-07,1.7559328079223633,1.763373429201214,1.7410522465530973,1.7559328079223633
2000-01-10,1.755933136060826,1.755933136060826,1.7187313850913988,1.7484931945800781
2000-01-11,1.7484931945800781,1.7484931945800781,1.7484931945800781,1.7484931945800781
2000-01-12,1.7708133459091187,1.7708133459091187,1.7708133459091187,1.7708133459091187
2000-01-13,1.76337388753891,1.7856950759887695,1.76337388753891,1.7856950759887695
2000-01-14,1.8005748186339359,1.8526577949523928,1.8005748186339359,1.8526577949523926
2000-01-18,1.8452179060732705,1.8749797159286457,1.8154567774064663,1.8228967189788818
2000-01-19,1.8452184475329514,1.8452184475329514,1.7559336729557316,1.7782548666000366
2000-01-20,1.7559329111363577,1.7559329111363577,1.6740887970119327,1.718731164932251
2000-01-21,1.6964108693159803,1.7112914393522993,1.629447282369297,1.6368879079818726
2000-01-24,1.6517677688598633,1.681529577343608,1.6368872052122605,1.674088954925537
2000-01-25,1.674088771091362,1.6964099547059133,1.6666481494903564,1.6666481494903564
2000-01-26,1.6666486376832057,1.6666486376832057,1.5178409303937639,1.562483310699463
2000-01-27,1.5401621205466134,1.5773638770718077,1.5252815541742686,1.562483310699463
2000-01-28,1.5476025368998554,1.6517678499221802,1.5476025368998554,1.6517678499221802
2000-01-31,1.6666481494903564,1.6964099547059133,1.6666481494903564,1.6666481494903564
2000-02-01,1.6592082090778157,1.674088771091362,1.6592082090778157,1.6666481494903564
2000-02-02,1.6666481494903564,1.6666481494903564,1.6666481494903564,1.6666481494903564
2000-02-03,1.6592083912779343,1.696410140991211,1.6592083912779343,1.674088954925537
2000-02-04,1.6592083912779343,1.703850763409282,1.6220059603761183,1.674088954925537
2000-02-07,1.666648332507466,1.674088954925537,1.6517677688598633,1.674088954925537
2000-02-08,1.674089425510711,1.6815300500203356,1.6220064163208008,1.6220064163208008
2000-02-09,1.6368870254632644,1.6666481494903564,1.629446403862259,1.6666481494903564
2000-02-10,1.6592079717286476,1.6592079717286476,1.6145656108856201,1.6145656108856201
2000-02-11,1.6368879079818723,1.6517684780181914,1.6368879079818723,1.6368879079818726
2000-02-14,1.6220063301695824,1.644327521324158,1.6220063301695824,1.6443275213241577
2000-02-15,1.6220060959637088,1.6220060959637088,1.5401619672775269,1.5401619672775269
2000-02-16,1.5401611292637643,1.584803480836627,1.5401611292637643,1.569922924041748
2000-02-17,1.5848043525612099,1.5848043525612099,1.5699237875812484,1.5773637294769287
2000-02-18,1.5848039388656616,1.592244560007651,1.5773633177236726,1.5848039388656616
2000-02-22,1.5922449756454908,1.6145661637097333,1.5699237875812484,1.5773637294769287
2000-02-23,1.5773630554910816,1.5773630554910816,1.5476019382476807,1.5476019382476807
2000-02-24,1.5476026012071418,1.5624831662033543,1.473198413848877,1.473198413848877
2000-02-25,1.4955196019374963,1.5178407900261155,1.4583178488526645,1.473198413848877
2000-02-28,1.4880789683743585,1.5922449661806952,1.4880789683743585,1.5401619672775269
2000-02-29,1.5178407430648804,1.5327213076006958,1.5178407430648804,1.5178407430648804
2000-03-01,1.4955197034343597,1.4955197034343597,1.3764731318194883,1.3839137554168701
2000-03-02,1.3987940390219933,1.4731982164084911,1.3987940390219933,1.4285558462142944
2000-03-03,1.4136752205187126,1.4880787134170532,1.4136752205187126,1.4880787134170532
2000-03-06,1.46575782354258,1.46575782354258,1.324390749944956,1.376473069190979
2000-03-07,1.376472907273278,1.4434364651599003,1.3690329660782332,1.4211152791976929
2000-03-08,1.4285559394373848,1.4731983125448032,1.4285559394373848,1.4434365034103394
2000-03-09,1.4583178488526645,1.473198413848877,1.4285560376716382,1.473198413848877
2000-03-10,1.4806386351123644,1.4806386351123644,1.4359962710505687,1.4508768320083618
2000-03-13,1.4731982164084911,1.4731982164084911,1.4285558462142944,1.4285558462142944
2000-03-14,1.4062343176349588,1.4285554972799581,1.3987936973571777,1.3987936973571777
2000-03-15,1.3987940932354854,1.4211152791976929,1.3987940932354854,1.4211152791976929
2000-03-16,1.4285562328850623,1.458318048133066,1.4136756658554077,1.4136756658554077
2000-03-17,1.3987936973571777,1.3987936973571777,1.3839131379899594,1.3987936973571777
2000-03-20,1.383913850607404,1.4136756658554077,1.383913850607404,1.4136756658554077
2000-03-21,1.4285559282121578,1.458317737112761,1.4136753643561308,1.4266959428787231
2000-03-22,1.4508770313113928,1.4508770313113928,1.4285558462142944,1.4285558462142944
2000-03-23,1.428556347904108,1.434136986732483,1.428556347904108,1.434136986732483
2000-03-24,1.4434360566471764,1.4434360566471764,1.3987936973571777,1.3987936973571777
2000-03-27,1.3987943214229863,1.4062349450203682,1.3839137554168701,1.3839137554168701
2000-03-28,1.3764729579095834,1.3913542032241821,1.3764729579095834,1.3913542032241821
2000-03-29,1.3988741715607984,1.3988741715607984,1.368790626525879,1.368790626525879
2000-03-30,1.3537493538589729,1.3537493538589729,1.308624375397007,1.3387079238891602
2000-03-31,1.3537489028151357,1.3537489028151357,1.2484575510025024,1.2484575510025024
2000-04-03,1.2634994853626598,1.2634994853626598,1.2258955635301059,1.2409369945526123
2000-04-04,1.2634996550615476,1.278541088104248,1.2559785942638633,1.278541088104248
2000-04-05,1.2935832384523938,1.3537496605131967,1.2935832384523938,1.3462285995483398
2000-04-06,1.3612710365044443,1.428958535194397,1.3612710365044443,1.428958535194397
2000-04-07,1.4364784734004228,1.4439995338232972,1.3612706233822154,1.3913534879684448
2000-04-10,1.3838333251091348,1.3988747596740723,1.3838333251091348,1.3988747596740723
2000-04-11,1.4139158725738525,1.4139158725738525,1.3838330102878136,1.4139158725738525
2000-04-12,1.4289582421965845,1.4439996759703753,1.4139161198700918,1.436478614807129
2000-04-13,1.5041658222278897,1.5041658222278897,1.428957978675669,1.4439994096755981
2000-04-14,1.4590408406755273,1.4590408406755273,1.436478349899346,1.4439994096755981
2000-04-17,1.4590407093692646,1.4740828275680542,1.4063953613310392,1.4740828275680542
2000-04-18,1.4891246373016602,1.5192081928253174,1.4590410817780033,1.5192081928253174
2000-04-19,1.5192079417803939,1.534249372780323,1.4139158591231649,1.4439994096755981
2000-04-20,1.4439993107829043,1.4439993107829043,1.3236658053668198,1.3387079238891602
2000-04-24,1.3236658053668198,1.3387079238891602,1.3236658053668198,1.3387079238891602
2000-04-25,1.3236658583991217,1.3763118982315063,1.3236658583991217,1.3763118982315063
2000-04-26,1.3838329577940058,1.3838329577940058,1.3537494080965637,1.3763118982315063
2000-04-27,1.3612706233822154,1.3913534879684448,1.3612706233822154,1.3913534879684448
2000-04-28,1.4063958502875087,1.5267287063984303,1.4063958502875087,1.4891247749328613
2000-05-01,1.504165530204773,1.5192076468369562,1.4966451604411224,1.504165530204773
2000-05-02,1.5041663741880251,1.5643334973714689,1.5041663741880251,1.5492913722991943
2000-05-03,1.5192084603001075,1.5192084603001075,1.5116873979568481,1.5116873979568481
2000-05-04,1.549290856445623,1.549290856445623,1.5192079934231515,1.5342494249343872
2000-05-05,1.5267288495699696,1.57937490940094,1.5267288495699696,1.57937490940094
2000-05-08,1.57937490940094,1.5944163456871527,1.57937490940094,1.57937490940094
2000-05-09,1.5944155202249046,1.609457637276316,1.579374091725954,1.6019365787506104
2000-05-10,1.5944160223007202,1.5944160223007202,1.586895649959337,1.5944160223007202
2000-05-11,1.609458088874817,1.6169784609582063,1.609458088874817,1.609458088874817
2000-05-12,1.6094581284902758,1.699708104133606,1.6094581284902758,1.699708104133606
2000-05-15,1.7824372127652168,1.8501247018575668,1.7824372127652168,1.8049997091293335
2000-05-16,1.8350820082816806,1.8350820082816806,1.7824359900292162,1.789957046508789
2000-05-17,1.7974786162502296,1.7974786162502296,1.7072286323623063,1.7147496938705444
2000-05-18,1.71474903956884,1.71474903956884,1.6395405188421903,1.6771451234817505
2000-05-19,1.6846659824912704,1.707228476402103,1.6846659824912704,1.699708104133606
2000-05-22,1.6997079962601298,1.7222704887390137,1.6997079962601298,1.7222704887390137
2000-05-23,1.7147494328988566,1.7147494328988566,1.6696244478225708,1.6696244478225708
2000-05-24,1.6545831163119409,1.699708104133606,1.6545831163119409,1.699708104133606
2000-05-25,1.6696244478225708,1.6696244478225708,1.6696244478225708,1.6696244478225708
2000-05-26,1.6846652384865592,1.6846652384865592,1.6244988441467285,1.6244988441467285
2000-05-30,1.6244990901178487,1.6771451234817505,1.6244990901178487,1.6771451234817505
2000-05-31,1.6545838117599487,1.6621041871893798,1.6545838117599487,1.6545838117599487
2000-06-01,1.6771457634348208,1.7147496938705444,1.6771457634348208,1.7147496938705444
2000-06-02,1.7297908067703247,1.7448329269905067,1.6921868833250802,1.7297908067703247
2000-06-05,1.7147494328988566,1.7147494328988566,1.6696244478225708,1.6696244478225708
2000-06-06,1.6696245494016058,1.699708104133606,1.6696245494016058,1.699708104133606
2000-06-07,1.7147489865846615,1.7147489865846615,1.6846654415130613,1.6846654415130615
2000-06-08,1.6696247145190644,1.6696247145190644,1.6621036529541018,1.6621036529541016
2000-06-09,1.6470615774805966,1.6771451234817505,1.6470615774805966,1.6771451234817505
2000-06-12,1.6696252511717709,1.6771463151541617,1.6545838117599487,1.6545838117599487
2000-06-13,1.647062014949725,1.647062014949725,1.609458088874817,1.609458088874817
2000-06-14,1.609458144088841,1.6169785164302242,1.5944160223007202,1.5944160223007202
2000-06-15,1.5793749338909162,1.5793749338909162,1.5492913722991941,1.5492913722991943
2000-06-16,1.5492913087333502,1.564333433188462,1.5192084369287255,1.5417709350585938
2000-06-19,1.5342498728310379,1.556812370960906,1.5342498728310379,1.5417709350585938
2000-06-20,1.5267282724380493,1.5267282724380493,1.5267282724380493,1.5267282724380493
2000-06-21,1.5192079934231515,1.5342494249343872,1.4966455018799987,1.5342494249343872
2000-06-22,1.5116868820041418,1.5116868820041418,1.4439994096755981,1.4439994096755981
2000-06-23,1.428958535194397,1.428958535194397,1.4139164097836232,1.428958535194397
2000-06-26,1.428957978675669,1.4439994096755981,1.428957978675669,1.4439994096755981
2000-06-27,1.466562060007046,1.466562060007046,1.4590409994125366,1.4590409994125366
2000-06-28,1.474238821345285,1.474238821345285,1.4666401147842407,1.4666401147842407
2000-06-29,1.4742393549937227,1.5046362794155275,1.443843126296997,1.443843126296997
2000-06-30,1.45904031729557,1.5198334319413391,1.45904031729557,1.489437222480774
2000-07-03,1.489437222480774,1.489437222480774,1.489437222480774,1.489437222480774
2000-07-05,1.4742384220258526,1.489437222480774,1.45904031729557,1.489437222480774
2000-07-06,1.459040880203247,1.459040880203247,1.4286439632907104,1.459040880203247
2000-07-07,1.4666404714038295,1.481838583946228,1.4590410672701322,1.481838583946228
2000-07-10,1.5046359077095985,1.5046359077095985,1.459040880203247,1.459040880203247
2000-07-11,1.4666406537468324,1.504636287689209,1.4666406537468324,1.504636287689209
2000-07-12,1.4970362284539238,1.6110237761972372,1.4970362284539238,1.5806275606155396
2000-07-13,1.5806285109423577,1.5958266278708237,1.5350334644317627,1.5350334644317627
2000-07-14,1.5426314579160187,1.550230860710144,1.5426314579160187,1.550230860710144
2000-07-17,1.5350322323962604,1.5350322323962604,1.489437222480774,1.489437222480774
2000-07-18,1.4742391798125307,1.481838583946228,1.4742391798125307,1.481838583946228
2000-07-19,1.5046359077095985,1.5046359077095985,1.459040880203247,1.459040880203247
2000-07-20,1.4438429903229038,1.4438429903229038,1.413446068763733,1.413446068763733
2000-07-21,1.4134461853366098,1.4286442995071411,1.4058467803888086,1.4286442995071411
2000-07-24,1.451441835608639,1.45904124064536,1.4286443162235554,1.443843126296997
2000-07-25,1.4438422125652872,1.5426309368990825,1.4438422125652872,1.489437222480774
2000-07-26,1.4894376577471722,1.5426313877105713,1.4894376577471722,1.5426313877105713
2000-07-27,1.527433792969032,1.527433792969032,1.4742393493652344,1.4742393493652344
2000-07-28,1.4742393493652344,1.4742393493652344,1.4286443107691438,1.4742393493652344
2000-07-31,1.459040880203247,1.459040880203247,1.459040880203247,1.459040880203247
2000-08-01,1.4438431094027433,1.4438431094027433,1.4286442995071411,1.4286442995071411
2000-08-02,1.459040880203247,1.4742389907970619,1.459040880203247,1.459040880203247
2000-08-03,1.459040880203247,1.459040880203247,1.459040880203247,1.459040880203247
2000-08-04,1.459040880203247,1.459040880203247,1.459040880203247,1.459040880203247
2000-08-07,1.474238821345285,1.474238821345285,1.4666401147842407,1.4666401147842407
2000-08-08,1.4666406400826033,1.4894381593806487,1.4438431207845581,1.4742393493652344
2000-08-09,1.4742393493652344,1.4742393493652344,1.4742393493652344,1.4742393493652344
2000-08-10,1.4742389907970619,1.4742389907970619,1.459040880203247,1.459040880203247
2000-08-11,1.4514416456222534,1.4514416456222534,1.4514416456222534,1.4514416456222534
2000-08-14,1.4514416456222534,1.4514416456222534,1.4514416456222534,1.4514416456222534
2000-08-15,1.4438427696094323,1.459040880203247,1.4438427696094323,1.459040880203247
2000-08-16,1.459040559240808,1.5198336839675903,1.4438424519903008,1.5198336839675903
2000-08-17,1.5350329374895817,1.5578304529190063,1.4970366146239018,1.5578304529190063
2000-08-18,1.5426314579160187,1.5578302635042693,1.5274333480526419,1.550230860710144
2000-08-21,1.5350329553396183,1.626223018117715,1.5350329553396183,1.6186236143112183
2000-08-22,1.6034255024231907,1.626223018117715,1.588226694810197,1.6186236143112183
2000-08-23,1.633821464403219,1.6870158910751343,1.633821464403219,1.6870158910751343
2000-08-24,1.7022143278263568,1.7402106523513794,1.7022143278263568,1.7402106523513794
2000-08-25,1.755409026145935,1.755409026145935,1.5958263874053955,1.5958263874053955
2000-08-28,1.6718186039635476,1.6718186039635476,1.5350334644317627,1.5350334644317627
2000-08-29,1.565429227627273,1.565429227627273,1.4438429373052442,1.4514416456222534
2000-08-30,1.4666406537468324,1.53503321227816,1.4666406537468324,1.504636287689209
2000-08-31,1.5198337380025866,1.5958256684063885,1.5198337380025866,1.5806275606155396
2000-09-01,1.5958266374568402,1.7174136607905235,1.5806285204370802,1.6718186140060425
2000-09-05,1.6566198012610813,1.694616137398283,1.6566198012610813,1.6718186140060425
2000-09-06,1.6566185894919525,1.6794160962084688,1.6414204835891724,1.6414204835891724
2000-09-07,1.6490205338122392,1.6490205338122392,1.6110242105047214,1.6186236143112183
2000-09-08,1.6110242105047214,1.626223018117715,1.5958260986166939,1.6186236143112183
2000-09-11,1.6262223776863922,1.6414204835891724,1.6110235760589198,1.6414204835891724
2000-09-12,1.6566193123801543,1.6566193123801543,1.6110242790511133,1.626223087310791
2000-09-13,1.6414208669920225,1.6870158910751343,1.6414208669920225,1.6870158910751343
2000-09-14,1.671817781622382,1.6870158910751343,1.671817781622382,1.6870158910751343
2000-09-15,1.7022140958171992,1.755408525466919,1.6870159855136624,1.755408525466919
2000-09-18,1.7630081687763977,1.7630081687763977,1.7326112483013771,1.7402106523513794
2000-09-19,1.7250116091349514,1.755408525466919,1.7250116091349514,1.755408525466919
2000-09-20,1.7630087192648083,1.8541988134384155,1.7630087192648083,1.8541988134384155
2000-09-21,1.8389996315572719,1.8541984413530372,1.7934045936201075,1.8238015174865723
2000-09-22,1.808603403415873,1.8314009223844552,1.8010039985179902,1.8238015174865723
2000-09-25,1.8389996167321983,1.8389996167321983,1.7934045791625977,1.7934045791625977
2000-09-26,1.8086033809793423,1.8238014948615022,1.717413306236267,1.717413306236267
2000-09-27,1.7174129098846163,1.7174129098846163,1.6407431482057935,1.686745285987854
2000-09-28,1.6790773012430498,1.6790773012430498,1.6330751834007744,1.663743495941162
2000-09-29,1.656076246812388,1.663743500452428,1.6254079341888428,1.6254079341888428
2000-10-02,1.6407424252833003,1.6407424252833003,1.594740307770092,1.6024068593978882
2000-10-03,1.6100741244796368,1.6714100476237996,1.6100741244796368,1.663743495941162
2000-10-04,1.679077462894816,1.7327468395233154,1.6714102085374076,1.7327468395233154
2000-10-05,1.7557481263872128,1.7940829992294312,1.7557481263872128,1.7940829992294312
2000-10-06,1.7940824532584394,1.8247507633613675,1.7940824532584394,1.8017497062683105
2000-10-09,1.8324177746664645,1.8554188375364902,1.8094167117964388,1.8400850296020508
2000-10-10,1.8170840633221161,1.8324178720716493,1.7710819351367462,1.7940829992294312
2000-10-11,1.7864152168590226,1.7864152168590226,1.7250792980194092,1.7250792980194092
2000-10-12,1.7480802721791453,1.7940823846049123,1.7404130194626741,1.7710813283920288
2000-10-13,1.7864156613667561,1.801750171344716,1.7480807902953324,1.7787491083145142
2000-10-16,1.7864151834793245,1.7864151834793245,1.7250792657857907,1.7404130697250366
2000-10-17,1.7557484103788634,1.7557484103788634,1.7174128293991089,1.7174128293991089
2000-10-18,1.717412317091858,1.7327468256842014,1.7097457647323608,1.7097457647323608
2000-10-19,1.7250795851659069,1.7634144530795892,1.7174123308084983,1.7327468395233154
2000-10-20,1.717412276500891,1.786415457725525,1.717412276500891,1.786415457725525
2000-10-23,1.7710812778041711,1.7940823333600695,1.7480802222482728,1.7634140253067017
2000-10-24,1.7480803226629347,1.7480803226629347,1.7404130697250366,1.7404130697250366
2000-10-25,1.7634153049033814,1.7634153049033814,1.7557487487792969,1.7557487487792969
2000-10-26,1.7710820155613483,1.8094168901443481,1.7710820155613483,1.8094168901443481
2000-10-27,1.7940824532584394,1.8170835103514962,1.7940824532584394,1.8017497062683105
2000-10-30,1.786415200248568,1.832417314434682,1.786415200248568,1.8017497062683105
2000-10-31,1.8094168901443481,1.8094168901443481,1.8017503363898295,1.8094168901443481
2000-11-01,1.8170840633221161,1.847752382757953,1.7940829992294312,1.7940829992294312
2000-11-02,1.8094161364184984,1.8094161364184984,1.7480802222482728,1.7634140253067017
2000-11-03,1.7480808710440612,1.7940829992294312,1.7480808710440612,1.7940829992294312
2000-11-06,1.82475140152699,1.82475140152699,1.8094168901443481,1.8094168901443481
2000-11-07,1.794082587864648,1.8247509002685547,1.794082587864648,1.8247509002685547
2000-11-08,1.8094168901443481,1.8094168901443481,1.7710820155613483,1.8094168901443481
2000-11-09,1.7940829992294312,1.801750254572583,1.7557481263872128,1.7940829992294312
2000-11-10,1.778749190479898,1.7940829992294312,1.7634146797935943,1.7940829992294312
2000-11-13,1.809416518133736,1.809416518133736,1.7480805910240587,1.786415457725525
2000-11-14,1.7940830806985086,1.8324179552815085,1.7940830806985086,1.8094168901443481
2000-11-15,1.7787491083145142,1.794082916355736,1.7787491083145142,1.7787491083145142
2000-11-16,1.778749257036669,1.8554190055899138,1.778749257036669,1.8477524518966675
2000-11-17,1.8707533474076625,1.8707533474076625,1.8247512216676114,1.8400850296020508
2000-11-20,1.8400848890137824,1.878419756889343,1.8324176346639987,1.8784197568893433
2000-11-21,1.8554191335790315,1.8784202001190065,1.8554191335790315,1.8707536458969116
2000-11-22,1.8554186957766707,1.893754265588911,1.8400848890137824,1.8784197568893433
2000-11-24,1.893753989639143,1.9320888519287107,1.893753989639143,1.932088851928711
2000-11-27,1.939755669921791,2.0547609329223633,1.9167546173216767,2.0547609329223633
2000-11-28,2.039427790020716,2.054762303271872,2.0010929107666016,2.0010929107666016
2000-11-29,2.0010924107507013,2.1007639142305985,2.0010924107507013,2.0394272804260254
2000-11-30,2.0394279170361025,2.0394279170361025,1.9780919660221448,2.0240941047668457
2000-12-01,2.008760452270508,2.031761523472319,2.008760452270508,2.008760452270508
2000-12-04,1.9934257782914013,2.0317613618699397,1.9934257782914013,2.0240941047668457
2000-12-05,2.0087592784444235,2.0087592784444235,1.9320888519287107,1.932088851928711
2000-12-06,1.9090879095180697,1.9934248924255369,1.9090879095180697,1.993424892425537
2000-12-07,1.9780921233557638,2.008760452270508,1.9627583098668855,2.008760452270508
2000-12-08,2.0087596799670404,2.123764991760254,2.0087596799670404,2.123764991760254
2000-12-11,2.1160976108751797,2.1927680481466507,2.10843035656703,2.185100793838501
2000-12-12,2.154432905104858,2.2617716789245605,2.154432905104858,2.2617716789245605
2000-12-13,2.2541037136318565,2.2617709670448427,2.200434343614138,2.223435401916504
2000-12-14,2.231103450617389,2.231103450617389,2.1927685737609863,2.1927685737609863
2000-12-15,2.1774334838811713,2.215769052505493,2.162099677593437,2.215769052505493
2000-12-18,2.2081018548262747,2.2081018548262747,2.1544324785425775,2.185100793838501
2000-12-19,2.2004342225014586,2.2004342225014586,2.1620993614196777,2.1620993614196777
2000-12-20,2.1314324973895316,2.1314324973895316,1.9857595052899903,2.077763795852661
2000-12-21,2.0777636658759415,2.085430221651887,1.9934259368446423,2.008760452270508
2000-12-22,1.9934256541410238,2.0010929107666016,1.9320897069470637,2.0010929107666016
2000-12-26,2.0087593508404757,2.0087593508404757,1.9014206094626551,1.9244216680526733
2000-12-27,1.955337255913134,2.1021802758212025,1.955337255913134,2.094452142715454
2000-12-28,2.063536426295405,2.13309383392334,2.063536426295405,2.13309383392334
2000-12-29,2.1021791031769363,2.164008378982544,2.1021791031769363,2.164008378982544
2001-01-02,2.1640084731717133,2.1640084731717133,2.13309383392334,2.13309383392334
2001-01-03,2.1330937603911515,2.1330937603911515,2.078993320465088,2.078993320465088
2001-01-04,2.0635365762460065,2.071265413513365,2.0094361305236816,2.0094361305236816
2001-01-05,1.993980524275038,2.086723804473877,1.9785235467669229,2.086723804473877
2001-01-08,2.086722440151125,2.1408228874206543,2.0789936026627314,2.1408228874206543
2001-01-09,2.156279178087562,2.349494394061065,2.156279178087562,2.2876651287078857
2001-01-10,2.2567524126896763,2.2953951935579853,2.2026519534142284,2.210380792617798
2001-01-11,2.225837546900699,2.225837546900699,2.1871947697919065,2.2026517391204834
2001-01-12,2.1717378770868914,2.1717378770868914,2.1021804286295716,2.117638111114502
2001-01-16,2.0789931807740487,2.0789931807740487,1.9939788159520775,2.048079252243042
2001-01-17,2.0558086027114606,2.0558086027114606,2.009436974773797,2.040351629257202
2001-01-18,2.0403507564543775,2.0403507564543775,1.9785221815109253,1.9785221815109253
2001-01-19,1.9707943276901743,2.0480806156147686,1.9630654866252328,2.001708984375
2001-01-22,2.009436974773797,2.0635374432260343,2.009436974773797,2.040351629257202
2001-01-23,2.040351673100695,2.1021802758212025,2.040351673100695,2.094452142715454
2001-01-24,2.0944509933436866,2.0944509933436866,2.078993320465088,2.078993320465088
2001-01-25,2.0944517131369804,2.1485514640808105,2.0944517131369804,2.1485514640808105
2001-01-26,2.1408231542314753,2.2181087084490603,2.125365477328198,2.2026517391204834
2001-01-29,2.2270741949030883,2.238203282614808,2.203579002116771,2.214708089828491
2001-01-30,2.244386827872138,2.2505694402635164,2.2246012653424345,2.248096466064453
2001-01-31,2.22583761137271,2.2357300366508013,2.22583761137271,2.2283105850219727
2001-02-01,2.2011060034298198,2.2332567795131952,2.194922685623169,2.194922685623169
2001-02-02,2.225837377480545,2.269117242093653,2.225837377480545,2.251805543899536
2001-02-05,2.275300988711044,2.3235273361206055,2.2283105974519666,2.3235273361206055
2001-02-06,2.3494956354410705,2.479336135302435,2.3494956354410705,2.4434750080108643
2001-02-07,2.4175064995931206,2.4175064995931206,2.398957960428834,2.403904438018799
2001-02-08,2.403904818374076,2.4546041431924843,2.3915387108893826,2.4533681869506836
2001-02-09,2.4335821362861254,2.4335821362861254,2.330946489751506,2.3643341064453125
2001-02-12,2.3655708052193525,2.390302844221854,2.324763728042194,2.361860990524292
2001-02-13,2.3433125480751893,2.4014320373535156,2.3433125480751893,2.4014320373535156
2001-02-14,2.374226828002783,2.39277536868395,2.3470218181610107,2.3470218181610107
2001-02-15,2.3680442213196957,2.3680442213196957,2.300032138824463,2.300032138824463
2001-02-16,2.287666621189862,2.361861151201506,2.287666621189862,2.335893154144287
2001-02-20,2.3358922208443422,2.3433116708810835,2.3321824073791504,2.3321824073791504
2001-02-21,2.3321828319969784,2.338366327281166,2.3123981589777554,2.3210537433624268
2001-02-22,2.3272363891226435,2.3297093619767484,2.2851924896240234,2.2851924896240234
2001-02-23,2.2654081641746306,2.300032453575775,2.245623487708638,2.2777740955352783
2001-02-26,2.2691175201974647,2.292612716106634,2.2691175201974647,2.2913758754730225
2001-02-27,2.300032403714018,2.3989584373049686,2.300032403714018,2.3804097175598145
2001-02-28,2.3804091525471085,2.405141185755568,2.3791730196548833,2.382882833480835
2001-03-01,2.3804097102121915,2.3816465509688127,2.350731900226513,2.361860990524292
2001-03-02,2.3371291786735258,2.3371291786735258,2.2963221129733404,2.319817304611206
2001-03-05,2.3433128675232004,2.374227523803711,2.337130254675817,2.374227523803711
2001-03-06,2.3742261376841225,2.460786735567572,2.3742261376841225,2.4360547065734863
2001-03-07,2.460787482413149,2.5053041928876634,2.4484213757161952,2.4793360233306885
2001-03-08,2.5077764923275825,2.512722969055176,2.485517966181136,2.512722969055176
2001-03-09,2.4978839355432996,2.4978839355432996,2.4422379769498277,2.4546031951904297
2001-03-12,2.4422388752609265,2.4768624542955333,2.4385292376668066,2.466970205307007
2001-03-13,2.4855168792855244,2.4855168792855244,2.4484196467531474,2.4496564865112305
2001-03-14,2.4360545815292083,2.4360545815292083,2.338365610440591,2.349494695663452
2001-03-15,2.3494956869221375,2.374227017506447,2.2889032282604846,2.2938497066497803
2001-03-16,2.2938494470245954,2.368044137954712,2.2827203583659665,2.368044137954712
2001-03-19,2.3556783787844937,2.361860990524292,2.291376103361455,2.361860990524292
2001-03-20,2.3742258941411087,2.3742258941411087,2.281482696533203,2.281482696533203
2001-03-21,2.275300871288091,2.3062148094177246,2.2592251281583997,2.3062148094177246
2001-03-22,2.287666522215127,2.316108199723358,2.256752578282034,2.2777740955352783
2001-03-23,2.2654076932603804,2.3012688159942627,2.2654076932603804,2.3012688159942627
2001-03-26,2.297559225150037,2.349495384161244,2.2876660927526,2.3062148094177246
2001-03-27,2.324763578932649,2.324763578932649,2.213471798624571,2.222127914428711
2001-03-28,2.237693473856565,2.322369610151724,2.216524706981966,2.31614351272583
2001-03-29,2.316143109199416,2.3734243712143446,2.316143109199416,2.3472743034362793
2001-03-30,2.3659524528855433,2.465571220396076,2.34727381151107,2.4431569576263428
2001-04-02,2.456854809005967,2.487986003225882,2.4369315501109634,2.459345817565918
2001-04-03,2.4481383650273973,2.4481383650273973,2.4344401359558105,2.4344401359558105
2001-04-04,2.430703298745082,2.516624689102173,2.430703298745082,2.516624689102173
2001-04-05,2.5141355081515,2.5141355081515,2.4854953289031982,2.4854953289031982
2001-04-06,2.4929666311535623,2.583868468048992,2.4904756232697407,2.567680835723877
2001-04-09,2.595075861204851,2.901404497704757,2.595075861204851,2.7644286155700684
2001-04-10,2.795559528007614,2.9449881206873845,2.765673845098204,2.935025691986084
2001-04-11,3.050833161946535,3.131774186165052,3.017211675643921,3.017211675643921
2001-04-12,3.02592854287495,3.038381089380594,2.96366670101037,2.9823453426361084
2001-04-16,2.9636675607641623,2.9636675607641623,2.8765006006013403,2.9325363636016846
2001-04-17,2.920082956310766,2.943742723336867,2.8640472097593785,2.8677828311920166
2001-04-18,2.8515964824798945,2.864048321244047,2.814239184859469,2.839143753051758
2001-04-19,2.857820953234652,2.8951780537859944,2.857820953234652,2.8764994144439697
2001-04-20,2.876500334542549,2.910121824859528,2.864047785576231,2.8827264308929443
2001-04-23,2.851596136866093,2.851596136866093,2.820464940533645,2.847860336303711
2001-04-24,2.8453693288155297,2.94249800588651,2.8453693288155297,2.9026505947113037
2001-04-25,2.9263095051901473,2.9512140630313297,2.8951783180236816,2.8951783180236816
2001-04-26,2.9138571693312425,2.969892740249634,2.9138571693312425,2.969892740249634
2001-04-27,2.9698927780064284,2.9698927780064284,2.9325356708749943,2.95121431350708
2001-04-30,2.938762224921876,2.9761195182800293,2.9200837563755755,2.9761195182800293
2001-05-01,2.957441127788949,2.9698936787422188,2.8640482425689697,2.8640482425689697
2001-05-02,2.8764986663765315,2.8764986663765315,2.7507300610936825,2.7831058502197266
2001-05-03,2.8017861297416617,2.839143242511664,2.783107484290278,2.8229548931121826
2001-05-04,2.8304264732141204,2.8491051197052,2.7918245665350274,2.8491051197052
2001-05-07,2.8765006432237428,2.8765006432237428,2.8354079041296765,2.859067678451538
2001-05-08,2.8702741357832484,2.8814813575044314,2.8304260186123535,2.8453688621520996
2001-05-09,2.8453687721915837,3.0321544886656535,2.8354072330788602,3.0234384536743164
2001-05-10,3.0819637200517294,3.248825256923274,3.0819637200517294,3.2363734245300293
2001-05-11,3.2363740012772526,3.2363740012772526,3.1666403785531356,3.194035768508911
2001-05-14,3.19403555425268,3.211468691565187,3.176602416940174,3.189054250717163
2001-05-15,3.2077322914878024,3.2500705134894385,3.2002606938488256,3.2376179695129395
2001-05-16,3.2376179695129395,3.2463347146699504,3.2064875002351516,3.2376179695129395
2001-05-17,3.2313916329078514,3.3621417316446185,3.2313916329078514,3.3372373580932617
2001-05-18,3.349690312620082,3.411952692452564,3.34720001693545,3.39700984954834
2001-05-21,3.459272355792602,3.5402126854204274,3.44931045810716,3.5302507877349854
2001-05-22,3.5053452074907154,3.5053452074907154,3.390782710543904,3.461761474609375
2001-05-23,3.4617617783096435,3.46798822999062,3.42938579713665,3.4493095874786377
2001-05-24,3.449309446217653,3.449309446217653,3.4181782578841204,3.430631160736084
2001-05-25,3.418178459969489,3.418178459969489,3.203997353636539,3.2998812198638916
2001-05-29,3.2749759546018695,3.377085554772747,3.2500712175193947,3.309842586517334
2001-05-30,3.2812026718385154,3.2812026718385154,3.027174333021788,3.030909776687622
2001-05-31,3.038382216701839,3.250072379451406,3.012232322482768,3.225167989730835
2001-06-01,3.2313917020231195,3.2812015189872725,3.2313917020231195,3.2737302780151367
2001-06-04,3.299881249949842,3.3085972849976972,3.250071416470355,3.293654441833496
2001-06-05,3.2973900816913893,3.3397283134016527,3.2973900816913893,3.3247854709625244
2001-06-06,3.3310109592721733,3.3608966387046904,3.2749753994025546,3.2787108421325684
2001-06-07,3.274976712843595,3.274976712843595,2.9885719919523104,3.057060480117798
2001-06-08,3.013476340696875,3.0197031497955322,2.997288703380496,3.0197031497955322
2001-06-11,2.9574393722938517,2.9823446375497618,2.882725179720296,2.979853630065918
2001-06-12,2.9063849680254634,2.907630293646178,2.874008995744499,2.9014036655426025
2001-06-13,2.90265031079042,2.920083451274675,2.857821777203815,2.8889529705047607
2001-06-14,2.8889524832003888,2.8889524832003888,2.8266901071008257,2.832916736602783
2001-06-15,2.832916571468547,2.9101210725451834,2.8254451508999,2.865292549133301
2001-06-18,2.8640476572001354,2.94996910116676,2.8640476572001354,2.9300458431243896
2001-06-19,2.92879976992952,2.967402377483187,2.9200828452310157,2.9362711906433105
2001-06-20,2.936271426342404,2.9449883517406295,2.8764998777014013,2.8789901733398438
2001-06-21,2.866537863067727,2.866537863067727,2.5963208802834723,2.617489814758301
2001-06-22,2.521607806359082,2.534060356845282,2.4070461588404517,2.490476608276367
2001-06-25,2.4967025742267337,2.4967025742267337,2.4531188372761505,2.4693071842193604
2001-06-26,2.4593454671249577,2.4842500270600705,2.4468929199582945,2.4693071842193604
2001-06-27,2.493743643243491,2.5614129957723013,2.4924902381914458,2.5376031398773193
2001-06-28,2.551387368720565,2.587728944720429,2.522565505982028,2.5376031398773193
2001-06-29,2.5501346812297423,2.6491321688327805,2.5501346812297423,2.6065258979797363
2001-07-02,2.6190565474828436,2.6190565474828436,2.606525546117992,2.6102850437164307
2001-07-03,2.6102858347267457,2.6303354788388122,2.5388569720753096,2.5451223850250244
2001-07-05,2.550134525254428,2.580209970474243,2.5263246708109772,2.580209970474243
2001-07-06,2.578956149930155,2.631587856874082,2.578956149930155,2.627828359603882
2001-07-09,2.6127913098765903,2.6253230299839796,2.600259769031937,2.6065258979797363
2001-07-10,2.601512331662885,2.6228153705596924,2.590234020259933,2.6228153705596924
2001-07-11,2.625322387011668,2.768180053320734,2.625322387011668,2.756901741027832
2001-07-12,2.7819636159593655,2.7894824292756346,2.7381039612457863,2.7869763374328613
2001-07-13,2.7819647276248753,2.882215432639057,2.754395375923284,2.8646717071533203
2001-07-16,2.8345953747767787,2.863417224262219,2.829582653187269,2.830836057662964
2001-07-17,2.8195588108568974,2.839609346249299,2.8007616804127626,2.827077627182007
2001-07-18,2.8258254732338366,2.8571541573518293,2.8258254732338366,2.8446226119995117
2001-07-19,2.8446219001315334,2.8446219001315334,2.701764183198453,2.744371175765991
2001-07-20,2.7443704221353005,2.751889237842683,2.7280793858752443,2.745623826980591
2001-07-23,2.7381057737231647,2.7443713660028797,2.581463098526001,2.581463098526001
2001-07-24,2.568931794153636,2.568931794153636,2.4122891481235387,2.443617820739746
2001-07-25,2.4436173706956663,2.573943326914593,2.4185548315965164,2.543868064880371
2001-07-26,2.5188058458742617,2.5564001074572675,2.5188058458742617,2.5350968837738037
2001-07-27,2.5350968003144465,2.5350968003144465,2.500008812041277,2.5062742233276367
2001-07-30,2.5062731790241943,2.5426145570849554,2.503767087258966,2.5413613319396973
2001-07-31,2.5313368993417873,2.532589586932817,2.4749457010628877,2.483717203140259
2001-08-01,2.4874767127047637,2.5125399673813402,2.486224204279759,2.4912362098693848
2001-08-02,2.506273861530686,2.533843029607541,2.506273861530686,2.5162994861602783
2001-08-03,2.5438688014558872,2.674195691724388,2.518806255099894,2.662917375564575
2001-08-06,2.6754482258759626,2.706776902089669,2.6754482258759626,2.6817145347595215
2001-08-07,2.650385667112918,2.6754480326328522,2.641613444802907,2.642866849899292
2001-08-08,2.63158772526317,2.6503848521486963,2.624068910361497,2.6441192626953125
2001-08-09,2.6353472084126617,2.6353472084126617,2.556399562731136,2.612790584564209
2001-08-10,2.6002590761153046,2.6892323470569073,2.6002590761153046,2.6754472255706787
2001-08-13,2.7193075218564706,2.7518888730062265,2.7193075218564706,2.741863965988159
2001-08-14,2.7581546801550365,2.8671775987865895,2.7581546801550365,2.825824022293091
2001-08-15,2.832090958021644,2.901013186888549,2.832090958021644,2.8797099590301514
2001-08-16,2.8696840712069975,2.909784058864907,2.8696840712069975,2.898505926132202
2001-08-17,2.9072783797122312,2.9762004071044186,2.9022654775105403,2.956150770187378
2001-08-20,2.9498850850555933,2.9498850850555933,2.9273286337570417,2.9335949420928955
2001-08-21,2.9198100527688515,2.9198100527688515,2.888482093811035,2.888482093811035
2001-08-22,2.882215497400688,2.932341299190879,2.882215497400688,2.919809579849243
2001-08-23,2.9223160467464773,2.961162812559569,2.91604991891716,2.9173033237457275
2001-08-24,2.919809378054293,2.926075506186132,2.908531243730548,2.9185566902160645
2001-08-27,2.9072783784318568,2.9423656463623047,2.9072783784318568,2.9423656463623047
2001-08-28,2.8696846271422394,2.92732834815979,2.867177817232084,2.92732834815979
2001-08-29,2.9198099429090956,2.9198099429090956,2.8847226660490737,2.909785032272339
2001-08-30,2.9010128538980573,2.921063212026202,2.819559091888718,2.8571531772613525
2001-08-31,2.8483814170257697,2.9173043662094447,2.8483814170257697,2.90853214263916
2001-09-04,2.8960006355898504,2.897253323598197,2.882215689615914,2.8897345066070557
2001-09-05,2.880963053683475,3.0012643069790266,2.880963053683475,2.9824671745300293
2001-09-06,2.974948599986853,3.0864776401677254,2.9674297822467013,3.058908462524414
2001-09-07,3.0075286108168324,3.051388092335942,3.0075286108168324,3.0451228618621826
2001-09-10,3.0451237691561612,3.0589079973561386,2.9899857807798855,3.0012640953063965
2001-09-17,2.9711885630871113,2.984972790053814,2.9323410785854183,2.9448726177215576
2001-09-18,2.9135433626124,2.944872024883198,2.9135433626124,2.9348464012145996
2001-09-19,2.9323415488838545,2.957403914124869,2.9085316924115725,2.9135444164276123
2001-09-20,2.919808833322605,2.919808833322605,2.7506354159264204,2.8132927417755127
2001-09-21,2.7443711441735887,2.850887996946598,2.7218145118541313,2.794496774673462
2001-09-24,2.79574867442566,2.8446210652317254,2.788229858860319,2.8345961570739746
2001-09-25,2.832089946551154,2.913543688819196,2.832089946551154,2.8822150230407715
2001-09-26,2.8929255143229624,2.8929255143229624,2.8689855546939174,2.8803253173828125
2001-09-27,2.8803248654655764,2.8815851192768216,2.765666101345991,2.8034656047821045
2001-09-28,2.821106661412761,2.8677256107330322,2.821106661412761,2.8677256107330322
2001-10-01,2.862686565249735,2.877806372474015,2.860166056652063,2.8752858638763428
2001-10-02,2.866465556938073,2.8929253016709655,2.8601651885677057,2.8815853595733643
2001-10-03,2.879065735634068,2.896706051517737,2.872766086298724,2.8916659355163574
2001-10-04,2.8790654158227547,2.897965262940962,2.8538661003112793,2.8538661003112793
2001-10-05,2.847565340317446,2.847565340317446,2.8110253714654685,2.8261451721191406
2001-10-08,2.816066408756513,2.8412659045342856,2.816066408756513,2.822366237640381
2001-10-09,2.8601657516704906,2.8601657516704906,2.812286547474652,2.822366237640381
2001-10-10,2.8979645526557074,2.981123463060678,2.8979645526557074,2.9168643951416016
2001-10-11,2.929465123347578,2.9798648357391357,2.8954454706892316,2.9798648357391357
2001-10-12,2.96726500823677,2.9697847959048347,2.92316584016848,2.9433250427246094
2001-10-15,2.9118244276701737,2.9307242675987757,2.8979641605391047,2.9231643676757812
2001-10-16,2.923165014840253,3.046643407586253,2.923165014840253,3.0113635063171387
2001-10-17,3.011364160022599,3.011364160022599,2.897965431213379,2.897965431213379
2001-10-18,2.8916653869193345,2.9105650523090665,2.8274061280612157,2.8412656784057617
2001-10-19,2.842526650497995,2.843786904880492,2.809767246246338,2.809767246246338
2001-10-22,2.797166598085243,2.8475661277770996,2.7807865391506974,2.8475661277770996
2001-10-23,2.8463061267461853,2.9609649200410786,2.8463061267461853,2.9294650554656982
2001-10-24,2.9231645051748396,2.94710373878479,2.919384464914422,2.94710373878479
2001-10-25,2.9660036782836796,2.987424028601913,2.9357640743255615,2.9357640743255615
2001-10-26,2.9357641358204867,2.9357641358204867,2.8815852948662934,2.8941845893859863
2001-10-29,2.8853660519030004,2.896705816318989,2.86016583442688,2.86016583442688
2001-10-30,2.8475661277770996,2.8513461691069626,2.8236261664251194,2.8475661277770996
2001-10-31,2.8349660845794813,2.837485871786921,2.8034662210944346,2.8148059844970703
2001-11-01,2.8979640196086596,2.942063884287092,2.845044722721209,2.914344072341919
2001-11-02,2.910564749861635,3.0428632950535643,2.895444947024089,3.023963451385498
2001-11-05,3.0554648095581745,3.1978429326538276,3.0554648095581745,3.1701231002807617
2001-11-06,3.1650819897371263,3.1751614978684377,3.1386224247416594,3.1499621868133545
2001-11-07,3.151221657149639,3.1575222057572514,3.0894829137103863,3.1159424781799316
2001-11-08,3.0920028171664162,3.0920028171664162,3.0113635063171387,3.0113635063171387
2001-11-09,3.0088436365179696,3.0088436365179696,2.9609644412994385,2.9609644412994385
2001-11-12,2.95844375545361,2.966003656387329,2.942064420702858,2.966003656387329
2001-11-13,2.9634850395131274,3.001284556804404,2.9634850395131274,2.983644962310791
2001-11-14,3.005064828028559,3.0151445204378655,2.993725061416626,2.993725061416626
2001-11-15,2.98616398246817,3.010103940963745,2.98616398246817,3.010103940963745
2001-11-16,3.0075836181640625,3.012623733060136,2.998764183125626,3.0075836181640625
2001-11-19,3.0176639604678517,3.023963608280278,2.891665236466471,2.9420647621154785
2001-11-20,2.9735637570446944,2.9735637570446944,2.8979647426297888,2.8992249965667725
2001-11-21,2.8992249212513466,2.8992249212513466,2.85386551378074,2.877805471420288
2001-11-23,2.8853662861810134,2.8916659355163574,2.8853662861810134,2.8916659355163574
2001-11-26,2.9042663758583736,2.923166227813774,2.8437871379888446,2.889146566390991
2001-11-27,2.8853659633705497,2.9597047371362852,2.8853659633705497,2.9483649730682373
2001-11-28,2.948364902114008,2.9597046659091575,2.9294650554656982,2.9294650554656982
2001-11-29,2.916865108160771,2.9534050889370507,2.908045672173635,2.9508845806121826
2001-11-30,2.958443672906635,2.963483967206324,2.904264834998995,2.9130842685699463
2001-12-03,2.874025316932644,2.9307246641480704,2.836225812203112,2.9168643951416016
2001-12-04,2.910564749861635,3.023963451385498,2.910564749861635,3.023963451385498
2001-12-05,3.032784072144432,3.112163144061689,3.031524178427552,3.068063259124756
2001-12-06,3.0693227691249287,3.0831823176193915,3.0353031236254253,3.061763048171997
2001-12-07,3.0592440985212797,3.11846307039237,3.0592440985212797,3.088223457336426
2001-12-10,3.08696332993533,3.1184631985263644,3.08696332993533,3.1096432209014893
2001-12-11,3.1083838928052923,3.1928021907806396,3.1083838928052923,3.1928021907806396
2001-12-12,3.2003630084494645,3.2734422781505557,3.1550035736130178,3.156263828277588
2001-12-13,3.124762275148679,3.1272824226419806,3.075622823632534,3.07688307762146
2001-12-14,3.074364015556739,3.0957832916355,3.074364015556739,3.093263864517212
2001-12-17,3.086963070356602,3.1613025665283203,3.0806632413619943,3.1613025665283203
2001-12-18,3.1877612708250926,3.2091805369727817,3.1827209769869125,3.2016208171844482
2001-12-19,3.194061298734398,3.194061298734398,3.0542030334472656,3.0542030334472656
2001-12-20,3.068063651508953,3.083183459499073,3.0554643522441727,3.064283609390259
2001-12-21,3.0630244548519814,3.097043752670288,3.0630244548519814,3.097043752670288
2001-12-24,3.0882237745019894,3.097043752670288,3.068063669909596,3.097043752670288
2001-12-26,3.0932637533303726,3.0995632221112492,3.088223457336426,3.088223457336426
2001-12-27,3.0939222087001825,3.176240513751544,3.0939222087001825,3.167375326156616
2001-12-28,3.1787734640143857,3.1838395964608224,3.1699090003967285,3.1699090003967285
2001-12-31,3.15977582110408,3.1787725441171957,3.135714054107666,3.135714054107666
2002-01-02,3.1154513527170002,3.12811595849321,3.0989873289746837,3.1179840564727783
2002-01-03,3.115451639842902,3.214234342071042,3.115451639842902,3.190171480178833
2002-01-04,3.185105579466606,3.1927040517268006,3.1825721514925807,3.187638282775879
2002-01-07,3.1876384852836113,3.1876384852836113,3.159776210784912,3.159776210784912
2002-01-08,3.1597767281312183,3.183839589032041,3.1471128463745117,3.1471128463745117
2002-01-09,3.1154513843571627,3.1179840881386625,3.0635276958444235,3.082524061203003
2002-01-10,3.0901226089010434,3.1192505113328486,3.0901226089010434,3.1141843795776367
2002-01-11,3.119251216585326,3.145846421485024,3.115451798076086,3.134448528289795
2002-01-14,3.1471128463745117,3.1787734565974244,3.1471128463745117,3.1471128463745117
2002-01-15,3.134447149603486,3.134447149603486,3.10278582572937,3.10278582572937
2002-01-16,3.0901220910558926,3.0901220910558926,3.0090694315415174,3.026799440383911
2002-01-17,3.002738687238578,3.012869866084758,2.986274661073864,2.996405839920044
2002-01-18,2.9824739379233796,2.9824739379233796,2.9470133781433105,2.9470133781433105
2002-01-22,2.948280968307719,2.986274242401123,2.948280968307719,2.986274242401123
2002-01-23,2.9824738765369285,3.095186948776245,2.9824738765369285,3.095186948776245
2002-01-24,3.0951871797074704,3.2572925010795304,3.0951871797074704,3.2547590732574463
2002-01-25,3.250960047495192,3.278821956468761,3.224364490111596,3.2395617961883545
2002-01-28,3.24209517048719,3.306683810829769,3.24209517048719,3.2712230682373047
2002-01-29,3.2851536708737896,3.347209970612954,3.2851536708737896,3.3142826557159424
2002-01-30,3.307950114326756,3.3168153008170784,3.2496943132921374,3.263624906539917
2002-01-31,3.273756198211777,3.3244142532348633,3.273756198211777,3.3244142532348633
2002-02-01,3.3155496302339564,3.4029340744018555,3.3054180899729695,3.4029340744018555
2002-02-04,3.419397458893581,3.419397458893581,3.3560755252838135,3.3560755252838135
2002-02-05,3.340878537395488,3.340878537395488,3.272490465727826,3.286421060562134
2002-02-06,3.254759472869669,3.3244142532348633,3.254759472869669,3.3244142532348633
2002-02-07,3.318082075252039,3.375072250299701,3.310483602645119,3.3560755252838135
2002-02-08,3.4193977875429535,3.5777029991149902,3.4193977875429535,3.5777029991149902
2002-02-11,3.57770316226922,3.5954339004178135,3.4877860182939218,3.5017166137695312
2002-02-12,3.4637219963748547,3.4700548407071197,3.397867372099892,3.444725275039673
2002-02-13,3.447258726655916,3.470054864883423,3.447258726655916,3.470054864883423
2002-02-14,3.482719095425734,3.5561729234664012,3.482719095425734,3.528311014175415
2002-02-15,3.438395024813089,3.5840363773317576,3.4269971319490122,3.566305637359619
2002-02-19,3.56757126011236,3.56757126011236,3.4763870581027563,3.5029826164245605
2002-02-20,3.511849419511703,3.524513304021442,3.5042509438728446,3.5143821239471436
2002-02-21,3.501715463442106,3.501715463442106,3.466255448123451,3.470054864883423
2002-02-22,3.470055355053223,3.489052079204179,3.4662559377565563,3.4713213443756104
2002-02-25,3.470054864883423,3.499182760490341,3.470054864883423,3.470054864883423
2002-02-26,3.4738535592600654,3.501714735265081,3.457389544167966,3.4877841472625732
2002-02-27,3.4953832802942735,3.5029821136763095,3.4953832802942735,3.4979159832000732
2002-02-28,3.4979169968424775,3.508048898398701,3.4890525341033936,3.4890525341033936
2002-03-01,3.4915845565707877,3.50678186401872,3.4890522154947177,3.494117259979248
2002-03-04,3.5067811121335803,3.6663529872894287,3.5067811121335803,3.6663529872894287
2002-03-05,3.6663528455774452,3.7258757086020307,3.6562216721750187,3.663820505142212
2002-03-06,3.6701534410298353,3.8879818916320796,3.6701534410298353,3.88798189163208
2002-03-07,3.868985355137638,3.877849817276001,3.7929984537761428,3.877849817276001
2002-03-08,3.8753167709926992,3.8753167709926992,3.7334748816868255,3.779066801071167
2002-03-11,3.780335408359168,3.780335408359168,3.7106809616088867,3.7106809616088867
2002-03-12,3.6853509401409155,3.77906749947323,3.6853509401409155,3.7765347957611084
2002-03-13,3.7676701254270206,3.7803347327238557,3.656223537810282,3.67775297164917
2002-03-14,3.684085006108071,3.6980163288046253,3.6600232287502004,3.6625559329986572
2002-03-15,3.6600221158236845,3.761337139272142,3.647357511434877,3.7588047981262207
2002-03-18,3.760070545206145,3.8322580316282258,3.7537387863082587,3.799330711364746
2002-03-19,3.7942645795816135,3.8183274373880525,3.7942645795816135,3.799330711364746
2002-03-20,3.786666885945023,3.7917326564383824,3.74234166587749,3.7474074363708496
2002-03-21,3.760070472604639,3.7676693078002037,3.7043473720550537,3.7043473720550537
2002-03-22,3.6739528113237747,3.694216251373291,3.632160304115346,3.694216251373291
2002-03-25,3.703078779962771,3.720809507204474,3.6473557076729666,3.652421474456787
2002-03-26,3.6524230501454094,3.6536890394722477,3.6156959533691406,3.6156959533691406
2002-03-27,3.6061564836648965,3.725726127624512,3.6010680730126667,3.7257261276245117
2002-03-28,3.7397164985930607,3.752436792322343,3.683748006820679,3.6837480068206787
2002-04-01,3.6761168035164946,3.7397171921815926,3.6672122687214155,3.7231807708740234
2002-04-02,3.7206381900188847,3.832575596157826,3.7206381900188847,3.766430616378784
2002-04-03,3.784238168859958,3.7893265795791105,3.7715185977653287,3.7791504859924316
2002-04-04,3.771518166785682,3.771518166785682,3.702829360961914,3.702829360961914
2002-04-05,3.7053724109387343,3.7117323763642167,3.637955904006958,3.637955904006958
2002-04-08,3.6443155712510045,3.6443155712510045,3.593434760233183,3.617603063583374
2002-04-09,3.625236691860669,3.660853382301501,3.625236691860669,3.6532211303710938
2002-04-10,3.6405013674165714,3.6455897787360274,3.5400119764856472,3.6214210987091064
2002-04-11,3.621419119463996,3.629051368346006,3.561634868207983,3.5679948329925537
2002-04-12,3.567995218361164,3.5692675025960194,3.555274559566788,3.557819128036499
2002-04-15,3.555274938195586,3.555274938195586,3.5222028230811673,3.5361950397491455
2002-04-16,3.559090992235912,3.6277797898309525,3.559090992235912,3.622692108154297
2002-04-17,3.626507702906995,3.6837481165801176,3.626507702906995,3.6799323558807373
2002-04-18,3.688835068780235,3.74734775505293,3.655762965698314,3.668483257293701
2002-04-19,3.7079184496661375,3.7397190234969457,3.7079184496661375,3.7206387519836426
2002-04-22,3.7079163298844073,3.7155482157711037,3.6951967626903808,3.7066447734832764
2002-04-23,3.70664580210654,3.7219099420415525,3.6532211303710938,3.6532211303710938
2002-04-24,3.653221001664755,3.671028982331977,3.587076033684245,3.5896198749542236
2002-04-25,3.587074194196617,3.6506745604406627,3.574353902592446,3.6137866973876953
2002-04-26,3.6137870917157717,3.6265073847079514,3.603611002892285,3.6150593757629395
2002-04-29,3.615062071381077,3.6735740798579033,3.615062071381077,3.6506776809692383
2002-04-30,3.574356086625824,3.574356086625824,3.3453939731788007,3.4407949447631836
2002-05-01,3.4407954450791607,3.4535157463054187,3.3835546354498174,3.4191713333129883
2002-05-02,3.411538363391093,3.4217144566648345,3.3771943215365674,3.3784666061401367
2002-05-03,3.3810108818750924,3.3822831667790663,3.3733789920806885,3.3733789920806885
2002-05-06,3.3886423906706886,3.402634246205583,3.3581141103523247,3.3797378540039062
2002-05-07,3.3721067071767146,3.388643135595384,3.3492103099417276,3.3733789920806885
2002-05-08,3.4026335663879097,3.4026335663879097,3.345393143208586,3.3517534732818604
2002-05-09,3.363202022408334,3.375921591433284,3.3466656000763635,3.3606574535369873
2002-05-10,3.358114455369231,3.379738201242463,3.3390341872284703,3.3682901859283447
2002-05-13,3.36447299312958,3.453514337539673,3.36447299312958,3.453514337539673
2002-05-14,3.484042443492101,3.546371272399066,3.484042443492101,3.5183868408203125
2002-05-15,3.518385859202741,3.518385859202741,3.421712659939054,3.4738657474517822
2002-05-16,3.4802266362745873,3.536195140617236,3.477682795312794,3.5171148777008057
2002-05-17,3.561635627307598,3.5908916171222813,3.561635627307598,3.5730836391448975
2002-05-20,3.5489145512017655,3.574354410171509,3.5489145512017655,3.574354410171509
2002-05-21,3.561636328669832,3.6659407401138955,3.561636328669832,3.6468608379364014
2002-05-22,3.6888361678700523,3.7079164289853006,3.6633963049506693,3.6875646114349365
2002-05-23,3.687565780014805,3.7498939006297634,3.660853624343872,3.660853624343872
2002-05-24,3.688837023727608,3.688837023727608,3.643044604782009,3.658308744430542
2002-05-28,3.6265066841554896,3.6265066841554896,3.490400703601006,3.5132970809936523
2002-05-29,3.498034527416197,3.5260189608514447,3.4827703902494447,3.5107548236846924
2002-05-30,3.514569759800653,3.5349222997290966,3.307231511864804,3.4268007278442383
2002-05-31,3.434434002086619,3.4916744232177734,3.415353740400993,3.4916744232177734
2002-06-03,3.459874227971761,3.48277061717662,3.4471546587259687,3.4662349224090576
2002-06-04,3.434433910009763,3.5196591251107736,3.434433910009763,3.5183868408203125
2002-06-05,3.5183867393775254,3.5616353058634544,3.5183867393775254,3.5336508750915527
2002-06-06,3.561636484981822,3.571812214900924,3.358114244157508,3.3619303703308105
2002-06-07,3.316136009916578,3.4357056017228955,3.316136009916578,3.4153530597686768
2002-06-10,3.389914285372351,3.4395228261649557,3.389914285372351,3.4382505416870117
2002-06-11,3.4662347716973465,3.519659434901942,3.4662347716973465,3.472594738006592
2002-06-12,3.4980348354108797,3.6379566509812062,3.4980348354108797,3.620147943496704
2002-06-13,3.6061574674691297,3.6188777697183427,3.47895590068063,3.4802281856536865
2002-06-14,3.4395234902300285,3.4395234902300285,3.3199538370959574,3.3695623874664307
2002-06-17,3.3492084983437134,3.3835528936562524,3.345392737473413,3.3721048831939697
2002-06-18,3.389914812424266,3.4687793578073753,3.389914812424266,3.4064505100250244
2002-06-19,3.3962736380897973,3.4382502885531254,3.389914035797119,3.389914035797119
2002-06-20,3.3962743282318115,3.435707145791038,3.3771944256994164,3.3962743282318115
2002-06-21,3.4026337747653703,3.4115379462726585,3.3174092769622803,3.3174092769622803
2002-06-24,3.3072314882662863,3.3072314882662863,3.2321831127355627,3.2398149967193604
2002-06-25,3.2181925847716273,3.2181925847716273,3.1037113666534424,3.1037113666534424
2002-06-26,3.0685495701069394,3.2667266322964488,3.0685495701069394,3.264169692993164
2002-06-27,3.2820692684450923,3.2820692684450923,3.223255642413252,3.26800537109375
2002-06-28,3.2360407795194575,3.279512405395508,3.2091910880073224,3.279512405395508
2002-07-01,3.2731195950496774,3.2846269189015964,3.260333801591856,3.2833480834960938
2002-07-02,3.270561559226292,3.270561559226292,3.1976836786290415,3.2577764987945557
2002-07-03,3.253942178814306,3.262891834856052,3.220699031517575,3.2424352169036865
2002-07-05,3.23092616973038,3.237318515777588,3.225811561293639,3.237318515777588
2002-07-08,3.2347629800578384,3.2999696860346335,3.2347629800578384,3.293576240539551
2002-07-09,3.291020319313653,3.291020319313653,3.223256653136989,3.273120641708374
2002-07-10,3.2859053251112553,3.311477283026666,3.207913542096867,3.218142032623291
2002-07-11,3.21302810196891,3.21302810196891,3.1529359817504883,3.1529359817504883
2002-07-12,3.0890073335569768,3.100514293585637,3.025078538187781,3.0813357830047607
2002-07-15,3.069829520663517,3.0723864608956015,3.0071797295807325,3.0647149085998535
2002-07-16,3.0647133561295035,3.1311988896810514,2.9138428019696656,3.0046212673187256
2002-07-17,2.986721150645671,3.01357102394104,2.985443046854906,3.01357102394104
2002-07-18,3.0046222904752993,3.0634357469454794,2.9982290264572278,3.0544862747192383
2002-07-19,3.0544860321706273,3.068549931594706,2.9982287883758545,2.9982287883758545
2002-07-22,2.972658478065662,2.979051011550513,2.774481526641091,2.8141164779663086
2002-07-23,2.782151837495315,2.8128373034265484,2.518767523319683,2.572467088699341
2002-07-24,2.5571253463690216,2.603153563097291,2.5059832491373606,2.5980398654937744
2002-07-25,2.6210539570502553,2.6210539570502553,2.5059832330676044,2.5571253299713135
2002-07-26,2.582697110022663,2.582697110022663,2.4625119568697924,2.5571253299713135
2002-07-29,2.569911265354978,2.569911265354978,2.454840718146478,2.4804117679595947
2002-07-30,2.4791337205218698,2.5187686748877662,2.4573975320669255,2.4995901584625244
2002-07-31,2.499589371546745,2.512375349971463,2.3845188579212295,2.416483163833618
2002-08-01,2.385797360203248,2.385797360203248,2.31164062875385,2.3167550563812256
2002-08-02,2.3014124673082725,2.474018329196461,2.1927344856455404,2.416483163833618
2002-08-05,2.4356609521842136,2.5085390194652897,2.4139256898824932,2.462510824203491
2002-08-06,2.433105333976608,2.433105333976608,2.2464346120662566,2.3410487174987793
2002-08-07,2.3730119564994734,2.442054271697998,2.3563911156457467,2.442054271697998
2002-08-08,2.4292692064718917,2.4471688830679565,2.3985837330503252,2.442054271697998
2002-08-09,2.4292689593585055,2.4292689593585055,2.4036971854089004,2.416483163833618
2002-08-12,2.4292687171922216,2.442053779843285,2.3704545391803014,2.3781259059906006
2002-08-13,2.3909123747937366,2.3909123747937366,2.3666194338826143,2.370455026626587
2002-08-14,2.36406277825743,2.4036977291107178,2.33976983442516,2.4036977291107178
2002-08-15,2.4292691994994144,2.4829687778330274,2.4292691994994144,2.4740185737609863
2002-08-16,2.4842476362195516,2.614661120381837,2.481690695565291,2.587811231613159
2002-08-19,2.621053351125233,2.650459986031797,2.5443396748044207,2.633838415145874
2002-08-20,2.6300036469749877,2.644068282624316,2.621054172515869,2.621054172515869
2002-08-21,2.6338372258520866,2.6427874250645185,2.5187667633302615,2.53155255317688
2002-08-22,2.5251611858516783,2.5993173744624616,2.5251611858516783,2.5788607597351074
2002-08-23,2.5839746838733015,2.5852533366283286,2.4919180870056152,2.4919180870056152
2002-08-26,2.491917516189916,2.528996425693956,2.486803820840367,2.5277175903320312
2002-08-27,2.5596819170785308,2.6312811516215757,2.5571242463276116,2.5775814056396484
2002-08-28,2.5826958375919817,2.5826958375919817,2.555845966451001,2.5635173320770264
2002-08-29,2.5443401643659898,2.56096082395077,2.5123758520655866,2.554568290710449
2002-08-30,2.5699098624157055,2.5750244719659565,2.5571240701392126,2.5635173320770264
2002-09-03,2.557124580679614,2.557124580679614,2.494475539475061,2.5085394382476807
2002-09-04,2.50598291403645,2.582696781225236,2.50598291403645,2.5468966960906982
2002-09-05,2.531554392817448,2.5788614472477773,2.531554392817448,2.569911241531372
2002-09-06,2.544338643813234,2.559681372860371,2.5187668800354004,2.5187668800354004
2002-09-09,2.51876778954543,2.51876778954543,2.3973045655125915,2.406254768371582
2002-09-10,2.325704933004212,2.4650676250457764,2.325704933004212,2.4650676250457764
2002-09-11,2.4727391545539175,2.544339307036664,2.4727391545539175,2.485525131225586
2002-09-12,2.474018593214013,2.474018593214013,2.422875954356212,2.434382915496826
2002-09-13,2.436941091824228,2.443333625793457,2.436941091824228,2.443333625793457
2002-09-16,2.445889404627522,2.480410644605679,2.445889404627522,2.452282667160034
2002-09-17,2.442053391136022,2.444611061698447,2.3269829072975625,2.333376169204712
2002-09-18,2.311641363351842,2.316755792604491,2.2387632613748942,2.2451565265655518
2002-09-19,2.232370126022781,2.303969372761322,2.232370126022781,2.2732837200164795
2002-09-20,2.2758411498737328,2.286069455837638,2.204241179128315,2.2400412559509277
2002-09-23,2.2425983176787274,2.2656124207552653,2.1684423120204936,2.1876206398010254
2002-09-24,2.0840561127189123,2.1582122666982344,2.0840561127189123,2.1211342811584473
2002-09-25,2.089171091429487,2.0994001319054725,2.032914752458979,2.0457005500793457
2002-09-26,2.1133535398578056,2.137837768948781,2.0824262575208237,2.1262400150299072
2002-09-27,2.1313939287255277,2.203556946400161,2.1313939287255277,2.1919593811035156
2002-09-30,2.203557727369252,2.238350804270254,2.172630629830602,2.2267532348632812
2002-10-01,2.255102349927214,2.3169565200805664,2.255102349927214,2.3169565200805664
2002-10-02,2.32597683417823,2.3375745851224528,2.2744322370905605,2.327265739440918
2002-10-03,2.32340020559504,2.3581930936448368,2.3208231321409984,2.346595525741577
2002-10-04,2.349172146528581,2.365924596786499,2.324688661131611,2.365924596786499
2002-10-07,2.3504612655957255,2.426490276582198,2.3504612655957255,2.4058725833892822
2002-10-08,2.417469896938763,2.452262962209411,2.4032945211218775,2.423912763595581
2002-10-09,2.358192444917211,2.4200467992988206,2.358192444917211,2.3968513011932373
2002-10-10,2.409738147871143,2.4226238813063374,2.3543268396040626,2.381387948989868
2002-10-11,2.3826773147114633,2.422624349594116,2.3826773147114633,2.422624349594116
2002-10-14,2.4097380451736146,2.4097380451736146,2.3337083131385574,2.3530378341674805
2002-10-15,2.4045830392646206,2.4496849454609166,2.4045830392646206,2.4406650066375732
2002-10-16,2.429067579786484,2.4458192919792463,2.4097382415225534,2.4123151302337646
2002-10-17,2.444531254039943,2.507673597868102,2.444531254039943,2.499941825866699
2002-10-18,2.5128288340274887,2.5386012285347173,2.4883446076125613,2.510251760482788
2002-10-21,2.519270681921653,2.6623085287634223,2.506384950736837,2.658442735671997
2002-10-22,2.6674636437902732,2.7112771982476525,2.664886571064509,2.6958136558532715
2002-10-23,2.6958130738323516,2.7989031498646413,2.6906583764738143,2.7898826599121094
2002-10-24,2.8027709515024957,2.8478726932682945,2.791173197490106,2.795039176940918
2002-10-25,2.783440933591838,2.8092133265928583,2.762822687378997,2.796327590942383
2002-10-28,2.806635114734078,2.8762210407580904,2.806635114734078,2.8659121990203857
2002-10-29,2.8826652320659316,2.916170135256003,2.810502200655097,2.815656900405884
2002-10-30,2.7963271634424434,2.7963271634424434,2.7267412152598887,2.773131847381592
2002-10-31,2.788594807612341,2.9045713636361796,2.788594807612341,2.862046718597412
2002-11-01,2.7898831961376858,2.9148804373738066,2.7898831961376858,2.880087375640869
2002-11-04,2.8800878351700905,2.8800878351700905,2.780863701168893,2.783440589904785
2002-11-05,2.7576673255677413,2.769264887316081,2.6352470001293025,2.713853597640991
2002-11-06,2.725451664001283,2.7705533802514286,2.690658605987838,2.7486469745635986
2002-11-07,2.742203967690098,2.834985205149725,2.742203967690098,2.81952166557312
2002-11-08,2.789883651934037,2.8130789687655358,2.7769977334854103,2.8040590286254883
2002-11-11,2.806636697560165,2.806636697560165,2.6932369780736507,2.7357616424560547
2002-11-12,2.7177207812849042,2.71900950224028,2.671329960671419,2.672618865966797
2002-11-13,2.6545774782011198,2.6545774782011198,2.5476215668042976,2.6197845935821533
2002-11-14,2.6210719736558867,2.693234958441979,2.6210719736558867,2.6855030059814453
2002-11-15,2.6803500794191457,2.685504040465254,2.66102074384163,2.6790611743927
2002-11-18,2.68163880802995,2.720297671611592,2.68163880802995,2.7125658988952637
2002-11-19,2.706122622931932,2.706122622931932,2.6532891271899586,2.668752670288086
2002-11-20,2.6687530731894094,2.747358968288743,2.6687530731894094,2.7125658988952637
2002-11-21,2.738337351346231,2.738337351346231,2.7009666785773256,2.734471559524536
2002-11-22,2.7254521439745787,2.7357608040267145,2.668752670288086,2.668752670288086
2002-11-25,2.6739062903980906,2.8156559703945008,2.6739062903980906,2.7744193077087402
2002-11-26,2.7873066119477605,2.7898836850640936,2.744781771748365,2.762822389602661
2002-11-27,2.7654001917449675,2.832408332387552,2.7512246305879096,2.8233885765075684
2002-11-29,2.9574055407609636,2.9677142010430675,2.9045718595003893,2.9380760192871094
2002-12-02,3.0102387473988603,3.0488976022786476,2.854315160233622,2.881376266479492
2002-12-03,2.8478720630701178,2.860758719834518,2.7821519016697294,2.787306785583496
2002-12-04,2.789883128426024,2.789883128426024,2.731894755058518,2.7666876316070557
2002-12-05,2.749936782083111,2.771843194961548,2.6867935106428935,2.771843194961548
2002-12-06,2.7473591984100985,2.816945158685639,2.7473591984100985,2.810502290725708
2002-12-09,2.8233876980439994,2.8620465477441597,2.7538015842437744,2.7538015842437744
2002-12-10,2.755089939485478,2.7834399488710093,2.755089939485478,2.779574155807495
2002-12-11,2.776996746045435,2.7937484525061045,2.776996746045435,2.7898826599121094
2002-12-12,2.779574742998044,2.80921292620599,2.7525134484768996,2.7705540657043457
2002-12-13,2.7615342647645997,2.7615342647645997,2.709988930494698,2.7383389472961426
2002-12-16,2.7396272409538205,2.752513713367832,2.706123076301409,2.728029489517212
2002-12-17,2.7460698857955403,2.8581806450146905,2.7460698857955403,2.8478710651397705
2002-12-18,2.847871985864607,2.934210574539399,2.847871985864607,2.929055690765381
2002-12-19,2.9316333341998164,3.0025074518520167,2.8968402671287534,2.96384859085083
2002-12-20,2.9741572045398383,3.144256321869567,2.9741572045398383,3.124926805496216
2002-12-23,3.1442576264396473,3.324665660523555,3.1378138371752,3.230595111846924
2002-12-24,3.273120366037636,3.2988933128011175,3.2267297254874374,3.231884241104126
2002-12-26,3.2228636596230267,3.2241525650024414,3.2215754916036685,3.2241525650024414
2002-12-27,3.2247998933261455,3.2260952703184276,3.16133975982666,3.16133975982666
2002-12-30,3.17947085364736,3.211847859182443,3.0538458119316663,3.1134207248687744
2002-12-31,3.0888133212139532,3.119895690518086,3.0888133212139532,3.101764678955078
2003-01-02,3.11471491330538,3.1729942559641198,3.0952883422421253,3.1691088676452637
2003-01-03,3.153568073399235,3.2299797316674024,3.143207654157659,3.223503589630127
2003-01-06,3.289554178094298,3.3633747229375737,3.289554178094298,3.350424289703369
2003-01-07,3.341358020878471,3.341358020878471,3.255881320387152,3.2753078937530518
2003-01-08,3.275308346003783,3.283078754104431,3.214438605335711,3.2170286178588867
2003-01-09,3.2118482222814153,3.2183239946515942,3.1911270105026475,3.2170286178588867
2003-01-10,3.191126230726398,3.2364544030546485,3.182060077517308,3.227388620376587
2003-01-13,3.211848402969658,3.258471965789795,3.202782988097431,3.258471965789795
2003-01-14,3.283078181553257,3.2947339769370805,3.2688323740979413,3.2714223861694336
2003-01-15,3.2571766381333855,3.289553642272949,3.2571766381333855,3.289553642272949
2003-01-16,3.2895539109231917,3.3530140299187736,3.283078509566448,3.3400628566741943
2003-01-17,3.3348837595860266,3.3348837595860266,3.2455220103081843,3.250701665878296
2003-01-21,3.2830789015975563,3.288259667938894,3.224799541365565,3.2636523246765137
2003-01-22,3.2507016169815186,3.267538183682288,3.2507016169815186,3.2519969940185547
2003-01-23,3.2571769639418324,3.2740127854598198,3.233864999886015,3.2351596355438232
2003-01-24,3.2247985689764733,3.2429297635794265,3.147092655254479,3.1691088676452637
2003-01-27,3.161339468043224,3.161339468043224,3.0577315500939615,3.135437488555908
2003-01-28,3.1276676797286176,3.1535692936516164,3.0603221496164528,3.1509792804718018
2003-01-29,3.1432078310937577,3.211847974568628,3.1276666455599513,3.197601795196533
2003-01-30,3.204077477177577,3.204077477177577,3.121191517601818,3.1600446701049805
2003-01-31,3.1652238139345483,3.170404579261384,3.114715242574062,3.134141445159912
2003-02-03,3.1276670010927456,3.1276670010927456,3.108240424334429,3.118600845336914
2003-02-04,3.087518760955557,3.112126106324848,3.087518760955557,3.0926995277404785
2003-02-05,3.0926985793094195,3.0965837826754763,3.0732720066825543,3.0862233638763428
2003-02-06,3.0810426954474597,3.083632707595825,3.070682276322933,3.083632707595825
2003-02-07,3.0862238153213872,3.0862238153213872,3.0499606768301963,3.0616166591644287
2003-02-10,3.0486644509020815,3.0525498390197754,3.0383040334732394,3.0525498390197754
2003-02-11,3.0434857786425074,3.0434857786425074,2.992976825356111,3.002042055130005
2003-02-12,3.0318299544901066,3.131552483322669,3.0188785941582683,3.0538463592529297
2003-02-13,3.0538462036904357,3.0978797520353063,3.0538462036904357,3.0888137817382812
2003-02-14,3.0836336070872243,3.09140420159559,3.065502405166626,3.065502405166626
2003-02-18,3.0564365155640605,3.1237820403054055,3.0564365155640605,3.119896650314331
2003-02-19,3.109535111517331,3.1665190817827438,3.109535111517331,3.1574532985687256
2003-02-20,3.1924220394963765,3.1924220394963765,3.160045026312667,3.1639304161071777
2003-02-21,3.1600445324053648,3.1600445324053648,3.1250767707824707,3.1250767707824707
2003-02-24,3.1574537437435826,3.201487289469286,3.0797476282542333,3.081043004989624
2003-02-25,3.081043170317432,3.095289165656788,3.0460755924731493,3.0577313899993896
2003-02-26,3.05902741775034,3.082339203029016,3.05902741775034,3.0719778537750244
2003-02-27,3.0836330235133467,3.095289005702807,3.0590266087242255,3.0745677947998047
2003-02-28,3.0875182556599445,3.1250767707824707,3.0849284284880802,3.1250767707824707
2003-03-03,3.1276673464991336,3.140618522611996,3.0551419830199795,3.065502405166626
2003-03-04,3.0642073549384956,3.0642073549384956,3.0124039418220443,3.0136985778808594
2003-03-05,3.046075424549258,3.07715779659314,3.0357148191335153,3.0629119873046875
2003-03-06,3.069387007586441,3.0849281926159997,3.0538458225568825,3.068091630935669
2003-03-07,3.069387396469397,3.123781550964442,3.061616802970105,3.116011142730713
2003-03-10,3.1108304670801297,3.160044783138146,3.0978798480688154,3.136732816696167
2003-03-11,3.1691096228257947,3.2247993374275414,3.1691096228257947,3.2066681385040283
2003-03-12,3.211848163455507,3.229980103441245,3.179471154853202,3.2066681385040283
2003-03-13,3.2196179976201176,3.2338645458221436,3.215732609067842,3.2338645458221436
2003-03-14,3.2895540378779935,3.3581949252453596,3.2895540378779935,3.3556041717529297
2003-03-17,3.3581947080590737,3.4242448376623154,3.3581947080590737,3.386686325073242
2003-03-18,3.3879829924733755,3.503246733760532,3.3866876153174306,3.457918167114258
2003-03-19,3.4579183536659257,3.5174934785230585,3.4449671751263327,3.4864110946655273
2003-03-20,3.470868895531651,3.4954751271820834,3.3737363815307617,3.3737363815307617
2003-03-21,3.3931615392669707,3.4423750989520463,3.3685545741589222,3.4255385398864746
2003-03-24,3.4320152392891212,3.486409572557772,3.4320152392891212,3.450146436691284
2003-03-25,3.457917750850004,3.4643931537253274,3.426835372411038,3.4514427185058594
2003-03-26,3.45791823097549,3.4812302033071276,3.45791823097549,3.470869779586792
2003-03-27,3.493008302749386,3.493008302749386,3.4422154426574707,3.4422154426574707
2003-03-28,3.430494673129064,3.4982192516326904,3.4096564559330917,3.4982192516326904
2003-03-31,3.4708679158299076,3.594594505736229,3.4708679158299076,3.5828731060028076
2003-04-01,3.6141303674621534,3.6232471771731665,3.560732549354635,3.5646398067474365
2003-04-02,3.551616087097116,3.551616087097116,3.5060327793157997,3.537290096282959
2003-04-03,3.524266279968128,3.524266279968128,3.48389177689378,3.485194444656372
2003-04-04,3.493008797390761,3.4969160556793213,3.477380136853181,3.4969160556793213
2003-04-07,3.4708677765679665,3.4708677765679665,3.3106739537112193,3.347140073776245
2003-04-08,3.334118028379034,3.3849112747825534,3.334118028379034,3.3770971298217773
2003-04-09,3.353654163413835,3.3823061543013995,3.3523514953234392,3.378398895263672
2003-04-10,3.2481603431879345,3.2481603431879345,3.1439685216649345,3.2325313091278076
2003-04-11,3.1257350565950373,3.141363716973346,2.9889841851306698,2.996798515319824
2003-04-14,2.6477583077731484,2.7975332736968994,2.6477583077731484,2.7975332736968994
2003-04-15,2.785810988816924,2.8756758654338666,2.738925014836336,2.857442617416382
2003-04-16,2.870466627298798,2.957727121088919,2.8014403174326445,2.9447028636932373
2003-04-17,3.0671273342732994,3.125734900927351,3.050196006910853,3.063220262527466
2003-04-21,3.072338025414219,3.0762450981333105,3.015032367014438,3.0228466987609863
2003-04-22,3.026752881625966,3.0840585231781006,3.026752881625966,3.0840585231781006
2003-04-23,3.0606151650554567,3.1231297930959245,3.0449865080453398,3.1218271255493164
2003-04-24,3.0801512913493867,3.1192229365623354,3.0736386984015107,3.1088032722473145
2003-04-25,3.0996870276844612,3.2299256590418475,3.097081692406245,3.2208092212677
2003-04-28,3.2950466920379937,3.3289086092698135,3.2950466920379937,3.3171868324279785
2003-04-29,3.321092895769379,3.3497456209120355,3.2650897404587536,3.3393261432647705
2003-04-30,3.3471406488721582,3.3718864917755127,3.340629173292268,3.3718864917755127
2003-05-01,3.3601662198117275,3.438309542282912,3.3601662198117275,3.430495023727417
2003-05-02,3.4513320725064585,3.4969153774374937,3.405748022342249,3.4109575748443604
2003-05-05,3.4435186420161736,3.455240044415202,3.412260947924325,3.4383087158203125
2003-05-06,3.503426203561142,3.503426203561142,3.4591455791271546,3.489100217819214
2003-05-07,3.477379618830162,3.4799842088900914,3.437005491968423,3.4487268924713135
2003-05-08,3.44482068582956,3.4461233538735914,3.3210940500502266,3.351048707962036
2003-05-09,3.3536540537516784,3.4265878145262936,3.3536540537516784,3.3862133026123047
2003-05-12,3.3979347025502378,3.4304946966042933,3.3862132984514717,3.391423225402832
2003-05-13,3.4044473407606763,3.417470667837512,3.3862133414329048,3.412261486053467
2003-05-14,3.418773243786009,3.4643565641020047,3.4174705757583737,3.4448206424713135
2003-05-15,3.4578447592995682,3.546406800715464,3.438308839520567,3.542499542236328
2003-05-16,3.555524169663697,3.5685482410629064,3.4917064806392584,3.5464069843292236
2003-05-19,3.5229634452515612,3.541197439514008,3.516451597213745,3.516451597213745
2003-05-20,3.5424997572551153,3.594595670700073,3.5424997572551153,3.5945956707000732
2003-05-21,3.6063177552052257,3.7404642639394514,3.6063177552052257,3.6987874507904053
2003-05-22,3.7183233754441023,3.7404642639394514,3.672739675457733,3.6987874507904053
2003-05-23,3.698787069615914,3.792559051149965,3.698787069615914,3.7730231285095215
2003-05-27,3.7873484525339727,3.844653530924686,3.7873484525339727,3.8133962154388428
2003-05-28,3.802978924737865,3.802978924737865,3.6987874507904053,3.6987874507904053
2003-05-29,3.6987851450217244,3.7352523803710938,3.6831564895647966,3.7352523803710938
2003-05-30,3.750881528327282,3.8485607309127157,3.735252870818276,3.8420488834381104
2003-06-02,3.84335249323467,3.907169818878174,3.84335249323467,3.907169818878174
2003-06-03,3.8550720115312425,3.9905211150178053,3.8550720115312425,3.959263801574707
2003-06-04,3.990520797378473,4.128573361838533,3.990520797378473,4.1155500411987305
2003-06-05,4.102526758742566,4.17676279328279,4.102526758742566,4.168948650360107
2003-06-06,4.158529928222537,4.158529928222537,4.103829437154116,4.116852760314941
2003-06-09,4.135087299106492,4.135087299106492,4.069967321170966,4.071269989013672
2003-06-10,4.08950392249096,4.099923403888124,4.06475881859995,4.088201999664307
2003-06-11,4.092109205476231,4.205417105146453,4.092109205476231,4.2041144371032715
2003-06-12,4.236673802554048,4.365610346063738,4.218439806205042,4.330445766448975
2003-06-13,4.363004426286661,4.4606836354216854,4.274442027797338,4.3278398513793945
2003-06-16,4.360398775359388,4.458077960730759,4.314815478453733,4.4541707038879395
2003-06-17,4.450266302244733,4.576598278115774,4.450266302244733,4.568783760070801
2003-06-18,4.551852338167458,4.551852338167458,4.39296111565179,4.429427623748779
2003-06-19,4.348678872960696,4.352586131147224,4.278349716069783,4.2848615646362305
2003-06-20,4.271837134085119,4.297884521606898,4.146807512804571,4.194995403289795
2003-06-23,4.219743048792221,4.219743048792221,4.149413879983725,4.2028117179870605
2003-06-24,4.172855947417732,4.257510715779698,4.172855947417732,4.2392778396606445
2003-06-25,4.296583393928904,4.336957902383255,4.271838665008545,4.271838665008545
2003-06-26,4.262679593769655,4.29146433715109,4.24436294860612,4.271838665008545
2003-06-27,4.291464097269343,4.341182039678982,4.284921583039936,4.326789855957031
2003-06-30,4.298005255263753,4.330714830007344,4.2522125244140625,4.2522125244140625
2003-07-01,4.2195031547403365,4.231278407569482,4.218194502170458,4.227353572845459
2003-07-02,4.223431283933247,4.244365621911692,4.197263829371187,4.201189041137695
2003-07-03,4.193336199021195,4.317631244659424,4.193336199021195,4.317631244659424
2003-07-07,4.25744487137285,4.282304023921637,4.244361717619911,4.261369705200195
2003-07-08,4.261370552062475,4.261370552062475,4.180251688583116,4.194643497467041
2003-07-09,4.1737085534562635,4.177633760751848,4.147540380042908,4.158008098602295
2003-07-10,4.088664889654503,4.112215765560863,4.069039222120615,4.104365348815918
2003-07-11,4.096515769828709,4.146234836495503,4.074273916045393,4.100440979003906
2003-07-14,4.109599723269166,4.1410006455173995,4.088665400775156,4.0978240966796875
2003-07-15,3.9839955580737176,4.027172105807369,3.948669802194153,3.968295097351074
2003-07-16,3.9774542817409224,4.023247012752575,3.92511903683178,4.015396595001221
2003-07-17,3.964369687938691,4.021937661243752,3.964369687938691,3.9931540489196777
2003-07-18,3.9696039399474055,4.095208006072834,3.9525948259368455,4.069039821624756
2003-07-21,4.100440282032051,4.1671673293542755,4.100440282032051,4.141000270843506
2003-07-22,4.121374374105006,4.137074832937982,4.042872079940128,4.050722122192383
2003-07-23,4.048108070437474,4.121376542546058,4.041565554073275,4.110909938812256
2003-07-24,4.121374975530123,4.182868167519857,4.0965154441729545,4.0978240966796875
2003-07-25,4.110908715836685,4.165860147152502,4.110908715836685,4.15277624130249
2003-07-28,4.154085511217105,4.1606272779499465,4.146235466003418,4.146235466003418
2003-07-29,4.141000657229867,4.146234518614563,4.126608848571777,4.126608848571777
2003-07-30,4.0559575182059175,4.0886663519128295,4.0559575182059175,4.07427453994751
2003-07-31,4.057264569100929,4.069039821624756,4.036330994796641,4.069039821624756
2003-08-01,4.088666085702478,4.117450456416201,4.015397254849379,4.072965621948242
2003-08-04,4.088664707391764,4.088664707391764,4.033712915612191,4.05595588684082
2003-08-05,4.088665148821828,4.231277942657471,4.088665148821828,4.231277942657471
2003-08-06,4.212962092018703,4.270530461855281,4.1645520457278575,4.258755207061768
2003-08-07,4.239128801030288,4.286230186401582,4.237820148468018,4.237820148468018
2003-08-08,4.252212706353249,4.2561379153829915,4.186793554066982,4.237820148468018
2003-08-11,4.304546471326466,4.3228642351207816,4.28492080384977,4.3084716796875
2003-08-12,4.309780483213788,4.309780483213788,4.219502925872803,4.219502925872803
2003-08-13,4.232586507998945,4.232586507998945,4.19726037979126,4.19726037979126
2003-08-14,4.186793610158745,4.186793610158745,4.0755824722305976,4.105674743652344
2003-08-15,4.121376385685787,4.226046162326675,4.121376385685787,4.212962627410889
2003-08-18,4.231278382970805,4.244362662622302,4.186793554066982,4.237820148468018
2003-08-19,4.252213969933428,4.252213969933428,4.193337314305766,4.209037780761719
2003-08-20,4.2103430669511805,4.43538332054575,4.182866986992141,4.415757656097412
2003-08-21,4.474634787968163,4.474634787968163,4.4249168565728905,4.44846773147583
2003-08-22,4.474635026886901,4.482485443716532,4.341181309739469,4.354265213012695
2003-08-25,4.371274235375563,4.383049488067627,4.347723355662901,4.383049488067627
2003-08-26,4.396132096206601,4.473325729370117,4.364731182073786,4.473325729370117
2003-08-27,4.415758467364616,4.455009803472584,4.411833258888123,4.441925525665283
2003-08-28,4.449775635106298,4.49426045466587,4.432767272983356,4.44846773147583
2003-08-29,4.468094632597051,4.5204291343688965,4.468094632597051,4.5204291343688965
2003-09-02,4.546595446838887,4.551828558393978,4.499494073887129,4.519119739532471
2003-09-03,4.499495586637288,4.5400544607959405,4.498186933980103,4.533513069152832
2003-09-04,4.481177790129311,4.521737787017828,4.474636024198901,4.5204291343688965
2003-09-05,4.500801012763549,4.612012844698157,4.500801012763549,4.568836688995361
2003-09-08,4.577996332279813,4.577996332279813,4.375197913376858,4.466784477233887
2003-09-09,4.469401976171581,4.592389106750488,4.469401976171581,4.592389106750488
2003-09-10,4.461554080318006,4.461554080318006,4.422303093143368,4.451087474822998
2003-09-11,4.409217336286329,4.478560949134442,4.405292501574417,4.468094348907471
2003-09-12,4.47463488706815,4.533511888465222,4.456318246580622,4.506035804748535
2003-09-15,4.526971030848274,4.553138467489348,4.4955701068789855,4.551829814910889
2003-09-16,4.572762243907798,4.604163157437158,4.560986994916392,4.580612659454346
2003-09-17,4.592389106750488,4.600239524345468,4.579305202201694,4.592389106750488
2003-09-18,4.596313220178174,4.664348908692365,4.595004568005206,4.657806396484375
2003-09-19,4.723226360849081,4.7755608528002895,4.723226360849081,4.73238468170166
2003-09-22,4.7690202109076045,4.7690202109076045,4.636875110349953,4.638182640075684
2003-09-23,4.644723767796837,4.651265532086116,4.609397641709183,4.617248058319092
2003-09-24,4.577996465051804,4.61855570081458,4.553137312964108,4.576687812805176
2003-09-25,4.566223442585647,4.612016186687806,4.559680926817886,4.579306602478027
2003-09-26,4.599014124875631,4.599014124875631,4.526744249851836,4.539884090423584
2003-09-29,4.467614215399789,4.5530243069349225,4.4373916798297515,4.539884090423584
2003-09-30,4.572734462535988,4.613468645167176,4.546454405344834,4.584560394287109
2003-10-01,4.610840674074495,4.7133330983943935,4.610840674074495,4.710705280303955
2003-10-02,4.717275761913862,4.7764058113098145,4.713333658370216,4.7764058113098145
2003-10-03,4.769837237039573,4.894667283208798,4.769837237039573,4.807942867279053
2003-10-06,4.835537227939741,4.901237964630127,4.835537227939741,4.901237964630127
2003-10-07,4.959053697484576,5.052347660064697,4.928831900223851,5.052347660064697
2003-10-08,5.057603927494792,5.161410666997754,5.039208067691303,5.053661823272705
2003-10-09,5.065486819363428,5.077312753016249,4.955110185471584,4.999786853790283
2003-10-10,5.078628249378673,5.26784473671369,5.078628249378673,5.2165985107421875
2003-10-13,5.269158292910726,5.308578582578831,5.269158292910726,5.304636478424072
2003-10-14,5.242877679950393,5.451804276230449,5.22316753857914,5.365079879760742
2003-10-15,5.347998423423874,5.372964957417188,5.269158221101852,5.2836127281188965
2003-10-16,5.321718641689846,5.5490411272123445,5.290182561295751,5.518819332122803
2003-10-17,5.531957827929767,5.531957827929767,5.403184975914186,5.4452338218688965
2003-10-20,5.479396464690872,5.49910659964521,5.413696516095819,5.441290855407715
2003-10-21,5.425523724787766,5.556923643827038,5.422895154978761,5.529329299926758
2003-10-22,5.610799250760119,5.646277432002686,5.522760940246972,5.531959056854248
2003-10-23,5.500422655045261,5.500422655045261,5.4084422462740855,5.418953895568848
2003-10-24,5.42946529318951,5.472827671221455,5.396614938449017,5.400557041168213
2003-10-27,5.380847485512613,5.392673794949355,5.350625697235559,5.383475303649902
2003-10-28,5.383475064556047,5.525387763977051,5.366393495543014,5.525387763977051
2003-10-29,5.571378693685236,5.57269222683958,5.545097880227669,5.555610656738281
2003-10-30,5.584518347198909,5.7027788162231445,5.574006698155963,5.7027788162231445
2003-10-31,5.702777655003151,5.702777655003151,5.591087882230138,5.690951347351074
2003-11-03,5.663358479865817,5.6646727649307,5.598972797393799,5.598972797393799
2003-11-04,5.613426590374311,5.687010765075684,5.613426590374311,5.687010765075684
2003-11-05,5.673872184770787,5.689640224671774,5.63050979308828,5.63707971572876
2003-11-06,5.673872904306138,5.6830702708535625,5.5122500049000696,5.5621819496154785
2003-11-07,5.604228786341177,5.663358836030973,5.604228786341177,5.641021251678467
2003-11-10,5.701465292664729,5.789502844148549,5.701465292664729,5.74745512008667
2003-11-11,5.74745718591437,5.74745718591437,5.602916978176317,5.631824493408203
2003-11-12,5.715919691137542,5.777677563040358,5.715919691137542,5.756654262542725
2003-11-13,5.742198195334757,5.827609048380084,5.742198195334757,5.782932758331299
2003-11-14,5.771108678032031,5.775050406349713,5.721176735883612,5.748770713806152
2003-11-17,5.742199185476684,5.801329612731934,5.709349574678819,5.801329612731934
2003-11-18,5.801329114525997,5.869657652500557,5.801329114525997,5.843377590179443
2003-11-19,5.886739103895018,5.886739103895018,5.76847865297934,5.781618118286133
2003-11-20,5.8000164042338636,5.948498683429724,5.8000164042338636,5.930102825164795
2003-11-21,5.874913421326159,5.893309276218211,5.857831099571108,5.886739730834961
2003-11-24,5.886740689265875,5.886740689265875,5.798701999882879,5.824981689453125
2003-11-25,5.8801695232337945,6.1061784436579565,5.8801695232337945,6.0378499031066895
2003-11-26,6.1101179170180675,6.33218463837109,6.1101179170180675,6.313788414001465
2003-11-28,6.379491151978044,6.767121761222222,6.372920478978611,6.665943622589111
2003-12-01,6.673828091679306,6.898522711111979,6.648861939311309,6.740842342376709
2003-12-02,6.780261741486516,7.075912676402279,6.738213648620944,6.88538122177124
2003-12-03,6.964223018922552,6.964223018922552,6.696166002963745,6.722446441650391
2003-12-04,6.707992104649993,6.711934207924425,6.470157638167408,6.698794364929199
2003-12-05,6.72770448131165,6.922177391042211,6.656748098580255,6.886699199676514
2003-12-08,6.951083576636051,7.099566221679503,6.945827939723047,7.073286533355713
2003-12-09,7.082480256356472,7.082480256356472,6.8985202672738,6.915602207183838
2003-12-10,6.895894892936218,6.895894892936218,6.497751491955095,6.740842342376709
2003-12-11,6.65017653351439,6.65017653351439,6.547684101101629,6.592360019683838
2003-12-12,6.655434409941926,6.80391709599616,6.647550952395018,6.704052448272705
2003-12-15,6.704052525981649,6.748729211996634,6.591048029157212,6.729018688201904
2003-12-16,6.826252450248801,6.990503501339311,6.803914866698726,6.924802780151367
2003-12-17,6.924801915771894,6.98787405888629,6.835450088966128,6.94976806640625
2003-12-18,6.949769684758327,6.953711788605858,6.894581734651751,6.901151657104492
2003-12-19,6.890638884512008,6.890638884512008,6.79340283973551,6.872243404388428
2003-12-22,6.916918767495888,7.074599901270264,6.886696976254108,7.0470051765441895
2003-12-23,7.102194998645181,7.135045365362776,7.052262681835871,7.085113048553467
2003-12-24,7.121901284459953,7.2125673800785,7.062771254790427,7.194171905517578
2003-12-26,7.292722108756766,7.47011294728898,7.2795815175431535,7.459600925445557
2003-12-29,7.509666826384769,7.746814350623791,7.460919253135101,7.59135103225708
2003-12-30,7.591352180756648,7.767895272259624,7.529429945089676,7.688846588134766
2003-12-31,7.7402233928589235,7.7402233928589235,7.536012597045785,7.588712692260742
2004-01-02,7.720465301166185,7.869340544086018,7.67303549319326,7.759989261627197
2004-01-05,7.848262855390018,7.981329453671439,7.773165953849582,7.960248947143555
2004-01-06,8.036661114983529,8.036661114983529,7.645368045363341,7.70070219039917
2004-01-07,7.615065021303166,7.615065021303166,7.22640750667603,7.424030303955078
2004-01-08,7.424028889402276,7.60715847903715,7.401630628098542,7.528109073638916
2004-01-09,7.081486119678074,7.341031241576938,7.07489879101197,7.232996940612793
2004-01-12,6.877273995977586,7.124961404820781,6.3515973241106005,7.097294330596924
2004-01-13,7.007702661650548,7.124958999662691,6.856191934150265,7.095974922180176
2004-01-14,7.015609703133059,7.073578628085007,6.887813459452012,6.9457831382751465
2004-01-15,6.811398618419641,6.831161348840657,6.596648640318489,6.72444486618042
2004-01-16,6.653300202047448,6.702047011459113,6.59006097569647,6.640124797821045
2004-01-20,6.699414901905814,7.009023831863418,6.699414901905814,6.969499111175537
2004-01-21,6.929974730160391,6.929974730160391,6.831163311282234,6.8917670249938965
2004-01-22,6.89176317476498,6.90230304350538,6.744205012399389,6.766602516174316
2004-01-23,6.77846266408732,6.786367757920046,6.629587417550923,6.7007317543029785
2004-01-26,6.7257635615951665,6.758700951289661,6.5979680576327695,6.6019206047058105
2004-01-27,6.68623841105703,6.736302998906594,6.061750337575882,6.383216857910156
2004-01-28,6.22511898729784,6.238294018200704,5.858858179135601,5.886525630950928
2004-01-29,5.919461137713094,6.05516208316557,5.736331145469288,5.881254196166992
2004-01-30,5.955035783221286,6.013005860603667,5.865447205640155,5.977433681488037
2004-02-02,5.978747816746306,6.014319978737331,5.887841138665295,5.895746231079102
2004-02-03,5.895747840568082,5.895747840568082,5.686267734578109,5.744237422943115
2004-02-04,5.771905055481838,5.862811384254862,5.652013504694403,5.750824928283691
2004-02-05,5.753457914971888,5.84436421540509,5.731060781534173,5.8259196281433105
2004-02-06,5.923415635529439,6.0433071971388115,5.923415635529439,5.981385707855225
2004-02-09,6.073606723663398,6.073606723663398,5.903651004455306,5.936588764190674
2004-02-10,5.958987045433484,5.962939592690237,5.8931130168539925,5.928685188293457
2004-02-11,5.935272229444902,6.059115939987428,5.902335593679682,6.040671348571777
2004-02-12,6.060435097243089,6.094689507845459,6.006417569840982,6.044625282287598
2004-02-13,6.084147496444846,6.132893934597454,6.047257566508798,6.08019495010376
2004-02-17,6.160561337160721,6.364772221810844,6.160561337160721,6.327882289886475
2004-02-18,6.376629472078255,6.491251067085872,6.312072841391843,6.363454818725586
2004-02-19,6.375312062449142,6.425376652640219,6.218531718701697,6.376629829406738
2004-02-20,6.343691797267126,6.343691797267126,6.219848101300693,6.2224836349487305
2004-02-23,6.23170509694269,6.239609812391754,6.065701926221289,6.092051982879639
2004-02-24,6.0801961258011525,6.102592887569881,6.0538456861201375,6.082830905914307
2004-02-25,6.053845611993531,6.07097319026187,5.989289353719683,6.016956806182861
2004-02-26,5.9616228300147185,6.111816239661268,5.941860469836234,6.106545925140381
2004-02-27,6.113132061421886,6.293628048173864,6.113132061421886,6.288357734680176
2004-03-01,6.343692259019625,6.364772760382454,6.264643582861767,6.347644805908203
2004-03-02,6.396391919108146,6.4135183646015435,6.262008350098465,6.281770706176758
2004-03-03,6.225117955732636,6.2514672593007665,6.179006297552845,6.20930814743042
2004-03-04,6.192182242714557,6.251468945606296,6.172419882772089,6.221167087554932
2004-03-05,6.304167928330083,6.397709402167578,6.283087803878162,6.392439842224121
2004-03-08,6.3937552962664475,6.48466159103065,6.3937552962664475,6.404295921325684
2004-03-09,6.383216879973137,6.425376374335076,6.254103616957506,6.258056163787842
2004-03-10,6.259371640283431,6.259371640283431,6.009049892425537,6.009049892425537
2004-03-11,5.986652735461801,6.213260743478749,5.948446169595045,6.08019495010376
2004-03-12,6.093369373542932,6.119719431835234,6.028813125388418,6.05516242980957
2004-03-15,6.040672080587607,6.040672080587607,5.885208728548474,5.887843132019043
2004-03-16,5.977431857878331,6.053845377426689,5.9128748482345905,5.947129249572754
2004-03-17,5.973478439702806,6.026177424012954,5.901016723756059,5.939223289489746
2004-03-18,5.972161579295964,6.509695522513117,5.972161579295964,6.389804363250732
2004-03-19,6.372676524086929,6.377945329053295,6.258054949855099,6.333151817321777
2004-03-22,6.356866922991594,6.376628901251533,6.269912786292685,6.34896183013916
2004-03-23,6.437234998925586,6.468854624530926,6.359503325078543,6.379265308380127
2004-03-24,6.379264749008398,6.434599654369155,6.271230849195372,6.431964874267578
2004-03-25,6.456994850110787,6.558441775067303,6.438550640001503,6.474122047424316
2004-03-26,6.554489284945589,6.554489284945589,6.310754089666295,6.346325874328613
2004-03-29,6.469237314137186,6.482453880383306,6.3714391100281755,6.461307525634766
2004-03-30,6.485097323771289,6.56439294540665,6.4573438183875975,6.490384101867676
2004-03-31,6.502276730929607,6.684658061106258,6.502276730929607,6.576286315917969
2004-04-01,6.572321756739419,6.6939093163795915,6.5419252449424725,6.666155815124512
2004-04-02,6.672762993476641,6.683335790719791,6.601396423028851,6.633114814758301
2004-04-05,6.647653220923299,6.7652758864968074,6.589503207940865,6.720341682434082
2004-04-06,6.720342041069914,6.753382321358596,6.680693855968742,6.705804347991943
2004-04-07,6.721662750594752,6.721662750594752,6.589502408747857,6.63443660736084
2004-04-08,6.6119683779633585,6.615933270952709,6.424301817974157,6.479808807373047
2004-04-12,6.475843684949853,6.475843684949853,6.409763145769863,6.458662986755371
2004-04-13,6.4850955224347135,6.493024553037424,6.130906821939465,6.216810703277588
2004-04-14,6.112403091534268,6.182448524748013,5.959097553876618,6.050288200378418
2004-04-15,6.0661474206421415,6.173196883053137,6.063504410761871,6.171875
2004-04-16,6.171876218296437,6.370116366742381,6.171876218296437,6.331790447235107
2004-04-19,6.343683945568302,6.38861889783281,6.306678779730008,6.310643672943115
2004-04-20,6.2776047772809065,6.278925904331873,6.052932262420654,6.052932262420654
2004-04-21,5.980243835201996,5.980243835201996,5.793898017679332,5.852048397064209
2004-04-22,5.867907750374987,6.19698632621003,5.867907750374987,6.1613030433654785
2004-04-23,6.171876045670938,6.236634714178337,6.027822151851792,6.052932262420654
2004-04-26,6.104474818009023,6.183771183520654,6.096545408325715,6.153374671936035
2004-04-27,6.178484979462579,6.21945391004038,6.113726308087152,6.158660888671875
2004-04-28,6.072755549472397,6.072755549472397,5.848083806552536,5.861299991607666
2004-04-29,5.8546913320084615,5.973635099259692,5.800505846440968,5.863942623138428
2004-04-30,5.815042186540652,5.830901378066905,5.751605420435641,5.752927303314209
2004-05-03,5.713281005177012,5.914164163584132,5.713281005177012,5.8533711433410645
2004-05-04,5.903592510073814,6.130908070623018,5.903592510073814,6.107119083404541
2004-05-05,6.171875778097056,6.26042342628348,6.112403889050243,6.2353129386901855
2004-05-06,6.231348384918749,6.277604847306492,6.013284149672317,6.152052402496338
2004-05-07,6.117691566563317,6.117691566563317,5.959099208896565,5.964385986328125
2004-05-10,5.748963554946779,5.821652003214943,5.73310436026455,5.805792808532715
2004-05-11,5.848083164037535,5.948525100704697,5.805792359601409,5.927379131317139
2004-05-12,5.945883061506815,5.955134733017673,5.799185384905445,5.867908954620361
2004-05-13,5.877158822815652,5.881123715897937,5.815043172827894,5.874515056610107
2004-05-14,5.874514255771695,5.87715802161683,5.775394210905123,5.8018269538879395
2004-05-17,5.815043042938625,5.836189012867474,5.722531645913827,5.7463202476501465
2004-05-18,5.778038528999485,5.911519980351324,5.746320141859661,5.896982669830322
2004-05-19,6.010641216716167,6.3278255286033875,6.010641216716167,6.198308944702148
2004-05-20,6.202271122140356,6.385973119748116,6.171873491045115,6.318571090698242
2004-05-21,6.337076415592015,6.348971095932026,6.276282643119905,6.301393508911133
2004-05-24,6.314609174773964,6.4097643523816545,6.277604761595149,6.387297630310059
2004-05-25,6.3106440559646435,6.697873412718819,6.3106440559646435,6.646331310272217
2004-05-26,6.642364435406067,6.814172148537392,6.6106460534637055,6.707122325897217
2004-05-27,6.799638583445135,6.978055062647662,6.770563193319339,6.951623439788818
2004-05-28,6.937084166333651,6.937084166333651,6.86571758311083,6.9119744300842285
2004-06-01,6.811529613489427,6.872323372169421,6.7745244538664995,6.849855899810791
2004-06-02,6.906687206649261,6.906687206649261,6.781135508600205,6.811532020568848
2004-06-03,6.897432380285417,7.030914561398822,6.882895450759534,6.921221733093262
2004-06-04,6.918582636626717,7.091711568323969,6.918582636626717,7.057350158691406
2004-06-07,7.1168182645845475,7.282018058054645,7.1168182645845475,7.267480373382568
2004-06-08,7.217261765945346,7.235763590311308,7.057347199292699,7.104925155639648
2004-06-09,7.093033471101713,7.093033471101713,6.833999502167741,6.873647689819336
2004-06-10,6.823425946187526,6.897435535361182,6.786421529713797,6.811532020568848
2004-06-14,6.80624371578886,6.80624371578886,6.656903443790821,6.7044806480407715
2004-06-15,6.693910670219355,7.099641985163222,6.693910670219355,7.025632381439209
2004-06-16,7.001841751856459,7.20404678735449,6.984661050470528,7.186865329742432
2004-06-17,7.227832995117375,7.33488281773529,7.144572526120692,7.329596042633057
2004-06-18,7.377174692384318,7.558234090001531,7.377174692384318,7.493475437164307
2004-06-21,7.552949921142899,7.638854193588203,7.361317662407778,7.3771772384643555
2004-06-22,7.377176517006571,7.5291605769630365,7.361316942500996,7.514623641967773
2004-06-23,7.511981016284089,7.640176490178058,7.511981016284089,7.583346843719482
2004-06-24,7.61902851625203,7.661320460292838,7.547662703984258,7.585988998413086
2004-06-25,7.56087612852425,7.56219801131169,7.451183300168144,7.489509582519531
2004-06-28,7.541992723803362,7.7394545662526895,7.520788757388486,7.5499444007873535
2004-06-29,7.518137668396434,7.6639151118991595,7.515487362448931,7.649337291717529
2004-06-30,7.682467595772963,7.7686089715641415,7.633433530828694,7.7672834396362305
2004-07-01,7.797765785636412,7.816318685549568,7.699696882617165,7.707647800445557
2004-07-02,7.746080446143368,7.821619850886388,7.689094699141124,7.795114517211914
2004-07-06,7.658615107456072,7.818969625545556,7.587051533002313,7.744755744934082
2004-07-07,7.739452423728024,7.821618718731515,7.715598157693316,7.747404098510742
2004-07-08,7.760658034243828,7.767284177886252,7.673191118211349,7.7049970626831055
2004-07-09,7.686445756904163,7.818970173846755,7.659940418527432,7.8149943351745605
2004-07-12,7.821619186714543,7.951493263244629,7.789813243994104,7.951493263244629
2004-07-13,7.874632042576982,7.887885093688965,7.779214169465484,7.887885093688965
2004-07-14,7.89715905991855,8.0310089821266,7.89715905991855,7.968721866607666
2004-07-15,7.956793665214391,7.984623766921119,7.852098642545837,7.958118438720703
2004-07-16,7.977998824040071,8.052213457889106,7.873304533991582,8.00715446472168
2004-07-19,8.009806906714928,8.057516218581686,7.906437362931774,8.056191444396973
2004-07-20,8.029681092082436,8.029681092082436,7.92366130777268,7.966069221496582
2004-07-21,7.984628157857654,7.984628157857654,7.882583384398279,7.924992084503174
2004-07-22,7.861375383007273,8.004501720208898,7.861375383007273,7.975346088409424
2004-07-23,7.924990763941894,7.951495343987887,7.673192703622835,7.735479831695557
2004-07-26,7.715600898374387,7.758009592841849,7.5671738801499835,7.583076477050781
2004-07-27,7.548616775736121,7.654637336730957,7.381635396934566,7.654637336730957
2004-07-28,7.633435207141473,7.706323554600302,7.5539199569012725,7.567173004150391
2004-07-29,7.567173678418593,7.812344078825441,7.567173678418593,7.77788782119751
2004-07-30,7.758007717201005,7.8852314949035645,7.75668218514903,7.8852314949035645
2004-08-02,7.951498276233621,8.236426408368414,7.951498276233621,8.216547966003418
2004-08-03,8.170160143427635,8.170160143427635,7.960771560580872,8.04691219329834
2004-08-04,8.037637022673126,8.064143122760397,7.898486442882136,8.056191444396973
2004-08-05,8.023056755468598,8.091970009931465,7.95811933860104,8.001852035522461
2004-08-06,8.015105670905974,8.028358716638104,7.840172595389133,7.897159099578857
2004-08-09,8.004504502095662,8.009805114275913,7.759333368389064,7.946193218231201
2004-08-10,7.938240071296264,7.944866972764543,7.838846407347273,7.873303413391113
2004-08-11,7.8096903006564355,7.8096903006564355,7.686442389074483,7.779209136962891
2004-08-12,7.736803140252738,7.743429284009154,7.6453611431125355,7.662590026855469
2004-08-13,7.699693849967279,7.833544484592548,7.699693849967279,7.818965911865234
2004-08-16,7.792464674555732,8.135703950752706,7.761984259416078,8.089320182800293
2004-08-17,8.117148719018997,8.41267939613882,8.117148719018997,8.301358222961426
2004-08-18,8.31593557142636,8.559781864784322,8.286780695753915,8.505446434020996
2004-08-19,8.506773513132401,8.789051964925875,8.481594467844083,8.774474143981934
2004-08-20,8.831461769293876,8.880495854701257,8.614120699535825,8.65255355834961
2004-08-23,8.652549377477449,8.698932375510603,8.449786229730483,8.505446434020996
2004-08-24,8.565087054737772,8.578339346975277,8.417984790948323,8.439188003540039
2004-08-25,8.416653974568693,8.612790961470353,8.375570832784376,8.583635330200195
2004-08-26,8.557132568207217,8.656526235193917,8.5080977423988,8.537253379821777
2004-08-27,8.54785464393758,8.753268104040023,8.54785464393758,8.668452262878418
2004-08-30,8.667128333482642,8.679055847718843,8.449788079478088,8.490870475769043
2004-08-31,8.524004206980036,8.653878332516921,8.484246573998941,8.65255355834961
2004-09-01,8.676405459668704,9.089883516181485,8.671104089509367,9.009042739868164
2004-09-02,9.07662883684236,9.206502903459162,9.026270000114005,9.154818534851074
2004-09-03,9.194575237663912,9.194575237663912,9.00771543635954,9.076628684997559
2004-09-07,9.144218355003954,9.243612032775735,9.031571630765974,9.166747093200684
2004-09-08,9.023619977263973,9.211805335282003,8.994465097367618,9.125664710998535
2004-09-09,9.158796280554206,9.206504821777344,9.10446083686502,9.206504821777344
2004-09-10,9.191929530640227,9.210482434516264,9.022297781050831,9.038200378417969
2004-09-13,9.038196662141347,9.18132377116404,8.952055290354473,9.142890930175781
2004-09-14,9.144220459528217,9.309876374502041,9.113740038099476,9.274094581604004
2004-09-15,9.190600731102686,9.426494609440129,9.190600731102686,9.402640342712402
2004-09-16,9.429146010090902,9.601428783267506,9.382763003188721,9.463603019714355
2004-09-17,9.358909725319998,9.423847155165227,9.275418635759898,9.392041206359863
2004-09-20,9.52323647765431,9.747202790620282,9.515284804516991,9.728649139404297
2004-09-21,9.761786503022279,9.879733864774867,9.65576665818189,9.77636432647705
2004-09-22,9.834672852616999,9.879731846203272,9.753833590545792,9.798891067504883
2004-09-23,9.81479078235464,9.818766619039437,9.731299728600552,9.805514335632324
2004-09-24,9.779014735291902,9.885035339554838,9.779014735291902,9.861180305480957
2004-09-27,9.899610549367155,10.055989982410484,9.866479069350202,9.903586387634277
2004-09-28,9.924832131343187,10.278056823634568,9.924832131343187,10.224940299987793
2004-09-29,10.224942571534811,10.667138393990156,10.224942571534811,10.62995719909668
2004-09-30,10.517083100909835,10.680416530034845,10.459982734643464,10.522395133972168
2004-10-01,10.623313744719107,10.776023832784428,10.616674274782175,10.756105422973633
2004-10-04,10.75743279028486,10.983177790064657,10.570197169069028,10.935373306274414
2004-10-05,10.985836541453567,11.074806824680346,10.89819445642375,10.968574523925781
2004-10-06,10.980527125028166,11.386869220384744,10.973886892759355,11.373589515686035
2004-10-07,11.438655513551108,11.48646077026299,11.088086417072816,11.102693557739258
2004-10-08,11.280633517603388,11.287273748774748,11.06551175904071,11.105348587036133
2004-10-11,11.094726319686684,11.127924437022896,10.988493256017374,11.113316535949707
2004-10-12,11.086757590824956,11.086757590824956,10.624643428090192,10.765402793884277
2004-10-13,10.390931138907343,10.550280725760718,10.238221023193011,10.397570610046387
2004-10-14,10.378979004361785,10.608707883137997,10.378979004361785,10.48388385772705
2004-10-15,10.519737584849766,10.754778495610086,10.519737584849766,10.73884391784668
2004-10-18,10.809226741989423,10.922099300713962,10.486543648772242,10.544971466064453
2004-10-19,10.463967314634022,10.629957152029965,10.43740942694754,10.457327842712402
2004-10-20,10.523721600707406,10.608708043147553,10.513098295402388,10.560903549194336
2004-10-21,10.570199323399464,11.113315327449238,10.570199323399464,11.021689414978027
2004-10-22,11.050900128851909,11.187675614223261,10.949978381982232,11.016374588012695
2004-10-25,11.147843841889387,11.232830300374983,11.068169416978577,11.08144760131836
2004-10-26,11.101364012674699,11.232827502884005,11.054886959785454,11.215564727783203
2004-10-27,11.255405112962261,11.35367051562313,10.870309653083508,11.023019790649414
2004-10-28,10.98849334861834,11.001772291729203,10.681744899788958,10.722909927368164
2004-10-29,10.729548169075093,10.822501513452693,10.696350057615376,10.766729354858398
2004-11-01,10.866324512234188,10.981852680413363,10.75079558421623,10.822503089904785
2004-11-02,10.757434283845141,10.926078958184444,10.649873040625454,10.741498947143555
2004-11-03,10.8623397882989,11.01637809310032,10.8623397882989,10.988492012023926
2004-11-04,11.027001513542482,11.234156346330927,11.027001513542482,11.187679290771484
2004-11-05,11.284614087999628,11.418733953571738,11.202284059420847,11.382880210876465
2004-11-08,11.416079984239065,11.416079984239065,11.17439959905445,11.194318771362305
2004-11-09,11.169085082079365,11.413421032653888,11.169085082079365,11.293909072875977
2004-11-10,11.293912878113941,11.463885770564882,11.220877175989699,11.287273406982422
2004-11-11,11.2806329053872,11.297896441721512,11.19697465933052,11.234156608581543
2004-11-12,11.288601965377588,12.126516526508977,11.268683550006694,11.928657531738281
2004-11-15,12.095971978430793,12.123858057370802,11.718843534233043,11.83304500579834
2004-11-16,12.082696760509997,12.303130597516553,11.907411793782208,12.203536987304688
2004-11-17,12.28852196257321,12.416001646602057,12.219470846977012,12.34695053100586
2004-11-18,12.264617529139734,12.312422022223735,12.012313842773438,12.012313842773438
2004-11-19,12.045515538032685,12.523565200213147,12.0295809545408,12.349608421325684
2004-11-22,12.475755511703296,13.066677527122952,12.46778784285965,12.876786231994629
2004-11-23,12.964426030693497,13.046756056650338,12.747975383597277,12.76789379119873
2004-11-24,12.920608512193148,12.920608512193148,12.631122856897129,12.736027717590332
2004-11-26,12.980364619249313,13.49825094512365,12.980364619249313,13.365458488464355
2004-11-29,13.411934353170352,13.50887305616877,13.064022443796448,13.138384819030762
2004-11-30,13.138382717471941,13.364127722874748,13.046756821392885,13.093233108520508
2004-12-01,12.980362704476963,13.349521181288816,12.7599274413009,13.3256196975708
2004-12-02,13.223372300738076,13.39865798697577,12.416000296508695,12.88077163696289
2004-12-03,12.753291542276305,12.753291542276305,12.283210408128337,12.581991195678711
2004-12-06,12.555434428677032,12.733375033499795,12.442561872437816,12.562074661254883
2004-12-07,12.595268607992512,12.728060306262462,11.87155487820358,11.9512300491333
2004-12-08,11.380225970627436,11.858275457213436,11.349684253580321,11.787896156311035
2004-12-09,11.821094362975119,12.393425401367056,11.685647032699293,12.070741653442383
2004-12-10,12.27922601470608,12.341637654140333,12.151746339389375,12.264618873596191
2004-12-13,12.285867863909802,12.368197933606595,12.10394342377806,12.33101749420166
2004-12-14,12.28320713137243,12.28320713137243,12.0906594627824,12.170333862304688
2004-12-15,12.218138423311238,12.581987132194339,12.218138423311238,12.548789024353027
2004-12-16,12.575348363877156,12.613858507776525,12.36288303245776,12.412014961242676
2004-12-17,12.413346225141233,12.593943207153707,12.349606382021136,12.535513877868652
2004-12-20,12.61518883988494,13.139715477823772,12.551448997885533,13.014890670776367
2004-12-21,13.145025430241297,13.145025430241297,12.902016832143262,12.953805923461914
2004-12-22,12.953805771358672,13.028169671849584,12.655025010584621,12.721421241760254
2004-12-23,12.747979269535207,12.894049156149107,12.668304095165102,12.843589782714844
2004-12-27,13.079957670189698,13.09323509170292,12.925918609088077,12.945837020874023
2004-12-28,13.060038051040674,13.060038051040674,12.935214785121824,12.973723411560059
2004-12-29,13.066853582225923,13.382149120335773,13.066853582225923,13.370176315307617
2004-12-30,13.370174182941303,13.850436749748187,13.370174182941303,13.835801124572754
2004-12-31,13.869063391273,14.055314805280613,13.702768682145567,13.950216293334961
2005-01-03,14.002098495125434,14.002098495125434,12.915189064230995,13.303656578063965
2005-01-04,13.403430262782596,13.662850560540953,13.398107665252397,13.456644058227539
2005-01-05,13.449996394645364,13.463299847523203,12.340471220580284,12.480159759521484
2005-01-06,12.480158247572547,12.791463270151194,12.312532173398967,12.746231079101562
2005-01-07,12.871286432526764,12.927161540884716,12.595900556171662,12.731597900390625
2005-01-10,12.971065606591834,13.306317824707671,12.67971570028016,13.014967918395996
2005-01-11,13.370172809347213,13.390127986655722,13.170617991297256,13.262413024902344
2005-01-12,13.641564909983858,13.745332725900026,13.449992503497137,13.529814720153809
2005-01-13,13.649546991842245,13.956861529781511,13.41008034699603,13.853092193603516
2005-01-14,14.008749496631914,14.008749496631914,13.60963980701297,13.729373931884766
2005-01-18,13.769281169020136,13.849103393337002,13.637574270524963,13.73336124420166
2005-01-19,13.805201530456543,13.8690590074332,13.653539451706102,13.805201530456543
2005-01-20,13.725379084126862,13.769281384311695,13.310304729175042,13.593673706054688
2005-01-21,13.65753525727983,13.952875600769639,13.589685812435237,13.84910774230957
2005-01-24,13.94888173188357,14.567501347628864,13.889014678996245,14.511626243591309
2005-01-25,14.75907827304976,14.846882904653807,14.53557626645894,14.74311351776123
2005-01-26,14.84687784731954,14.84687784731954,13.809191944277984,14.395883560180664
2005-01-27,13.968833699195331,14.527587656155964,13.02294452928765,13.932913780212402
2005-01-28,13.976821168890272,14.1364641273161,13.118734748352011,13.242459297180176
2005-01-31,13.402103287072014,13.72937309070968,13.09079671295426,13.709416389465332
2005-02-01,13.769281346986325,14.467723154442155,13.71340624598703,14.224266052246094
2005-02-02,14.304087899692941,14.567500170646435,14.228257624980456,14.47570514678955
2005-02-03,14.539559215358075,14.990553376918516,14.308074974430479,14.958623886108398
2005-02-04,15.142222810470479,15.513394986129535,14.96661507501742,15.349760055541992
2005-02-07,15.413606549248051,15.764823291919884,15.25795410717807,15.329793930053711
2005-02-08,15.32581569691737,15.381690820828156,15.066393738779643,15.293886184692383
2005-02-09,15.273924348133058,15.317826647079004,14.970600204042311,15.066387176513672
2005-02-10,15.046438590801062,16.01228350066858,15.046438590801062,15.964390754699707
2005-02-11,16.108067357021937,17.429119458585365,15.86461020214649,16.88633155822754
2005-02-14,17.061942621759407,17.1297905516857,16.16793606946361,16.539108276367188
2005-02-15,16.858390988131315,17.44508109317975,16.762604009612716,16.934221267700195
2005-02-16,17.01804492533253,17.197644674623252,16.68279256748429,17.133787155151367
2005-02-17,17.548857736072147,17.935993192287256,17.26149820363783,17.496973037719727
2005-02-18,17.53288876054518,17.560826316978122,17.101849565609506,17.237546920776367
2005-02-22,17.425127516833808,17.832219548576322,17.201625561421494,17.592754364013672
2005-02-23,17.672574016008088,17.792308123582117,17.329339488925037,17.724458694458008
2005-02-24,17.70450350589846,19.33686196045899,17.556833368463796,18.63842010498047
2005-02-25,19.336864605293016,19.524445122561573,18.686315390343633,18.881879806518555
2005-02-28,19.320900808577328,19.320900808577328,17.959936771874585,18.203393936157227
2005-03-01,18.35903814697212,18.562583334796464,17.061932190936048,17.405166625976562
2005-03-02,16.762611455102697,17.947968038050963,16.46327910769015,17.477018356323242
2005-03-03,17.500960481095465,17.840204654028106,17.361272689141448,17.640649795532227
2005-03-04,17.760373244247962,18.578547437520296,17.71647095442911,18.08365249633789
2005-03-07,18.53864054376848,18.554605292578014,17.96791371492665,17.999841690063477
2005-03-08,18.22733104243177,18.562583100035834,18.047732976468374,18.235313415527344
2005-03-09,18.13554175567181,18.331106151991147,17.83221909477929,17.884103775024414
2005-03-10,17.560825556227833,17.700513332341163,16.563051376896706,16.82646369934082
2005-03-11,16.674800006501037,17.62069093442745,16.650854402871083,17.457056045532227
2005-03-14,17.66060965852507,17.70052003181096,16.682790288189196,16.88234519958496
2005-03-15,17.081891524707235,17.445081219989607,16.962158942550413,17.2894287109375
2005-03-16,17.377234419628834,17.60073484786684,16.98211519866418,17.417144775390625
2005-03-17,17.832223238979573,18.438870224231565,17.7683657417153,18.402950286865234
2005-03-18,18.75814891090041,19.751932363518964,18.61846117693974,19.280982971191406
2005-03-21,19.412697366082565,19.43664449839885,18.75815764093239,18.849952697753906
2005-03-22,18.558596278460374,19.113358375230085,18.518685927714664,18.706266403198242
2005-03-23,18.359043147678054,18.359043147678054,17.14574949600094,17.457056045532227
2005-03-24,17.63266372680664,17.88011127323915,17.141759060383666,17.63266372680664
2005-03-28,17.53288446075763,17.53288446075763,16.443315459632185,16.710718154907227
2005-03-29,16.714719501602403,17.09841427768681,15.767472546685426,15.967313766479492
2005-03-30,16.067231515878046,16.430942410163983,15.947327110282055,16.426944732666016
2005-03-31,16.962523752783895,17.781874049294917,16.714721044275382,17.68195343017578
2005-04-01,17.921766390756876,18.297467455390755,17.58603297301264,17.825841903686523
2005-04-04,18.045658398076792,18.22551423271062,17.58602309371511,17.773874282836914
2005-04-05,17.58602835764248,17.68195281953791,17.178352062755202,17.36620330810547
2005-04-06,17.21032342527371,17.490099864933214,17.150370459822536,17.458126068115234
2005-04-07,17.45812517932644,17.538061954302698,17.102408131582614,17.246294021606445
2005-04-08,17.218314954667864,17.470113716712177,17.062437570259,17.298250198364258
2005-04-11,17.298256170986626,17.37419681325232,16.706726320325135,16.86260223388672
2005-04-12,16.742697439677553,16.906567181753303,16.067234653983384,16.542856216430664
2005-04-13,16.470915315745177,16.490899135637726,15.33981464341556,15.391772270202637
2005-04-14,15.203913888832647,15.387767366775371,14.388561693608139,14.54843521118164
2005-04-15,14.584419937958318,14.988098726128003,14.42854243048526,14.544450759887695
2005-04-18,14.628374705240953,15.052038582919389,14.308629101647465,15.040048599243164
2005-04-19,15.779454281608837,16.183134188340496,15.207908569860084,15.823419570922852
2005-04-20,16.187146404442874,16.187146404442874,15.187939836267386,15.431746482849121
2005-04-21,15.64756882351749,15.859400038133055,15.123984255227658,15.799447059631348
2005-04-22,15.915355094788499,16.02326953964026,15.487694993709788,15.859399795532227
2005-04-25,15.983293477236764,16.151159286499023,15.635568830050508,16.151159286499023
2005-04-26,16.386977609370135,16.54685117152359,16.231101724837526,16.247089385986328
2005-04-27,16.183140533745572,16.187136686765232,15.451721033095872,15.587613105773926
2005-04-28,15.32781668660445,15.69552522161526,14.84819911218517,15.599600791931152
2005-04-29,15.98330251372139,15.98330251372139,15.359797316807203,15.539654731750488
2005-05-02,14.788246128611345,16.047246071049145,14.616382605683846,15.99528694152832
2005-05-03,16.386978140092715,16.42694576959186,15.795448380434815,16.043251037597656
2005-05-04,16.14716159719664,16.742687225341797,15.931332841842044,16.742687225341797
2005-05-05,16.98649971110073,17.266277658334644,16.830623840051494,16.898569107055664
2005-05-06,17.00648940693009,17.170359164553584,16.642778407099033,16.902572631835938
2005-05-09,16.97051826797301,17.48610904928945,16.97051826797301,17.470121383666992
2005-05-10,17.446139789901565,17.71392630320714,16.490897440674907,16.702730178833008
2005-05-11,16.786663116288594,16.930549044089307,16.331025361364716,16.86260223388672
2005-05-12,16.866597050155505,16.922552340434592,15.523663984788213,15.587613105773926
2005-05-13,15.587607504881513,15.651556602889228,14.816220652538394,15.227892875671387
2005-05-16,15.088018247610588,15.211920403292686,14.752284800451864,15.020072937011719
2005-05-17,15.04005142170382,15.487695350740891,15.020067603604124,15.371787071228027
2005-05-18,15.567629844415686,15.96731224594283,15.307835673556099,15.43973159790039
2005-05-19,15.563632040646363,15.583617380294891,15.327819364666842,15.435733795166016
2005-05-20,15.535653903646244,15.535653903646244,14.916146510808742,15.040048599243164
2005-05-23,14.820225234466013,15.34780592002945,14.820225234466013,15.259875297546387
2005-05-24,15.463715499828078,15.647570610046387,15.211916620574481,15.647570610046387
2005-05-25,15.587605923564462,15.587605923564462,15.008066424037077,15.3118257522583
2005-05-26,15.311837026318681,16.01927522977126,15.227902543106,15.943334579467773
2005-05-27,16.16714335087849,16.554834001486466,16.087206615557346,16.398958206176758
2005-05-31,16.331021502558883,16.638777103265678,16.03925356220062,16.526865005493164
2005-06-01,16.586814743623684,17.222309634546786,16.510875658737785,17.19033432006836
2005-06-02,17.226318055722686,17.334232531947563,16.45493057819035,16.49489974975586
2005-06-03,16.570829878245878,16.982503735846638,16.53086225308099,16.818634033203125
2005-06-06,17.01847587701549,17.126388774134007,16.65076730744919,16.77866554260254
2005-06-07,16.550841798773035,16.71071530755073,16.414949773712028,16.486892700195312
2005-06-08,16.486899608135932,16.55884256476301,16.10320485590313,16.267074584960938
2005-06-09,16.295054727806676,16.32303237915039,15.887378419368424,16.32303237915039
2005-06-10,16.414953680283176,16.80264604030203,16.36299454886473,16.734699249267578
2005-06-13,16.786664110182294,16.806647929189452,16.466918432064734,16.74669647216797
2005-06-14,16.746687226652114,17.018471284172335,16.63877283398966,16.986495971679688
2005-06-15,17.18634069855932,17.4461348306137,17.074430130741256,17.430147171020508
2005-06-16,17.58602492325782,17.9417420016224,17.58602492325782,17.85780906677246
2005-06-17,17.989703587040275,18.125595659750672,17.598015030326145,17.67795181274414
2005-06-20,17.60601233883621,17.610010017313808,17.146378417306803,17.18634605407715
2005-06-21,17.186344884565862,17.30225315784709,16.76268095015905,17.062442779541016
2005-06-22,17.142380192972897,17.458129697274238,17.09042104709187,17.378192901611328
2005-06-23,17.462118298985118,17.5180750990164,16.97850310514512,17.114395141601562
2005-06-24,17.130385439094432,17.326228933055503,16.578823379679378,16.734699249267578
2005-06-27,16.946534593513704,17.773877050458918,16.710721913414943,17.64198112487793
2005-06-28,17.72603497531105,17.910138829260504,17.40985562173926,17.866113662719727
2005-06-29,17.830082527593355,17.946148528614266,17.493892352501867,17.922134399414062
2005-06-30,17.88611922555866,17.970167939089414,17.665994986795493,17.910133361816406
2005-07-01,17.95015152464924,18.446432879756564,17.842091751648685,18.386398315429688
2005-07-05,18.19829363084118,18.750604925172528,17.34981262259957,18.554494857788086
2005-07-06,18.726591635378007,18.91069539342492,18.226308688462,18.386398315429688
2005-07-07,18.118247215972094,18.33036669488448,17.994176496692607,18.298349380493164
2005-07-08,18.29034619969923,18.52247671036038,18.03820314828483,18.05421257019043
2005-07-11,18.11024944752151,18.294353274381873,17.71802765374567,18.130260467529297
2005-07-12,18.210303452888894,18.910699739538465,18.130257857637538,18.83065414428711
2005-07-13,18.850669044687205,19.40698520657779,18.782631267090423,18.906702041625977
2005-07-14,19.090793116675382,19.090793116675382,18.35037361151161,18.490453720092773
2005-07-15,18.43041801131801,18.47444314191232,18.21429547571428,18.31435203552246
2005-07-18,18.382400924198965,18.910699714724878,18.382400924198965,18.82665252685547
2005-07-19,18.918699931206685,19.54305359288971,18.918699931206685,19.446998596191406
2005-07-20,19.53105008323427,20.19542591653029,19.014757606134218,19.33894157409668
2005-07-21,19.647115760995923,19.771186505509768,19.402977391295316,19.531049728393555
2005-07-22,19.6110986226735,19.72316155481675,19.495032570529165,19.635112762451172
2005-07-25,19.839224703554233,19.839224703554233,19.451004564382828,19.53905487060547
2005-07-26,19.410977172409016,19.410977172409016,19.282904867843847,19.350942611694336
2005-07-27,19.33493487098774,19.60708890201815,18.99474156882858,19.314922332763672
2005-07-28,19.45099811238835,19.803197693709812,19.186848808082807,19.599082946777344
2005-07-29,19.11081504438577,19.555066695979153,18.510475304771557,18.790634155273438
2005-08-01,18.774621748549006,19.274904785471268,18.61052897350821,19.050777435302734
2005-08-02,19.114810771939744,19.342941207592048,18.722589112292212,19.026762008666992
2005-08-03,18.870674809425356,19.286909092720933,18.83865596554127,19.162839889526367
2005-08-04,19.19485806669733,19.19485806669733,18.730595496774246,18.746604919433594
2005-08-05,18.730596512793333,18.81864681545336,17.906131048768202,18.290348052978516
2005-08-08,18.42643190942576,18.71059241172014,18.31436743005787,18.470457077026367
2005-08-09,18.570511938916933,18.650556024971696,18.386406571458984,18.558504104614258
2005-08-10,18.75861379645887,19.298920434764586,18.75861379645887,19.23488426208496
2005-08-11,19.23888588399595,19.69914692546185,19.23488429114739,19.555065155029297
2005-08-12,19.455004614117446,19.695139831889968,19.254891423726182,19.595083236694336
2005-08-15,19.651120740887322,19.71916004049161,18.918707032280427,19.19886589050293
2005-08-16,19.19485930319026,19.23888445496819,18.618533791011195,18.694576263427734
2005-08-17,18.68257776548767,18.846670610025754,18.0582237213523,18.258337020874023
2005-08-18,18.010185396347552,18.150264005399986,17.349811321117873,17.73402976989746
2005-08-19,17.942145293708347,18.56649732830341,17.930137466836964,18.434423446655273
2005-08-22,19.078792042530914,19.078792042530914,18.646548317926527,18.746604919433594
2005-08-23,18.910692072802753,19.090794207415964,18.518470494501823,18.594512939453125
2005-08-24,18.598527367446668,18.81464853366811,18.490466020964423,18.5064754486084
2005-08-25,18.530479986516863,18.67056012723082,18.29034478349634,18.6185302734375
2005-08-26,18.670568491367177,18.76662200490897,18.03420823886626,18.15427589416504
2005-08-29,18.19029168265317,18.582513403729166,18.19029168265317,18.578510284423828
2005-08-30,18.578509151298267,19.014755997669713,18.414416384869153,18.950719833374023
2005-08-31,19.090802323690923,20.651684591534888,18.9707346918172,20.15140151977539
2005-09-01,20.31549329811964,21.075924140156044,20.26346496049327,20.799768447875977
2005-09-02,20.79977074032999,20.79977074032999,19.97930523153656,20.29148292541504
2005-09-06,20.191427981483248,20.391541238927594,19.66312910396961,19.9312801361084
2005-09-07,19.87123944299662,20.183415516154938,19.76717973411558,19.927270889282227
2005-09-08,20.083359427639678,20.70370999761055,20.083359427639678,20.371522903442383
2005-09-09,20.61165990197001,21.612225916628752,20.519608011830517,21.520174026489258
2005-09-12,22.01244844333591,22.01244844333591,20.979863765339484,21.163969039916992
2005-09-13,21.212002603784992,21.212002603784992,20.17141440750398,20.27147102355957
2005-09-14,20.407544695943955,20.911829285414015,20.391535273613467,20.835786819458008
2005-09-15,20.91184246798231,20.931853495138853,20.307500898091018,20.59166145324707
2005-09-16,20.615656314658338,21.436121461933883,20.39553215208727,21.332061767578125
2005-09-19,21.484156222896804,22.148532077014448,21.484156222896804,21.89238739013672
2005-09-20,21.932413198015897,22.248592518223603,21.147969577817538,21.17198371887207
2005-09-21,21.532176186847625,21.896382085032553,21.3440708504723,21.708276748657227
2005-09-22,21.812338035425828,21.832349049375882,20.935842799776385,21.10393714904785
2005-09-23,20.911830446499273,21.075923217641332,20.619665343087444,20.899824142456055
2005-09-26,20.655681388174255,21.400102615356445,20.11137332843922,21.400102615356445
2005-09-27,21.25202194610702,21.372091091550846,20.71171689858023,21.09193229675293
2005-09-28,21.043852392717053,21.384432024619834,20.8475172269904,21.136009216308594
2005-09-29,21.236176048921187,21.837199899362354,21.144019241938132,21.548707962036133
2005-09-30,21.785107250233313,21.957400848723598,21.41247240033408,21.436513900756836
2005-10-03,21.36440062824478,21.83320016420591,21.236182291405513,21.76508331298828
2005-10-04,21.837199995590424,22.5343883377068,21.837199995590424,22.045555114746094
2005-10-05,22.037544610365384,22.14973525744907,20.947687369610957,21.23617935180664
2005-10-06,20.855529134974784,21.019808940707236,19.833788805249412,20.186389923095703
2005-10-07,20.623135716139995,20.907620020203407,20.354677555832318,20.847517013549805
2005-10-10,21.16405110529862,21.296277073826367,20.450836691249698,20.72330093383789
2005-10-11,21.156042499390036,21.188097843372578,20.903612015217757,21.043851852416992
2005-10-12,21.236173266899296,21.236173266899296,20.11426253208036,20.53497886657715
2005-10-13,20.83549805407792,20.875565708173323,19.304890434691607,20.070194244384766
2005-10-14,19.733622020449157,20.126290864037074,19.38502851628655,20.046154022216797
2005-10-17,20.43480721083609,21.019803285722286,20.406759558511578,20.803434371948242
2005-10-18,20.5790568186642,20.63114598017973,19.885876163429376,20.006080627441406
2005-10-19,19.67350808404213,19.933952293236114,19.07248439680888,19.893884658813477
2005-10-20,19.82577588722895,20.014097208057382,18.467462047722087,18.912220001220703
2005-10-21,18.79201920681159,19.292872580889906,18.675820857189457,18.940271377563477
2005-10-24,19.048452032164782,19.633448287781146,18.916226034514064,19.545297622680664
2005-10-25,19.933961735736776,20.042146234102454,19.40105308028544,19.7296142578125
2005-10-26,19.813755973627806,19.881871285730497,19.344956510839356,19.48920249938965
2005-10-27,19.61341114483859,19.937963032385092,18.912216681743626,19.07248878479004
2005-10-28,19.17266331580567,19.232766321954955,18.643762364230547,18.964309692382812
2005-10-31,19.05245539772687,19.573342419358422,19.05245539772687,19.152626037597656
2005-11-01,19.31290562117365,19.70156678421202,19.168659610774608,19.633451461791992
2005-11-02,19.68152807120962,20.54700239032762,19.433105297444268,20.206422805786133
2005-11-03,20.43480754407793,21.115968101243684,20.258507793951328,20.430801391601562
2005-11-04,20.534977762284374,20.591073066736357,19.693545138539832,19.949981689453125
2005-11-07,20.0261114541237,20.0261114541237,19.23276027615039,19.42108154296875
2005-11-08,19.35296939749086,19.753652000041324,19.06047128104696,19.621427536010742
2005-11-09,19.79371535028414,19.93395360849872,19.529264971592095,19.689537048339844
2005-11-10,19.77769178145282,19.849814765900014,19.060469618607183,19.45313835144043
2005-11-11,19.453136676611024,19.94998369019508,19.44913052381229,19.92193603515625
2005-11-14,19.813758128101398,20.030127134453988,19.63345062280757,19.817764282226562
2005-11-15,19.89789399827936,20.278542700199136,19.665498930132905,19.86984634399414
2005-11-16,19.93396135006033,20.534985310363655,19.80173534512177,20.53097915649414
2005-11-17,20.83549551950534,21.23217197212068,20.73933102149825,20.887584686279297
2005-11-18,21.23217682869284,21.23217682869284,21.035841634240654,21.140018463134766
2005-11-21,21.632854333364243,22.12168606795804,21.61682666246403,22.073604583740234
2005-11-22,22.362089546417618,22.362089546417618,21.861236451180115,22.069591522216797
2005-11-23,22.077609673573296,22.362095468656232,21.92935754609588,22.08161735534668
2005-11-25,22.22586205307379,22.562435464018865,22.00949310421996,22.518360137939453
2005-11-28,22.598498022654532,22.670621009011644,22.358087558636576,22.510347366333008
2005-11-29,22.610522078788307,23.159456881726022,22.562440588727377,23.031238555908203
2005-11-30,22.95109617877155,22.987157669731207,22.562435141187066,22.822877883911133
2005-12-01,22.82689325450339,23.187506757087885,22.778810231372265,23.09935760498047
2005-12-02,23.119382380826416,23.175477690697598,22.702672181093977,22.886985778808594
2005-12-05,23.287674571096996,23.375825240868735,23.087333251421562,23.311716079711914
2005-12-06,23.23958747401277,24.69005785045016,23.23958747401277,24.401567459106445
2005-12-07,24.597905429987673,25.639681143523347,24.597905429987673,25.098758697509766
2005-12-08,25.142837660784686,25.18290531657995,24.529793661915203,24.810270309448242
2005-12-09,24.98256169682827,25.275061365630265,24.38554542624705,24.6219482421875
2005-12-12,24.95451403190682,25.10677386126272,24.489722236199885,24.774208068847656
2005-12-13,24.774206753063257,25.074718713511967,24.42561177843509,24.94649887084961
2005-12-14,24.78222428500294,25.1428393249614,23.86065438436633,24.125104904174805
2005-12-15,24.044961554292616,24.61393162692555,24.012907741902428,24.309412002563477
2005-12-16,24.309413987730462,24.589892129342346,24.040957364169035,24.24129867553711
2005-12-19,24.794236040964172,24.838311364988563,24.47769646704591,24.64999008178711
2005-12-20,24.662014402959116,24.822288058762695,24.28136561678776,24.549823760986328
2005-12-21,24.58188275448394,25.03064847389619,24.48171208062136,24.842327117919922
2005-12-22,25.042664937093726,25.19091708554609,24.858351289992626,25.102767944335938
2005-12-23,25.118797627526696,25.118797627526696,24.694074948578592,24.842327117919922
2005-12-27,24.838318730965266,24.842324885027086,24.036953412093425,24.349485397338867
2005-12-28,24.373549888774853,25.19576082015658,24.373549888774853,25.119556427001953
2005-12-29,25.219826315429554,25.829466056094436,24.886930296582285,25.793367385864258
2005-12-30,25.701113071003835,25.729188445850987,25.308054763157354,25.424367904663086
2006-01-03,25.68908872760363,27.369606188422296,25.68908872760363,27.261316299438477
2006-01-04,27.233235297638807,28.472566600253653,26.896327710334734,28.179780960083008
2006-01-05,28.095573327183274,28.09958191230026,26.97656302182769,27.157047271728516
2006-01-06,27.634317573054062,28.031384550676357,27.369604214647843,27.642337799072266
2006-01-09,27.357572078164186,27.465865018266918,26.940449949593845,27.31746482849121
2006-01-10,27.01263733507653,27.991269889489047,27.000605469241332,27.630298614501953
2006-01-11,27.65035645203029,28.408394673196806,27.65035645203029,28.259994506835938
2006-01-12,28.865620689265228,30.437847705079694,28.74529591295868,29.6798095703125
2006-01-13,29.78008839341473,29.78008839341473,28.997986285865352,29.286760330200195
2006-01-17,29.47927805459444,29.595591219559306,28.773378838939774,28.85760498046875
2006-01-18,28.27604459971571,28.624984124031013,27.618275863755347,27.951171875
2006-01-19,28.37631307071627,29.844262325217805,28.296098568716154,29.68383026123047
2006-01-20,30.14106240302537,30.457914916796206,28.84156838020866,29.21858024597168
2006-01-23,29.25067428914726,29.912454859668586,28.95788544595109,29.788118362426758
2006-01-24,29.860294379394702,31.27610411539717,29.860294379394702,30.461912155151367
2006-01-25,30.706573360333863,31.24402021818008,29.238627432160644,29.45119857788086
2006-01-26,29.87634396941074,30.61433018243531,29.479277013373864,30.29747772216797
2006-01-27,30.959251751799243,31.65311587363387,30.590257190028904,31.504718780517578
2006-01-30,32.06222964147971,32.18656304914023,31.336275172913282,31.6090087890625
2006-01-31,31.72532445731631,31.801530389270503,31.256063114202632,31.717304229736328
2006-02-01,32.948612144496174,32.948612144496174,29.078202508900265,29.27874183654785
2006-02-02,29.475262034103324,29.82018983484419,27.955173949439853,28.259994506835938
2006-02-03,28.5166824378859,28.55678967827948,27.714525390069216,28.075496673583984
2006-02-06,28.300107119619362,29.41911686317403,28.175773723664545,29.190502166748047
2006-02-07,29.318854540436217,29.579556326839835,27.473892995098694,27.501968383789062
2006-02-08,27.578160160733802,28.2118619029194,26.85220595166902,28.075496673583984
2006-02-09,28.376314308065268,29.09825709749504,28.336207055316333,28.472572326660156
2006-02-10,28.372299884100492,28.496636333419715,27.574154310668042,28.08352279663086
2006-02-13,28.071496944162572,28.083528815387943,27.072811852618077,27.233243942260742
2006-02-14,27.153014954308407,27.550084897772106,26.88028143454934,27.321470260620117
2006-02-15,27.77067910835568,28.368288376076325,27.405699203761774,28.179780960083008
2006-02-16,28.476590592344845,28.861625816254055,28.348245517708445,28.84157371520996
2006-02-17,28.87765860264894,29.42713737487793,28.87765860264894,29.42713737487793
2006-02-21,30.742677209492868,30.86299896096636,29.80816327911209,30.076885223388672
2006-02-22,29.743984046030963,30.11297554425372,29.05412851284028,29.33889389038086
2006-02-23,29.880359028914903,30.281437673598326,28.957876922148145,29.206546783447266
2006-02-24,29.43113979393918,29.840241585392505,29.254667331338734,29.6798095703125
2006-02-27,29.824195763581994,30.145059768843534,28.989951797890736,29.222578048706055
2006-02-28,29.366976524419364,29.880356659303438,28.356256706377735,29.77607536315918
2006-03-01,29.880350566434565,30.481968363074184,29.535422784895605,29.671791076660156
2006-03-02,29.808152852068343,30.481964828573084,29.687828082697997,29.95254135131836
2006-03-03,29.840248670701772,30.602298628284345,29.840248670701772,30.489994049072266
2006-03-06,30.883051453937004,31.484669339403307,30.080894273315263,30.409778594970703
2006-03-07,29.968591627183446,30.040785893115643,28.284059775427792,28.669097900390625
2006-03-08,28.276041877112498,28.276041877112498,26.310756085003746,26.96050453186035
2006-03-09,27.473892517523204,28.075510601848528,26.479215938377358,27.145008087158203
2006-03-10,27.19312481104554,27.5300292981979,26.439095236966192,27.441791534423828
2006-03-13,27.51399212351047,28.74129475489423,27.473884874377386,28.628990173339844
2006-03-14,28.877659322871644,29.24665090204482,28.604925751311715,28.917766571044922
2006-03-15,29.10226228299223,29.350932116982168,28.749314216027344,29.27071762084961
2006-03-16,29.358948361432784,29.47125292477114,28.87765532992856,28.99798011779785
2006-03-17,29.15040705956092,29.15842728909811,28.62098317044349,28.805479049682617
2006-03-20,28.725259354162723,29.038100269716896,27.24126623731973,27.602237701416016
2006-03-21,26.471192090109277,27.201155143527945,25.2679560860134,26.880290985107422
2006-03-22,26.47118501102223,27.505968432213514,26.47118501102223,27.27334213256836
2006-03-23,27.626300127634988,27.70651770471131,27.33752603012328,27.666410446166992
2006-03-24,27.706505161265003,28.404380935950467,27.586180380118478,28.251972198486328
2006-03-27,28.155719162198864,28.276043977587722,27.690469533335428,27.931116104125977
2006-03-28,27.89100347263702,27.987261470389317,27.22521159321608,27.36157989501953
2006-03-29,27.469184676244573,28.199876127074322,27.364802371155196,28.13564109802246
2006-03-30,28.85829892262168,29.765641990306637,28.834211171554834,29.29189682006836
2006-03-31,29.00281955784582,29.508683562278748,28.416661041044186,28.906465530395508
2006-04-03,29.14736537615058,30.472246873583167,29.14736537615058,30.05470848083496
2006-04-04,30.47223334337296,30.67297268942543,29.685335474411993,30.512380599975586
2006-04-05,30.600707275383154,31.628491776322583,30.600707275383154,31.483959197998047
2006-04-06,31.893473375324664,31.957708383541238,30.841597931299788,31.39563751220703
2006-04-07,30.713132154020542,31.00219741732134,29.87002717808691,30.0948543548584
2006-04-10,29.773674846413243,30.488306753974427,29.524756841167132,30.070768356323242
2006-04-11,30.359835201200433,30.825549127518173,29.74155733414202,29.95032501220703
2006-04-12,29.950326129925564,30.729196196968868,29.94229789944845,30.713136672973633
2006-04-13,30.713120805518866,31.058392735434516,30.118930976838147,30.889772415161133
2006-04-17,31.38761046950318,32.05406363722368,31.331403686552292,32.02997589111328
2006-04-18,32.286928348995765,33.611809777862995,32.19860251199921,33.00156021118164
2006-04-19,33.36289785913534,34.59945367600973,33.02565703437383,34.52718734741211
2006-04-20,34.88047374874402,34.88047374874402,32.72051911132859,33.226383209228516
2006-04-21,33.41908513356661,34.38263459743495,33.15411079225042,33.56361770629883
2006-04-24,33.571644480994195,33.89282555040166,32.929276216101464,33.4993782043457
2006-04-25,33.72422338341909,34.1738807978926,32.776733052841685,33.1059455871582
2006-04-26,33.51545680262551,33.56363230579874,32.77673410254929,33.15412521362305
2006-04-27,32.800811175924295,33.121995386708235,31.63652530367172,31.957706451416016
2006-04-28,32.302984480439434,32.84899590362441,32.21465865271242,32.640228271484375
2006-05-01,32.64023173917889,33.94102235588472,32.64023173917889,33.55560302734375
2006-05-02,33.88482104191186,35.0169914598006,33.88482104191186,34.35856628417969
2006-05-03,34.74397899762981,34.74397899762981,33.32274354397263,33.71619415283203
2006-05-04,33.523477117362184,34.27022787064841,33.31470950580599,33.96510314941406
2006-05-05,34.342478783498535,34.72789786039611,33.98114744170751,34.50307083129883
2006-05-08,34.47898889407291,34.92061790477969,33.78844811823183,34.11766052246094
2006-05-09,34.398709365769875,35.193638868288716,33.98920227013577,34.92866134643555
2006-05-10,35.12940626654636,35.58709200029007,34.326448409025296,35.49073791503906
2006-05-11,35.61117419350595,36.40610369602479,34.68777463941309,34.92866134643555
2006-05-12,34.57535749216881,34.57535749216881,31.82924073793864,33.08185577392578
2006-05-15,31.475934330173303,31.756968227435664,29.661248681154262,31.122631072998047
2006-05-16,31.235044600903404,32.45553717357895,30.994154926494822,32.038002014160156
2006-05-17,32.302994602474534,32.80082762206448,30.929937385857773,31.644569396972656
2006-05-18,31.299281640831143,32.14238636708457,30.793417579863227,30.905834197998047
2006-05-19,30.584660105101538,31.54017870257151,29.63716973720598,31.178850173950195
2006-05-22,30.42406674244035,30.6810129612242,28.25608034129114,30.416038513183594
2006-05-23,31.315345796497166,32.11027515291512,31.034311867129254,31.41973114013672
2006-05-24,30.97007650527257,32.83293801964683,30.592685427286625,31.612442016601562
2006-05-25,32.32706411232107,33.089874267578125,31.941644921494643,33.089874267578125
2006-05-26,33.226399380195936,33.716204198430255,32.76068231923826,33.6519660949707
2006-05-30,33.619829812439264,34.04539937214291,32.230713699009144,32.60810470581055
2006-05-31,32.768702437369555,34.09358070741632,32.67234531504445,33.30668258666992
2006-06-01,32.624162559910644,34.07751360672968,32.41539190435279,33.99721908569336
2006-06-02,34.519154250801435,35.00895589442948,33.94905193309814,34.92866134643555
2006-06-05,35.0089477012839,35.86811202851949,33.55559650665322,33.844661712646484
2006-06-06,33.499387184539366,33.499387184539366,31.596375743667817,32.230712890625
2006-06-07,31.773037336693946,32.367227408477476,31.146731283413462,31.202938079833984
2006-06-08,30.31967532392804,30.672978601422237,28.657553463294647,30.399972915649414
2006-06-09,31.371558490836936,31.65259247313431,29.757614789710765,30.16712188720703
2006-06-12,30.271504965405327,30.592686197637263,29.23568882934436,29.32401466369629
2006-06-13,28.432729646747166,28.705735364342242,27.30858773593443,27.742185592651367
2006-06-14,28.392583691080514,28.86632883873184,27.81445318871539,28.36849594116211
2006-06-15,29.324002240034474,30.69705854767406,29.09114387776882,30.648880004882812
2006-06-16,30.68099936068953,31.47592847850949,30.151047636489285,30.528438568115234
2006-06-19,30.175161709784398,30.271515807660784,28.842248551126925,28.930574417114258
2006-06-20,29.307951812122592,30.01455534360034,28.818147195860977,29.25977325439453
2006-06-21,29.227657185953632,31.106578048808366,29.227657185953632,30.86568832397461
2006-06-22,30.95401664713052,31.7650055850618,30.207265791151965,31.218994140625
2006-06-23,31.03431236599381,31.973771284730912,30.857660714385744,31.59638023376465
2006-06-26,31.74894606457362,31.92559466386293,31.026282957807165,31.218994140625
2006-06-27,31.1547443556957,31.34745546612348,29.69336223366893,29.853954315185547
2006-06-28,29.850755310411895,30.244587309495888,29.16758091939981,29.979352951049805
2006-06-29,30.381222747334906,32.10925651937782,30.381222747334906,32.02888107299805
2006-06-30,32.14943534465316,32.60756455303375,31.5707445273265,32.12532424926758
2006-07-03,32.22980539858049,33.29877551892381,32.14139703316139,33.07373046875
2006-07-05,32.63167254931407,32.929057005535356,31.948498339526452,32.358402252197266
2006-07-06,32.25392617353208,33.089809273906894,32.18962582257506,32.53523254394531
2006-07-07,32.20569355257653,32.96924318269779,32.04494577791803,32.358402252197266
2006-07-10,31.89222838224377,32.59147748543387,31.707369564895025,32.23783493041992
2006-07-11,32.06905835015131,33.13802532661841,31.98868293379488,33.033538818359375
2006-07-12,33.11389743171982,33.95781894617482,32.91296359180163,33.041561126708984
2006-07-13,32.79242718880127,32.961211007822264,32.02887739883706,32.07710266113281
2006-07-14,32.1494255065918,32.34232340867493,31.056344548806376,32.1494255065918
2006-07-17,32.069066539277564,32.18962509558497,31.080468594702193,31.281402587890625
2006-07-18,31.393912303366537,31.819891172110637,30.590176737580475,30.90363311767578
2006-07-19,30.6062584565941,32.213729936894,30.019528668197133,32.004756927490234
2006-07-20,32.061031647014254,32.32626602432444,30.63841842164737,30.718793869018555
2006-07-21,31.18494956664499,31.18494956664499,29.54532773887277,29.778411865234375
2006-07-24,30.115972808520496,30.943819465033947,29.979336167207936,30.84737205505371
2006-07-25,30.847385706222703,31.506448920429897,30.405331560011913,31.31355094909668
2006-07-26,31.466255512413188,31.466255512413188,30.702705944633976,31.21709632873535
2006-07-27,31.466251137744457,31.747557381812975,30.63840135404205,30.734851837158203
2006-07-28,31.361761967317396,31.819890991940817,30.95989418669981,31.715404510498047
2006-07-31,31.74756571652345,32.302142342998245,31.58681793513674,32.069061279296875
2006-08-01,32.06906062959873,32.47092854191947,31.602892379622418,32.34233093261719
2006-08-02,32.55129337967018,32.59147954841876,31.868119312919866,32.16550064086914
2006-08-03,31.827938582115998,31.956536196075717,31.434109730743273,31.74756622314453
2006-08-04,31.948492320731145,32.261948735958136,30.783075006521702,31.136720657348633
2006-08-07,31.35374446332412,32.39056478639941,30.78309255813135,31.610942840576172
2006-08-08,31.345698064370417,31.61896837526426,30.71878508420587,30.951866149902344
2006-08-09,31.112616201968525,31.498409069132652,30.381216649759814,30.943832397460938
2006-08-10,30.767008030587967,30.951866912214783,30.42140136223944,30.71074676513672
2006-08-11,30.984012552405062,31.209060647313454,30.767003531962274,30.967937469482422
2006-08-14,30.975986307316205,31.024208505274785,30.01953850101058,30.148136138916016
2006-08-15,30.437469850830627,31.36176712465171,30.220460845689807,31.112607955932617
2006-08-16,31.482323280482706,31.739521503831913,31.1849419546836,31.434101104736328
2006-08-17,31.192987583927327,31.610930568949264,30.62233283425753,30.879528045654297
2006-08-18,31.056345252156962,31.321579490277163,30.799150087560037,31.136720657348633
2006-08-21,31.265328446231155,32.39055689217212,31.265328446231155,32.32625961303711
2006-08-22,32.36643616296516,32.65578149798181,31.87615690818787,32.4146614074707
2006-08-23,32.5432757849022,33.31486169905794,31.972620828173586,32.39056396484375
2006-08-24,32.63971637194073,32.8888725461939,31.44214849585271,31.538599014282227
2006-08-25,31.779714831134406,31.860087186155493,31.442144194826444,31.49840545654297
2006-08-28,31.434106485619857,31.811863279007454,31.176911284252157,31.56270408630371
2006-08-29,31.699342679247586,31.747567936838983,31.168877109778744,31.68326759338379
2006-08-30,32.0771015877936,32.0771015877936,31.426074365627546,31.8520565032959
2006-08-31,31.940463319586996,33.16213908640168,31.844012812199875,32.91298294067383
2006-09-01,32.99335727478869,33.61223427057221,32.67990077201723,33.53989791870117
2006-09-05,33.35502262786623,34.2069833457383,33.210349995284034,34.0381965637207
2006-09-06,33.7649477756602,34.14270467415079,32.969250858170454,33.08980941772461
2006-09-07,32.993353481773944,33.11391507636857,32.39859071566253,32.82456970214844
2006-09-08,32.71205134304868,33.17018055516384,32.567378637537665,32.69597625732422
2006-09-11,32.14943080909833,32.21373114240067,30.381211501396187,30.622331619262695
2006-09-12,30.622339505972,31.546637106187642,30.196360419164332,30.5821533203125
2006-09-13,30.541964872940195,31.723457653095302,30.541964872940195,31.578784942626953
2006-09-14,31.74756438781517,32.31018006611745,30.59018592908583,30.823266983032227
2006-09-15,30.82327303446028,31.345702638166813,30.66252829425155,30.93579864501953
2006-09-18,30.927757745519386,31.78775493218723,30.927757745519386,31.578784942626953
2006-09-19,31.56271096333332,31.683269515612423,30.839347385621444,31.1929931640625
2006-09-20,31.27336545535592,31.93242868409103,30.903647656994135,31.040281295776367
2006-09-21,31.168885687603147,31.410008975909264,30.66253414058423,30.863468170166016
2006-09-22,30.943822017811346,31.409990158854487,30.204386703615082,30.365131378173828
2006-09-25,30.00346755319325,30.011503564470868,27.92982711846838,29.22384262084961
2006-09-26,29.111322559476587,29.890944492563424,28.821977072553675,29.698049545288086
2006-09-27,29.566095390319823,30.185575852492086,29.107519462438844,30.169485092163086
2006-09-28,30.282117199724123,30.56370090062833,29.799406668172217,29.839632034301758
2006-09-29,29.678737463769075,29.791369754341297,29.30865906074614,29.42129135131836
2006-10-02,29.204059631849773,29.445414887848813,28.488037709153236,28.882253646850586
2006-10-03,28.351265242513076,28.351265242513076,26.7100449162829,27.50651741027832
2006-10-04,26.798549684301285,27.788108449997353,25.728537115094078,27.603069305419922
2006-10-05,28.14210202479628,28.96271258292578,28.14210202479628,28.84203338623047
2006-10-06,28.528270942444095,29.05925387969942,28.18232718812629,28.335187911987305
2006-10-09,28.55240310067842,28.970750608755317,28.109914847714467,28.19036865234375
2006-10-10,28.43171859050033,29.163831195687308,28.383446316785335,29.051198959350586
2006-10-11,28.962712206180463,28.962712206180463,27.836383281673676,28.12601089477539
2006-10-12,28.302999684022495,29.244286139926654,28.206458191647414,29.236242294311523
2006-10-13,29.356927885107233,30.394756060473245,29.332790204982874,30.089040756225586
2006-10-16,30.571758823722252,30.95792804058399,30.08904806989511,30.89356803894043
2006-10-17,30.91769352090774,30.91769352090774,30.024676128080706,30.475208282470703
2006-10-18,30.50737313916943,30.885498226411602,29.936165121121196,29.992481231689453
2006-10-19,30.330387722087313,31.36017176649606,30.330387722087313,31.247539520263672
2006-10-20,31.3762581694178,31.75438328841069,30.483241099710057,30.660236358642578
2006-10-23,29.324743146645915,29.767228359816347,26.766370301552584,27.707656860351562
2006-10-24,27.18472841323282,27.45826530456543,26.508931568116942,27.45826530456543
2006-10-25,27.514571729462546,28.56849047178045,27.10426500295807,28.053598403930664
2006-10-26,28.480006385105195,28.624820216171827,28.077746425253427,28.431734085083008
2006-10-27,28.681123688926654,28.801799782147395,28.15818474464103,28.27886390686035
2006-10-30,28.126006779368225,28.423681265388826,27.95705838611262,28.021421432495117
2006-10-31,27.95705521613957,28.43976573327922,27.667427678256328,28.262773513793945
2006-11-01,27.755930691998522,28.15819055709995,26.766371792128915,27.07209014892578
2006-11-02,27.03990268065107,27.45825321669638,26.927270434215515,27.21689796447754
2006-11-03,27.554796805682727,27.554796805682727,26.846818685370348,26.99163246154785
2006-11-06,26.629604827221332,27.924882229084886,26.629604827221332,27.5548038482666
2006-11-07,27.908780949605543,28.278862259993154,27.20080598407795,27.305391311645508
2006-11-08,27.16057381987692,27.71569417465953,26.951400124493695,27.50651741027832
2006-11-09,27.6915730789282,27.892703050979684,27.409992345656054,27.619169235229492
2006-11-10,27.635250063016837,27.635250063016837,26.879002660922595,26.983591079711914
2006-11-13,26.991636406116616,27.19276633920094,26.677874201544945,26.91922950744629
2006-11-14,26.830730919605553,26.846821681976728,25.96989508124214,26.090574264526367
2006-11-15,25.873358607224667,26.187120861977437,25.39869176647056,25.969900131225586
2006-11-16,25.929667745215344,26.098616133813355,25.21364575344379,25.422821044921875
2006-11-17,25.213645173195886,26.37215232849121,24.859656108494832,26.37215232849121
2006-11-20,26.57328398118335,26.879002318130688,26.01012266180539,26.195161819458008
2006-11-21,26.348026338744212,27.755936143104588,26.30780095813388,27.619169235229492
2006-11-22,27.755928771654258,28.069690953685292,27.329534326227368,27.924877166748047
2006-11-24,29.163843808274997,29.630466782327204,29.04316460629609,29.284523010253906
2006-11-27,29.36496582428769,29.485644993630842,28.254727900926476,28.42367935180664
2006-11-28,28.28691400608076,28.6167669775422,28.134056359939844,28.43977165222168
2006-11-29,28.95467741871938,30.20168285954439,28.866179723802702,30.193635940551758
2006-11-30,30.209708237110554,30.788963290365984,30.016625265357746,30.587833404541016
2006-12-01,30.78092879235598,31.64981172271927,30.410850389719645,31.62567710876465
2006-12-04,31.786561124272634,31.834833394601123,30.917681741346197,31.41648292541504
2006-12-05,31.85898553799206,31.85898553799206,30.99010567662851,31.62567710876465
2006-12-06,31.593490534640623,31.698078960082817,30.99010073008828,31.06250762939453
2006-12-07,31.255584520004028,31.995744131013186,31.04641077913108,31.802658081054688
2006-12-08,31.955525316022936,32.221015236512926,31.6819884794276,31.850936889648438
2006-12-11,31.70612434360677,31.82680353796509,30.925739176488246,31.27972984313965
2006-12-12,31.27167127546672,31.826791679888082,30.957909169836345,31.746337890625
2006-12-13,32.019873580586605,32.67153544164334,31.649795369170842,32.47040557861328
2006-12-14,32.79221120310221,33.18642708121399,32.518674469248644,32.687625885009766
2006-12-15,32.912903475353225,32.969219613403745,31.746349201879333,31.818756103515625
2006-12-18,32.06011171269429,32.711773833384456,31.8026656309647,31.95552635192871
2006-12-19,31.826801139271737,32.48650706231182,31.75439424191372,32.30146789550781
2006-12-20,32.71980786394581,32.94507541962252,32.2290535278251,32.43018341064453
2006-12-21,32.42214299444525,32.454324518705526,31.159047322720895,31.593488693237305
2006-12-22,31.472806314615507,31.73025234454702,31.215360284683996,31.432580947875977
2006-12-26,31.61761801374851,32.502591368895814,31.61761801374851,32.180782318115234
2006-12-27,31.902985866200787,32.531062908165794,31.733889500616215,32.450538635253906
2006-12-28,32.45053533788607,32.788731106377355,32.26533413653781,32.506900787353516
2006-12-29,32.51493889929861,32.812870854345995,32.2089529858611,32.57130432128906
2007-01-03,33.37656360214986,33.392668464353335,31.234666076101096,31.661434173583984
2007-01-04,31.355437180347323,31.476222069600666,30.12344482538751,30.332801818847656
2007-01-05,30.163702415653805,30.163702415653805,29.551733281446694,30.002656936645508
2007-01-08,30.042922887708762,30.743467242062867,29.938242857664548,30.52605628967285
2007-01-09,30.268368396385526,30.397204105488385,29.31015300191337,29.9382266998291
2007-01-10,29.86575209253238,30.131474360178974,29.519505598564727,30.01874351501465
2007-01-11,30.01876138493265,31.355433620720436,30.010710493350494,31.33932876586914
2007-01-12,31.8063525108363,31.8063525108363,31.162173833814837,31.460105895996094
2007-01-16,31.500366409885853,31.73388213963369,30.960867729109353,30.976972579956055
2007-01-17,30.88840776519599,31.291019955937987,30.679047705865294,31.00113868713379
2007-01-18,31.04945043160921,31.62115895325598,30.840090391321652,31.105815887451172
2007-01-19,31.10580419399861,32.08817539200842,31.089699345285553,32.01570510864258
2007-01-22,31.645311085116923,31.894931697968147,29.793296002030715,30.252273559570312
2007-01-23,30.27643839781024,31.47622419199805,30.268387504771244,31.323232650756836
2007-01-24,31.033351018614113,31.274917739108545,30.324752643034607,31.154132843017578
2007-01-25,31.16216942326283,31.741928614682553,30.654877443045507,30.791767120361328
2007-01-26,30.59851806435607,30.864243511429684,30.292532023640316,30.630727767944336
2007-01-29,30.566314564934725,30.8723006677577,30.212016968609774,30.340852737426758
2007-01-30,30.203963005234762,30.55826367324674,30.083181199792786,30.340852737426758
2007-01-31,30.348889348556337,30.944756418756224,30.268368182817294,30.703189849853516
2007-02-01,30.84814716045924,31.202444782504788,30.72736227456174,31.00113868713379
2007-02-02,31.001124890243627,31.00917577893307,30.445521420095528,30.687088012695312
2007-02-05,30.775668362405145,30.99307925409636,30.62267380620407,30.630727767944336
2007-02-06,30.62268126764712,30.912562527200453,30.195913342019796,30.55021095275879
2007-02-07,29.495378221894168,30.864260668475758,29.261862348600346,29.753049850463867
2007-02-08,29.543679702041324,30.276433722949864,29.390688184422906,30.179807662963867
2007-02-09,30.17175523547768,30.41332190899088,29.954344307809727,30.010709762573242
2007-02-12,29.793302039577537,30.20396512155365,29.318219532835702,29.390689849853516
2007-02-13,29.70472470759367,30.35695751335333,29.70472470759367,30.131492614746094
2007-02-14,30.340838674736233,30.405254993444863,29.696660129221943,29.9382266998291
2007-02-15,29.994616618286948,30.11540153804254,29.64031889692564,29.753049850463867
2007-02-16,29.664459396560773,29.688615139413994,29.165221256912865,29.414838790893555
2007-02-20,29.430947004688218,29.4953664219029,28.81897789958313,29.221590042114258
2007-02-21,29.358479951509384,30.381115275533332,29.1652278218108,30.348905563354492
2007-02-22,30.630737777240608,31.38764762878418,30.574372313385627,31.38764762878418
2007-02-23,31.580890542535982,31.935188044740737,31.26685363144987,31.83856201171875
2007-02-26,31.83856201171875,31.967397746310137,31.4520548079446,31.83856201171875
2007-02-27,31.331275686088397,31.331275686088397,29.438999912680185,30.075124740600586
2007-02-28,29.833555529897225,30.002651872052496,29.253796203695362,29.801345825195312
2007-03-01,29.543678746352164,29.80940424232671,28.835083567127306,29.245746612548828
2007-03-02,29.22158465853145,29.511465839218058,29.004173773016493,29.052488327026367
2007-03-05,28.67403199983148,29.447046433871563,28.359995077983093,29.052488327026367
2007-03-06,29.487314898556708,29.914085893695916,29.38263794445266,29.624204635620117
2007-03-07,29.656410751883982,30.550207093687103,29.656410751883982,30.203960418701172
2007-03-08,30.590472779237896,30.77567400127431,30.30059153720282,30.41332244873047
2007-03-09,30.670994599439492,30.79983036830873,29.849665421015484,30.002656936645508
2007-03-12,29.978503733118533,30.985034222700893,29.90603341500111,30.832042694091797
2007-03-13,30.8159313532314,30.936713143553472,29.75303562562663,29.865766525268555
2007-03-14,29.736936758628016,30.010713172163896,29.269905141313235,29.825511932373047
2007-03-15,29.930187171860478,30.292538738331917,29.825510219525345,29.914085388183594
2007-03-16,29.865769918620767,30.21201661925392,29.463157761762407,29.68056869506836
2007-03-19,30.147594199470124,31.073603296763093,30.09122874885438,31.009183883666992
2007-03-20,31.18633992627264,31.629212721751387,30.86425201669139,31.00113868713379
2007-03-21,31.03334025532695,31.588943826933022,30.944765105139076,31.41984748840332
2007-03-22,31.45206294730044,31.782204794607363,31.033345933598756,31.42790412902832
2007-03-23,31.54868488906646,32.28143879951782,31.468163696497275,32.27338790893555
2007-03-26,32.46663995467268,32.796781758446265,31.894931501840524,32.410274505615234
2007-03-27,32.41027637012488,32.41027637012488,31.67752241853736,32.064029693603516
2007-03-28,31.83269223118933,32.38889666244787,31.752080887885562,32.074520111083984
2007-03-29,32.25184295082703,32.711319692684654,32.24378335799053,32.638771057128906
2007-03-30,32.80806102214178,33.33202082983097,32.71133050110817,33.001522064208984
2007-04-02,33.13048722496077,33.65444995120991,32.39694125321611,33.63026809692383
2007-04-03,33.525478717537055,35.40367777073984,33.525478717537055,35.16184997558594
2007-04-04,35.15379713883738,36.5160963375707,34.70238291277406,36.21784210205078
2007-04-05,36.25007536274385,37.604314544841486,36.22589043359458,37.20126724243164
2007-04-09,37.257684990859644,38.08796125755138,37.2496223246747,37.78970718383789
2007-04-10,38.289511757378875,38.289511757378875,36.51610217677229,36.62089538574219
2007-04-11,36.66925024027128,37.48340455612144,36.09692065090343,36.64506530761719
2007-04-12,37.01586278533623,37.257693626840044,36.15334180399285,36.58057403564453
2007-04-13,36.52415253113747,38.51520438004893,36.322628853008275,38.14440155029297
2007-04-16,38.78120738477971,39.11170601102159,38.22500020463633,39.06333923339844
2007-04-17,39.20037610411092,39.20037610411092,37.95898984535288,38.515193939208984
2007-04-18,38.28949996142846,38.53132776723601,37.92675671521345,38.38623046875
2007-04-19,37.89450965151369,37.89450965151369,37.120659494719916,37.177085876464844
2007-04-20,37.805835560906715,38.104089682899186,37.52370062388104,37.65267562866211
2007-04-23,37.555940263986976,38.434583330830876,37.289927621499196,38.370094299316406
2007-04-24,38.12827511053894,38.12827511053894,37.40279179374636,37.41891098022461
2007-04-25,37.54789780214304,38.321748083314525,37.52371286678866,37.9428825378418
2007-04-26,37.72522968661796,37.80584099807867,36.52415035842081,36.54833221435547
2007-04-27,36.58057416257498,37.40279103152302,36.362928249470485,37.28187561035156
2007-04-30,37.9186967301066,38.70866919427457,37.49146443340825,37.580135345458984
2007-05-01,37.70103955955557,38.1040868034144,37.112590952522446,37.60430908203125
2007-05-02,37.209324660368836,38.611930543767414,37.209324660368836,38.3781623840332
2007-05-03,39.01498599911533,39.87750711061372,38.55551225093423,39.67598342895508
2007-05-04,39.61955334967901,41.11082722489289,39.61955334967901,40.58686447143555
2007-05-07,41.23175773629877,42.06203454704657,40.748098923478075,40.76422119140625
2007-05-08,40.385339950866516,40.78032767470045,39.498637083085754,40.57880401611328
2007-05-09,40.336975754952725,41.231741280303474,40.00647708185089,40.60298538208008
2007-05-10,40.3047399422205,40.55463043686501,39.6598647181465,39.933937072753906
2007-05-11,39.90975644092259,41.08665731113672,39.7162953903449,40.69166946411133
2007-05-14,40.78839754628458,41.11889630664945,40.304741873802065,40.46596145629883
2007-05-15,40.490131476902775,41.11082468925112,40.23218145034332,40.36115646362305
2007-05-16,40.56270386677698,40.93350686271523,39.78885333394705,40.65137481689453
2007-05-17,40.5304401960278,40.844816634420674,39.933931844976506,40.780330657958984
2007-05-18,40.81257963145314,41.03022559136895,40.22413081020263,40.34504318237305
2007-05-21,40.39340201001269,41.691214843741975,40.39340201001269,41.35265350341797
2007-05-22,41.26398873464179,41.578368267017844,40.67553994200173,40.79645538330078
2007-05-23,41.151132298804406,42.20711742377143,40.909304512745265,41.368778228759766
2007-05-24,41.66703583777701,41.820195805772215,39.659861665169004,40.07096862792969
2007-05-25,40.361163972018545,41.2156255158317,40.31279717991338,41.19144058227539
2007-05-29,41.24786746493632,41.965294385590376,40.812578630784934,40.95767593383789
2007-05-30,40.57074482683326,41.72345733642578,40.417584876777156,41.72345733642578
2007-05-31,42.12650728082289,42.35221588574803,41.376842045737334,41.89274215698242
2007-06-01,42.110387440682096,42.96484583356839,42.02977612766922,42.87617492675781
2007-06-04,42.77138326566742,44.190108497648296,42.40057738940487,44.05307388305664
2007-06-05,44.33520344934604,44.33520344934604,42.99708652278423,43.496864318847656
2007-06-06,43.59360768487701,43.674215933810494,41.884684517417185,42.21518325805664
2007-06-07,42.15876531150771,43.03740893087314,40.812588219686205,41.36073303222656
2007-06-08,40.94960928818742,41.94916804827629,40.522380090128884,41.91692352294922
2007-06-11,41.99752978341207,42.54567438812899,41.771824266766416,41.876617431640625
2007-06-12,41.796002154084725,42.126500804227675,41.03021477388023,41.17531204223633
2007-06-13,41.32848338399569,42.07008917098774,41.078592873157326,41.94917678833008
2007-06-14,42.465078163110576,43.39208849722681,42.20712804970584,43.33565902709961
2007-06-15,43.77093299650303,45.14129433230652,43.52910524900986,44.81885528564453
2007-06-18,44.947834435469986,45.020383073910764,43.66614387302078,43.811241149902344
2007-06-19,43.86768550761826,44.12563871947693,43.077712829137624,43.851566314697266
2007-06-20,43.95635061783389,44.24654525208089,42.84394195323076,42.95679473876953
2007-06-21,42.95679767980307,43.730648040771484,42.32804157088424,43.730648040771484
2007-06-22,43.60166099118373,43.69033189722629,42.48118988757062,42.84393310546875
2007-06-25,42.892303925015824,42.90842619015018,41.40908935773902,41.521942138671875
2007-06-26,41.86048979017677,41.99752438624194,39.17619349071688,39.20037841796875
2007-06-27,38.89135150966657,40.690681275034386,37.721382869248565,40.480892181396484
2007-06-28,41.15059025728601,41.31196573663633,40.37599164998201,40.706809997558594
2007-06-29,41.06184430453234,41.09412002442077,40.50510198737624,40.94081497192383
2007-07-02,40.42441500895118,41.1506033582305,39.351273423885345,39.87574005126953
2007-07-03,40.182346307700364,40.182346307700364,38.45563550668637,39.18182373046875
2007-07-05,39.18181958204355,40.222685155286385,38.85906861053823,39.996761322021484
2007-07-06,40.23885092411622,41.02152057224265,39.85155133644082,40.553531646728516
2007-07-09,41.045711763390926,42.312504692336226,40.68261756255065,42.223751068115234
2007-07-10,42.102703718658454,42.409316832687935,41.27969151446228,41.804161071777344
2007-07-11,41.35232449692778,41.90906687964201,40.23883665351689,40.46476364135742
2007-07-12,39.754705990433806,40.827847448053134,39.754705990433806,40.35179138183594
2007-07-13,40.22270002778509,41.04571253925247,40.21463263560613,40.868202209472656
2007-07-16,40.63420163990719,40.63420163990719,38.34267786192886,39.12534713745117
2007-07-17,38.91555135590306,39.21409401756702,37.48738332007811,37.71331024169922
2007-07-18,37.180773980459044,38.41529083251953,36.599823425145125,38.41529083251953
2007-07-19,38.56859600211333,38.94782795799471,38.10061044705138,38.47983932495117
2007-07-20,38.479846933854596,38.4879174031824,37.51159991730738,37.874691009521484
2007-07-23,36.8257549140494,37.0678166696615,35.37338130239457,35.57509994506836
2007-07-24,35.50249018548506,35.50249018548506,33.19482783095125,33.4368896484375
2007-07-25,33.461087879270096,34.687537539184014,33.356193328111246,34.29216766357422
2007-07-26,33.81610839363532,33.81610839363532,31.88767893252034,32.84785842895508
2007-07-27,32.57353575742126,33.154486615198884,32.28306032853245,32.66229248046875
2007-07-30,33.07379744062382,33.12220795583744,31.306739763736914,32.27499008178711
2007-07-31,33.202884597054165,34.00168857283039,32.72682855204283,32.90433883666992
2007-08-01,32.59772659181168,33.14640142332795,31.38741500664018,32.04098129272461
2007-08-02,32.218505859375,32.549324351366785,31.39549332559437,32.218505859375
2007-08-03,32.55738384946246,32.638073143787274,31.508447647094723,31.508447647094727
2007-08-06,31.976441265205363,31.976441265205363,30.096421969458103,31.29059600830078
2007-08-07,31.322866701271934,31.322866701271934,30.419168156068938,30.798397064208984
2007-08-08,31.306740783175872,33.24324148233438,31.28253552478087,31.952239990234375
2007-08-09,30.97591352434925,32.22656846296175,30.515995276459375,30.983983993530273
2007-08-10,30.766133688911083,32.04906460655047,29.95925897537644,31.790864944458008
2007-08-13,32.27498272594469,32.880138652056154,31.84734018978023,31.944164276123047
2007-08-14,31.815072951550924,32.2749913317903,30.903303584592603,31.45197868347168
2007-08-15,30.7903372128172,31.443906802078263,30.18518121171782,30.282005310058594
2007-08-16,29.999582799953,29.999582799953,27.61123592277288,28.434247970581055
2007-08-17,30.169052433855864,30.177122906637717,28.458478484142,29.41059112548828
2007-08-20,29.87855173592055,30.257783608771042,29.30567177164324,30.088340759277344
2007-08-21,29.547738670248606,29.68490891417565,28.72472644063072,29.273401260375977
2007-08-22,29.926970445558617,31.645613711998326,29.926970445558617,31.427757263183594
2007-08-23,32.202361010821996,32.42021749409023,30.241655739389824,31.12114906311035
2007-08-24,31.0727311610278,32.25883748998472,30.741912786840146,32.065189361572266
2007-08-27,32.54125253998414,32.67035234669398,32.040988095749135,32.12167739868164
2007-08-28,31.637560368475633,31.992587252620076,30.28201044970238,30.338491439819336
2007-08-29,30.943637751415075,31.508450551830943,30.58054666641686,31.48424530029297
2007-08-30,30.951724978134376,31.403573000716083,30.298155130920943,30.846830368041992
2007-08-31,31.57300315036992,32.71876357556352,31.387422366485698,32.58159637451172
2007-09-04,32.581582182666416,33.34811331472595,32.581582182666416,33.106048583984375
2007-09-05,32.8075170025167,33.24322997064317,32.45249333107028,32.67841720581055
2007-09-06,32.783322786952,33.79998364346024,32.1539583729393,33.461097717285156
2007-09-07,32.73488998413086,33.13025974398561,32.47669045532084,32.73488998413086
2007-09-10,33.017311800405835,33.08186325492033,31.46004643502812,31.790864944458008
2007-09-11,32.21850235560644,33.88873249670549,32.17815924204015,33.54984664916992
2007-09-12,33.767697180755626,34.889255340755334,33.75156239909929,34.526161193847656
2007-09-13,34.92959561873299,36.05921799998792,34.54229625276143,35.50247573852539
2007-09-14,35.5589535978032,36.39003322231959,35.300754043041195,36.0511474609375
2007-09-17,36.01886418264571,36.11568822585172,34.37284005823921,34.69559097290039
2007-09-18,35.18780791586075,35.817169228320566,34.61492758898154,35.66386413574219
2007-09-19,35.88171706469406,35.9866085541991,34.47775380395612,34.81664276123047
2007-09-20,35.12324779746296,35.48634195664054,34.493886640209894,35.01835632324219
2007-09-21,35.20394075840628,35.91398821241669,35.01835996397295,35.413726806640625
2007-09-24,35.62351701896818,37.12430128205317,35.58317082409318,36.35777282714844
2007-09-25,36.365825374653895,37.27759421855229,36.09148798259514,36.785400390625
2007-09-26,37.14081661932799,38.400923742166896,36.938876553054115,37.99704360961914
2007-09-27,38.17475228904058,38.36053987872374,37.18120744121711,37.41545867919922
2007-09-28,37.94050623293538,37.964738058426406,37.084279116370155,37.3508415222168
2007-10-01,37.35084583131562,37.35084583131562,36.25229108901785,36.308834075927734
2007-10-02,36.074581725991806,36.365375982236905,35.08103673806212,35.3233642578125
2007-10-03,35.18605194995189,35.48492250156548,33.30396832078925,33.65938186645508
2007-10-04,33.925933918012404,34.224804377842354,33.6674508584793,34.07133102416992
2007-10-05,34.879094848044275,34.91140600406156,34.10364559179812,34.37020492553711
2007-10-08,34.52368900582241,34.66908307731003,33.788626991465264,34.224815368652344
2007-10-09,34.38635006089711,35.775698534100385,33.96631440431564,35.50913619995117
2007-10-10,35.606088389696254,35.63839647155491,34.32982517473465,34.51560974121094
2007-10-11,35.016408379035475,35.74339389417325,34.127873266188026,34.669071197509766
2007-10-12,34.8871701660124,35.468758633368196,34.44290256738733,35.420291900634766
2007-10-15,35.92111615060175,36.99543618465209,35.86457315309185,36.62386703491211
2007-10-16,36.631932907255226,36.83387300725412,35.92110597383931,36.29267501831055
2007-10-17,36.80963879075305,36.98734705324677,35.54145529162882,36.09073257446289
2007-10-18,35.94533721739883,36.955037701033625,35.751473368741955,36.898494720458984
2007-10-19,36.89850100375044,36.9065772531958,35.81610177772224,36.5026969909668
2007-10-22,35.68685162304611,36.688472706603534,35.064875799232674,36.26036071777344
2007-10-23,36.97926274619379,38.489776611328125,36.95503092506526,38.489776611328125
2007-10-24,38.30400027193372,39.08752891926127,37.34276641530922,38.05359649658203
2007-10-25,38.570554664807446,39.499480250535704,38.42515756301761,39.37831497192383
2007-10-26,39.943755047076785,40.92922070514992,39.58026222668188,40.848445892333984
2007-10-29,41.18770597872787,42.27010508599341,41.16347107032716,41.61581802368164
2007-10-30,41.03423581579366,41.43003984583925,40.59804437403616,40.791908264160156
2007-10-31,40.71112975066971,41.615820632735655,38.942132313227305,39.62065124511719
2007-11-01,37.124676700073984,37.229686441601004,35.71109564003696,36.52693557739258
2007-11-02,37.19737779937049,38.44132995605469,37.068136216946314,38.44132995605469
2007-11-05,38.0374373749562,38.82096594931528,37.72241131184398,38.63518142700195
2007-11-06,39.22483913772127,40.64649583237635,39.03905464861844,40.3637809753418
2007-11-07,40.09723276209463,40.969615625425575,39.111763916041944,39.23292922973633
2007-11-08,39.992217737471044,39.992217737471044,37.48008537570222,38.40900802612305
2007-11-09,38.05359755711441,38.62710677121757,37.253913308225535,38.15052795410156
2007-11-12,37.2377632034363,37.35892852850607,34.52369011922315,34.61254119873047
2007-11-13,34.935627530824966,35.92917217523314,34.12786735670185,35.21026611328125
2007-11-14,35.81610917933344,35.96150635029201,34.93564990246761,35.226444244384766
2007-11-15,35.3152964767106,35.3152964767106,33.635152851714246,33.853248596191406
2007-11-16,33.925939112088585,34.54791503224026,33.7805419836707,34.1521110534668
2007-11-19,34.05518353564739,34.05518353564739,32.35888766943279,32.73853302001953
2007-11-20,32.463891603331454,33.982482122736954,32.463891603331454,33.7239990234375
2007-11-21,33.46551803854,33.46551803854,31.90654001412567,32.19733428955078
2007-11-23,32.06809249542014,33.384742974398186,32.06809249542014,33.07779312133789
2007-11-26,34.07135504242988,34.07135504242988,32.423522065262134,32.44775390625
2007-11-27,32.181178705811874,33.09394894104021,31.66421247461197,32.770843505859375
2007-11-28,32.19733614313981,33.53821853817942,32.19733614313981,33.41705322265625
2007-11-29,33.11817710602623,34.402516292660735,32.60121093202317,33.6351432800293
2007-11-30,34.0551847992026,34.46714132552982,32.97278553467458,33.41705322265625
2007-12-03,33.441284898832684,33.441284898832684,32.092323303222656,32.092323303222656
2007-12-04,31.72074836520573,31.72074836520573,30.428329995057062,31.373411178588867
2007-12-05,32.19732750432181,32.19732750432181,31.3895671678616,31.502653121948242
2007-12-06,31.64805843164651,31.664214012326298,31.1553240056798,31.494585037231445
2007-12-07,31.5268862840681,31.906534644352973,31.155317253052974,31.438032150268555
2007-12-10,31.50266050425492,31.874229606573127,31.34918711365267,31.80961036682129
2007-12-11,32.043852387312484,32.043852387312484,30.49295395652414,30.58180809020996
2007-12-12,31.14723575907978,31.28455351992455,29.176298814356215,29.66903305053711
2007-12-13,29.612499861304588,29.70135400948618,28.538179996633346,29.434791564941406
2007-12-14,29.079364891922186,29.32977164333681,28.853193039909222,29.224761962890625
2007-12-17,29.362081473549253,29.362081473549253,28.40084796329982,28.5543212890625
2007-12-18,28.61086832140416,29.281310848858897,28.25545489901142,28.635103225708008
2007-12-19,28.408935942242202,30.24255268807448,28.408935942242202,29.644811630249023
2007-12-20,29.975987581270957,31.4945779273697,29.935600179369864,31.171472549438477
2007-12-21,31.44611813230364,32.5608285425393,31.171479424893747,32.27811050415039
2007-12-24,32.11654039266197,32.326559745351474,31.438021781764025,32.084232330322266
2007-12-26,32.108477639641585,32.98086039796086,31.72882924503654,32.875850677490234
2007-12-27,32.439121601545686,33.03759780006035,31.84064231787953,32.20458221435547
2007-12-28,32.04283202371929,32.843499826382526,32.04283202371929,32.68983459472656
2007-12-31,32.350172523774305,32.989089171555534,32.1237223033568,32.196510314941406
2008-01-02,32.479560358510255,33.57946628678109,32.37442147517952,33.425804138183594
2008-01-03,33.70077633589972,34.06471623820835,32.997161248204065,33.96766662597656
2008-01-04,33.886794063634426,33.886794063634426,32.471474554046026,32.786888122558594
2008-01-07,32.827322102153495,33.35301339007427,31.945780196120324,32.72218322753906
2008-01-08,32.7949775991677,33.353019893496715,32.05092532026502,32.139888763427734
2008-01-09,31.64654511280408,32.09944538158373,30.999542525153377,31.290691375732422
2008-01-10,31.05616083644457,32.21267952678301,30.829707574773643,31.970050811767578
2008-01-11,31.961957260581986,31.961957260581986,31.104676941835685,31.23407745361328
2008-01-14,31.557590122024017,32.067106145877936,31.39583866054551,31.889179229736328
2008-01-15,31.54140866513284,31.80020972018844,30.457678090155532,30.530466079711914
2008-01-16,30.012865452922462,30.279752704384915,28.953396460384646,29.276899337768555
2008-01-17,29.414381305181635,29.648920699151617,27.618949572586132,27.869661331176758
2008-01-18,28.007156167183894,28.823996474642584,26.899160796420766,27.732179641723633
2008-01-22,25.079462425024154,28.18507645252554,24.89344937005112,27.902013778686523
2008-01-23,27.319702191628853,27.853479572605853,25.73454549480636,27.52189064025879
2008-01-24,28.290218718313625,28.791645408355812,27.7726165756698,28.25786781311035
2008-01-25,29.107055405359066,29.107055405359066,27.756434733006408,28.03949737548828
2008-01-28,28.29830146366195,28.468139049098745,27.473372082059978,27.837308883666992
2008-01-29,27.90201661876267,28.23360567836217,27.255013951879747,27.893930435180664
2008-01-30,27.602766815252245,28.0880178393474,27.198389933456024,27.618942260742188
2008-01-31,27.392496424066994,27.48145985544354,26.907245270387875,27.34397315979004
2008-02-01,27.34396913779345,27.84539566752777,26.551390724616255,26.96385383605957
2008-02-04,27.085170953164145,27.58659753480792,26.80210522155687,27.27927017211914
2008-02-05,26.826368308624758,26.882983926140163,25.88012762327167,26.001441955566406
2008-02-06,26.11466023020218,26.624172888997414,25.273555560705695,25.758808135986328
2008-02-07,25.726466291763074,26.06614305965748,25.241213545831645,25.863954544067383
2008-02-08,26.163192682516097,26.510957176132827,26.08231851034324,26.34920883178711
2008-02-11,26.5675608075891,26.5675608075891,25.880121319110575,26.28449821472168
2008-02-12,26.632273260497268,27.699828445755077,26.462435636740825,27.360153198242188
2008-02-13,27.966711448874136,28.621800135860276,27.41675854797756,28.540925979614258
2008-02-14,29.06661467613054,30.117997236706287,29.05852849442441,29.212190628051758
2008-02-15,29.511426095766737,29.92388915640216,28.678407624050863,29.293062210083008
2008-02-19,29.519520323027265,29.923897313753663,29.236457663579422,29.462907791137695
2008-02-20,29.454821849413367,30.174615565706375,29.301159686241753,30.020950317382812
2008-02-21,30.328269944012995,30.63559727662132,29.28497671750267,29.414377212524414
2008-02-22,29.4790747866648,29.964325802310434,28.9614728806026,29.875362396240234
2008-02-25,29.600402006369514,30.643695647903225,29.592315821967592,30.36871910095215
2008-02-26,30.53046286150363,31.929606882024544,30.14226131984045,31.58184242248535
2008-02-27,31.961957260581986,31.961957260581986,30.82161428643205,31.23407745361328
2008-02-28,31.234098214210047,32.85969650188795,31.031909587345385,32.487667083740234
2008-02-29,31.92152391207274,32.75453961123327,31.468620525312108,31.74359703063965
2008-03-03,31.500971157907216,31.98622235836574,31.039981591926047,31.872997283935547
2008-03-04,31.921524613485087,32.25311366379973,30.603254595582094,31.17746925354004
2008-03-05,31.412000875159812,32.09135425890245,31.339212902431985,31.994304656982422
2008-03-06,31.994319095134852,32.2612063921416,31.137038483379087,31.217912673950195
2008-03-07,30.81352730725407,30.999543449077468,29.535697544202883,29.97242546081543
2008-03-10,29.697438526874397,30.190778805334347,28.767370485336716,29.147485733032227
2008-03-11,30.31209376514731,30.5142822265625,29.373939427586865,30.5142822265625
2008-03-12,30.692222350303066,31.994317099278412,30.30402070650368,31.201738357543945
2008-03-13,30.37678843119857,32.48763288191457,30.37678843119857,32.156044006347656
2008-03-14,31.953871705632693,32.714102500158106,31.137031458601168,31.945785522460938
2008-03-17,30.384887545420753,31.015714678426185,29.18793199515706,30.206960678100586
2008-03-18,30.360615988980552,31.072317055331077,29.382024708885577,29.931974411010742
2008-03-19,29.875369315704603,29.875369315704603,27.311620816838296,27.40867042541504
2008-03-20,26.85063647988999,26.996212463308016,25.459578453963076,26.357295989990234
2008-03-24,25.758814566574458,27.287360637432815,25.758814566574458,26.737407684326172
2008-03-25,27.586596939429928,28.023324800380337,27.271183401571765,27.84539794921875
2008-03-26,27.821143455776202,28.18508034811294,27.51381602087976,27.6998291015625
2008-03-27,27.97527493073167,28.388464924380383,27.092186166724286,27.157001495361328
2008-03-28,27.019275664498725,27.238022804877712,26.22530627936328,26.841039657592773
2008-03-31,26.85724390657003,26.962564201638646,26.24961398190162,26.687105178833008
2008-04-01,26.37923867452764,26.938257031141823,26.37923867452764,26.873441696166992
2008-04-02,27.10840120447767,27.213724611767113,26.73572218245809,27.116504669189453
2008-04-03,27.140808527657494,28.356068610985442,26.80863756183717,27.926677703857422
2008-04-04,28.137321594444227,29.020410717266135,28.023897813808315,28.615324020385742
2008-04-07,29.117628417898437,29.506511246102335,27.764640437932755,28.12921905517578
2008-04-08,27.780847505085074,28.34796952110865,27.618812201854574,27.959083557128906
2008-04-09,27.748436740881097,29.26346001290795,27.699825228147322,29.020408630371094
2008-04-10,29.182436563885403,30.681255620748775,28.51809484338286,30.31667709350586
2008-04-11,30.74608514925578,31.021544264725307,29.50651758435957,29.7819766998291
2008-04-14,29.579438039636788,29.871101042585902,29.222962753014063,29.555133819580078
2008-04-15,30.008818778803274,30.251870142631812,29.33637347862636,29.798171997070312
2008-04-16,30.332889177546786,30.705571268189743,29.83058256480984,30.697467803955078
2008-04-17,30.859501037770297,31.491435221092587,30.46251476198715,30.68936538696289
2008-04-18,30.82709541661513,31.353709331490005,30.17895735331487,30.697467803955078
2008-04-21,30.77848837315927,31.248387331153545,30.65696112872019,31.05394744873047
2008-04-22,31.045845527290687,31.224084670509864,30.47872350932942,30.713674545288086
2008-04-23,30.78659417394915,30.78659417394915,29.433605860829218,29.82248878479004
2008-04-24,29.44978881423354,29.76575889640651,28.761142965373097,29.004194259643555
2008-04-25,29.360674509646934,29.790065263750897,29.044704404509844,29.449790954589844
2008-04-28,29.830578777747117,30.195157357871295,29.19864463257566,29.376880645751953
2008-04-29,29.27156680022164,29.571330103030768,27.85376330213112,28.226442337036133
2008-04-30,28.23453458251476,28.76114839498719,28.048195118710865,28.34796142578125
2008-05-01,27.90236825053121,28.347966052534634,27.26233367146133,28.064403533935547
2008-05-02,27.959075482887336,28.672028756869476,27.87805939995172,28.315553665161133
2008-05-05,28.38037938606399,28.996113034709943,28.28315942227613,28.825977325439453
2008-05-06,29.004193705362223,30.65694741972039,28.890769976241238,30.51111602783203
2008-05-07,30.64075461351524,31.045841272171515,30.446314748077157,30.608346939086914
2008-05-08,30.70556914857265,32.97405375881224,30.70556914857265,32.39072799682617
2008-05-09,32.4960483810734,32.77150739977053,31.969434551322394,32.60137176513672
2008-05-12,32.31780389877105,32.73909427426398,31.51573427452812,32.41502380371094
2008-05-13,32.69859458440487,32.93354558099883,31.66967413191677,32.795814514160156
2008-05-14,32.487940779986246,32.59326415063396,31.499531678084807,31.685871124267578
2008-05-15,31.73447176503698,32.803902861816304,31.73447176503698,32.455528259277344
2008-05-16,32.83632350009964,33.687007954134785,32.60137558734984,33.66270065307617
2008-05-19,34.1812052747012,35.50178842048868,33.751814479248104,34.74022674560547
2008-05-20,34.643005459516615,35.64762161019832,33.79232419829545,35.11290740966797
2008-05-21,35.404576787980794,35.436984464425926,32.98215705861444,33.29002380371094
2008-05-22,32.40693322378305,34.16500786770161,32.35022133788671,33.80853271484375
2008-05-23,34.05967590495658,34.2460153363614,32.81200866104782,33.19279098510742
2008-05-27,33.19279687552413,33.6870030202658,32.309707967026426,32.56085968017578
2008-05-28,32.41503353722497,33.72751655556569,32.29350939220038,33.5978889465332
2008-05-29,33.46825323169823,33.71130455344789,32.52845252118504,32.61756896972656
2008-05-30,32.682391382628275,33.51686890125195,32.66618754559329,33.176597595214844
2008-06-02,33.19279748090528,33.52496837416547,32.50414839644304,33.34672927856445
2008-06-03,33.395346199449904,34.2703318031102,32.81202040329901,33.03886795043945
2008-06-04,33.184704002631236,33.41965504651236,31.896528084488462,32.12337875366211
2008-06-05,32.342113980642324,33.10367879768916,31.831707069016108,32.91733932495117
2008-06-06,32.81202055845351,33.524973969279635,32.49605344756638,32.63378143310547
2008-06-09,32.69858739763262,33.29811377168137,32.252992802744465,32.90113067626953
2008-06-10,32.625677551488614,32.625677551488614,29.482204437289674,30.3328857421875
2008-06-11,31.126857141095922,31.937030452511006,30.4868225739081,30.567838668823242
2008-06-12,30.794693718915646,31.39422347545759,30.13845515455262,30.292387008666992
2008-06-13,30.259975587364575,30.705573434729924,30.146551804604773,30.559741973876953
2008-06-16,30.251859239795973,31.42661068057766,30.251859239795973,30.981016159057617
2008-06-17,30.867591285460094,31.23216976800243,30.17894544443057,30.34908103942871
2008-06-18,30.454418229545308,30.454418229545308,29.433601105397052,30.041231155395508
2008-06-19,30.40579618756687,30.49491572520732,29.636134196450666,30.033117294311523
2008-06-20,30.243761007033243,30.794675829827202,29.952098218717996,30.18704605102539
2008-06-23,30.38960656011994,31.92893744305258,30.292386605686637,31.580562591552734
2008-06-24,31.823604095189513,32.415030193553925,31.345601756707907,31.50763702392578
2008-06-25,31.556253910442372,32.22059583777243,30.665061334111332,31.224082946777344
2008-06-26,31.88863252589948,32.099602315699975,31.14213165812512,31.6695499420166
2008-06-27,32.15639873479509,33.03272590892475,32.05091384785104,32.8055305480957
2008-06-30,32.46472895177633,35.377710375918895,32.46472895177633,34.785377502441406
2008-07-01,34.82594551462216,34.82594551462216,33.438426001888644,34.14435958862305
2008-07-02,34.94765572506307,35.29656454172046,33.22745620488723,33.30048370361328
2008-07-03,33.203129738444545,33.308614648608646,31.807496806458207,33.25181579589844
2008-07-07,33.836035807437334,34.047002530610385,32.367372254495265,32.9597053527832
2008-07-08,32.35113117710885,33.024607445808144,32.278103667193314,32.92723846435547
2008-07-09,33.324819687349716,34.769137651911244,33.29236233874531,33.38161849975586
2008-07-10,33.592595295918436,33.81979059373483,32.497182762938436,33.0651741027832
2008-07-11,33.00025798808608,33.18688622655819,32.11581830340653,32.85420608520508
2008-07-14,33.49523252437947,34.4932732678484,33.27614995698805,34.193050384521484
2008-07-15,34.225506662233705,35.0531508587746,33.487118667570435,34.834068298339844
2008-07-16,34.752919905890266,35.14239889101858,32.862320710152915,33.2923698425293
2008-07-17,33.04893967441366,34.10377878183484,31.320624486646974,31.92918586730957
2008-07-18,32.424163381893216,32.480962220573495,31.020414906086373,31.426122665405273
2008-07-21,31.564060189695603,32.269990718585504,31.052867622766456,32.12393569946289
2008-07-22,31.92107647890211,32.05901558747173,30.428072275441632,31.134002685546875
2008-07-23,30.923046855264612,31.17458369273211,29.860091379065125,30.022375106811523
2008-07-24,29.81139738613043,30.11973294981443,28.44821953043182,28.561817169189453
2008-07-25,28.86205580662056,29.43004740791302,28.180466504130653,28.813369750976562
2008-07-28,29.040556271908144,29.998026637561562,28.89450126051668,29.243410110473633
2008-07-29,29.64912019376261,29.88443140846807,28.65107959846145,28.84581756591797
2008-07-30,28.89450907279288,29.600439755179806,28.642969130652812,29.413814544677734
2008-07-31,29.235299858843348,29.616666139354404,28.878278148459394,29.154159545898438
2008-08-01,29.154156240611712,29.340781415470424,28.066859455775244,28.164228439331055
2008-08-04,28.350859769332494,28.350859769332494,25.89227150747069,25.916614532470703
2008-08-05,26.646878023303998,27.255439485685816,25.673179064432357,26.452136993408203
2008-08-06,26.5900808990399,27.11749900960071,26.216830587817693,26.33854103088379
2008-08-07,26.127581170164646,27.076935872144848,26.127581170164646,26.565746307373047
2008-08-08,26.216833627257124,26.541397941698825,25.827353045092437,26.50082778930664
2008-08-11,26.476486062095688,26.59819651810078,25.105193566839407,25.70564079284668
2008-08-12,25.965294833086745,26.338545203439324,25.648843297557196,25.981523513793945
2008-08-13,24.91045751184288,25.37296411857961,24.001671432833003,25.145767211914062
2008-08-14,24.553432205757584,25.61638603369229,24.447947328411257,25.324275970458984
2008-08-15,24.756293597035125,25.251257677367658,22.930608242218252,23.3525447845459
2008-08-18,23.449909987344952,23.96921701172091,22.971174670620773,23.320083618164062
2008-08-19,23.1334558535657,23.49859189623116,22.36261051740712,22.533008575439453
2008-08-20,22.557347929849943,23.46613387609672,22.557347929849943,23.303850173950195
2008-08-21,23.52293326695565,24.84554129224237,23.39310692121184,24.65891456604004
2008-08-22,24.399262211495476,24.585887392622897,23.531047931974552,23.944869995117188
2008-08-25,23.81504315436584,24.082810184071192,23.295736227322042,23.59596061706543
2008-08-26,23.425572235169987,23.952992137285865,23.344430354616932,23.67711067199707
2008-08-27,23.782587608609212,24.845543016161972,23.782587608609212,24.545318603515625
2008-08-28,24.89422809706703,25.0159401140495,24.123382743424298,24.594003677368164
2008-08-29,24.74817180189217,24.869883812698905,24.139610200206295,24.407377243041992
2008-09-02,23.87995578378307,23.969211974205958,22.64660398812091,22.9224853515625
2008-09-03,22.91438086845899,23.344431778259658,22.354503560917134,22.800783157348633
2008-09-04,22.679069996539027,23.14157670938553,21.372690191889834,21.75405502319336
2008-09-05,21.989361485468002,21.989361485468002,20.82903701343069,21.802736282348633
2008-09-08,22.313919653306108,22.687169930088555,20.699203471385083,20.934513092041016
2008-09-09,20.577496892725932,20.69109456370936,19.14129113392605,19.165634155273438
2008-09-10,19.279231560664705,20.325956701747568,19.06826335485023,19.968935012817383
2008-09-11,19.717398268148298,20.48824369967218,19.068266413556287,20.24481964111328
2008-09-12,20.84526348584492,21.129259204809987,20.342185222450897,20.82903480529785
2008-09-15,19.928369142382447,20.30973551156868,19.344150396014506,19.57946014404297
2008-09-16,19.271124240807417,19.70928949273488,18.605763567275556,19.620033264160156
2008-09-17,19.465855298657818,19.465855298657818,18.20004770550491,18.29741668701172
2008-09-18,18.938433045820354,19.879674661062598,17.47788613876221,17.9809627532959
2008-09-19,18.34610382743071,19.90402155398914,18.23250461197968,19.733623504638672
2008-09-22,20.269153202303325,21.259080828507553,19.579449908878694,20.63429069519043
2008-09-23,20.40709952313648,20.910177814292474,19.887794098190096,20.309730529785156
2008-09-24,20.54503840282525,20.966974797098793,20.228586880946146,20.334070205688477
2008-09-25,20.27727214205984,20.966975591990888,19.766081083671043,20.528810501098633
2008-09-26,20.535312998850525,20.535312998850525,18.819292287510525,18.981948852539062
2008-09-29,18.461454235846926,18.737969524226568,16.582776561642596,17.11954116821289
2008-09-30,17.696972303032744,18.209338000723424,17.209004011626874,18.144275665283203
2008-10-01,18.266270297056693,18.3963965401376,16.84303012239665,17.41232681274414
2008-10-02,17.15207195224522,17.200868308314174,15.631237968687639,15.964682579040527
2008-10-03,16.37945812020064,18.119878313031162,16.37945812020064,16.655973434448242
2008-10-06,15.314059337980325,15.753231196528153,13.362188030586873,14.639037132263184
2008-10-07,14.907419650172779,14.907419650172779,13.378454208374023,13.378454208374023
2008-10-08,12.280529680443387,13.4028555231353,11.21513242030568,12.548912048339844
2008-10-09,13.248329310872117,13.923351514632415,12.29679106238103,12.63023567199707
2008-10-10,11.816957426789756,12.402519206495095,9.759359375602697,11.662434577941895
2008-10-13,12.58957384992647,13.947751492795323,12.166668659212728,13.744431495666504
2008-10-14,14.858625782253695,15.094476172608838,12.516379319137654,13.00434684753418
2008-10-15,13.012480060349366,13.012480060349366,10.76782706379408,10.857288360595703
2008-10-16,11.125669017687077,11.719362958389084,9.873218032262384,11.499777793884277
2008-10-17,11.215130315797156,12.866088373033152,11.06060746881818,11.7518949508667
2008-10-20,12.467582547523907,13.012480218731636,11.849489550989132,12.971816062927246
2008-10-21,12.321191363037117,13.394720686376969,12.044676821877026,12.199199676513672
2008-10-22,12.08533736824953,12.08533736824953,10.507574921084222,11.028074264526367
2008-10-23,10.824755831592446,11.613636777711687,10.52384158546794,11.548574447631836
2008-10-24,10.377451641719619,11.735629127812592,10.336787491866914,11.304590225219727
2008-10-27,11.215126602824073,11.499774797173469,10.361182795379817,10.39371395111084
2008-10-28,10.832885745020361,11.703095582696735,10.279856056561309,11.678696632385254
2008-10-29,11.849488296502077,13.264595184328936,11.532309621136438,12.58957290649414
2008-10-30,12.882357668325778,13.622442478903853,12.207335207538893,13.183270454406738
2008-10-31,12.849824583789363,13.435386420492822,12.272395733502242,13.191401481628418
2008-11-03,13.215798249040079,13.825758168226542,13.077540605309482,13.467914581298828
2008-11-04,14.069744047214737,15.541782033942345,14.069744047214737,14.809828758239746
2008-11-05,14.671562560493573,15.452310116539106,14.04533698874403,14.712225914001465
2008-11-06,14.102271552946805,14.460115091592684,12.776625414371104,13.118202209472656
2008-11-07,13.679370016027983,14.020947694662114,12.630238796110088,13.028746604919434
2008-11-10,13.435383600268596,14.14293620667319,12.996211733224458,13.370321273803711
2008-11-11,13.04501023195275,13.24019722018241,12.256127742748546,12.646502494812012
2008-11-12,12.256128889935749,12.418785504289449,11.304591263746001,11.385919570922852
2008-11-13,11.117537091219829,12.524511046688893,10.597037638727276,12.475714683532715
2008-11-14,11.914547932438403,12.548906690824849,11.597369328849183,11.743759155273438
2008-11-17,11.963344969737369,12.296789538018187,11.507907975468251,11.58923625946045
2008-11-18,11.83322282057872,11.938949301727476,11.182598738834775,11.792558670043945
2008-11-19,11.613636521477614,12.020276463306983,10.979278429392958,11.06873893737793
2008-11-20,10.743429140118776,10.995546288638199,9.580438458465508,9.604837417602539
2008-11-21,9.82441661105946,10.588899799761933,9.580432598162846,10.556367874145508
2008-11-24,10.897953044646636,13.35405932229216,10.897953044646636,12.931153297424316
2008-11-25,12.768495001923377,13.459782490923125,12.304925680720848,13.248331069946289
2008-11-26,12.760355310361335,14.435711460572294,12.760355310361335,14.297453880310059
2008-11-28,13.768830196600844,14.037212525750052,13.467915923938545,14.012813568115234
2008-12-01,13.939616265768432,14.110405842528131,12.882353071152446,13.036876678466797
2008-12-02,13.215798823013074,13.43538477574699,12.304925397207136,12.58957290649414
2008-12-03,11.995879703487653,12.825425655273099,11.816957890741024,12.451316833496094
2008-12-04,12.378121476103546,12.768495493057177,11.524177344512196,11.78442668914795
2008-12-05,11.361520903624735,11.800692037288183,10.979279117190414,11.760027885437012
2008-12-08,12.313056328206503,13.256459987080923,12.313056328206503,12.955547332763672
2008-12-09,12.548908923940166,13.57364176928419,12.45131543042228,13.150735855102539
2008-12-10,13.801356407264588,14.248661187791065,13.394716543808505,14.224262237548828
2008-12-11,14.492648910538312,15.289662913981001,13.752564257168892,14.102274894714355
2008-12-12,13.22393151892104,14.386922038078069,13.15073620294554,13.939617156982422
2008-12-15,14.053475262516077,14.435716203555595,12.988078401438589,13.305257797241211
2008-12-16,13.256457719435858,14.549572491414152,13.256457719435858,14.525175094604492
2008-12-17,14.045347157306622,15.086344652362932,14.045347157306622,14.370658874511719
2008-12-18,14.557712262131185,14.907422924074293,12.939285184643694,13.272729873657227
2008-12-19,13.370320962043353,13.72003154034087,12.95554805879803,13.654969215393066
2008-12-22,13.492310052225047,13.565505347722013,12.483843432409822,12.687163352966309
2008-12-23,12.719698321806987,13.297127100288861,12.719698321806987,13.11007308959961
2008-12-24,12.93114898589711,12.979946116959658,12.483845699910171,12.817290306091309
2008-12-26,12.760362906402314,13.012480048610003,12.532644722720828,12.744097709655762
2008-12-29,13.232775527943089,13.501999640119545,13.036976315094197,13.47752571105957
2008-12-30,13.485685399138783,13.967025756835938,13.322518595959627,13.967025756835938
2008-12-31,13.689647602281605,14.260728488033013,13.616222672444723,14.073087692260742
2009-01-02,14.32599371135113,15.8842309912427,14.081245003250364,15.786332130432129
2009-01-05,15.916861346224698,16.390043214914982,15.419203989885716,15.908702850341797
2009-01-06,15.76185779051646,17.1079788957175,15.508950566163403,16.667430877685547
2009-01-07,16.642948420877353,16.642948420877353,15.859751580400207,16.08002471923828
2009-01-08,15.810802860131437,16.59400136810375,15.541578713407148,16.406360626220703
2009-01-09,16.45530297343104,16.912167665656398,15.533415096395702,15.614996910095215
2009-01-12,15.174457573425741,15.174457573425741,14.44020995259812,14.578901290893555
2009-01-13,14.489158805128628,15.133664488567806,14.244408570497656,14.921549797058105
2009-01-14,14.448366554806931,14.448366554806931,13.550953681546858,13.983343124389648
2009-01-15,13.958870488297764,14.138352768431165,13.134880898280855,14.097561836242676
2009-01-16,14.611535683644787,14.668643614827495,13.746755105575742,14.30967903137207
2009-01-20,14.040453405165133,14.350470114904454,13.54279745964849,13.559114456176758
2009-01-21,13.657012299450255,14.146511266083726,13.085931468439803,14.097561836242676
2009-01-22,13.71412050591248,13.836494861041572,13.224621529321764,13.469371795654297
2009-01-23,13.281726003129162,14.024131907702092,12.947234721101125,13.722273826599121
2009-01-26,13.999662469918903,14.138353828260296,13.240939248173303,13.559114456176758
2009-01-27,13.648857484545138,13.8854493120839,13.420425712935012,13.66517448425293
2009-01-28,14.130192931037639,14.521791444785643,13.591744585615588,14.293359756469727
2009-01-29,14.268882718583818,14.325990634470289,13.901759735281923,13.942550659179688
2009-01-30,14.007815440367882,14.040447864472453,13.371466831553615,13.47752571105957
2009-02-02,13.298042010852782,13.46936729565469,12.51484515482644,12.898285865783691
2009-02-03,12.775915038763193,13.567270654077811,12.775915038763193,13.526479721069336
2009-02-04,13.542794210496192,13.812018364323281,12.637221349407774,12.906445503234863
2009-02-05,13.053295714719837,13.08592970092221,12.67801343180016,13.036978721618652
2009-02-06,12.979872642128418,13.975186021304925,12.78407336537604,13.404105186462402
2009-02-09,13.477531351942286,14.089404731716094,13.461214355023778,13.918079376220703
2009-02-10,13.958871534672673,14.27704518660169,13.41226459957123,13.559114456176758
2009-02-11,13.542793614323068,13.78754226845567,12.865654011410616,12.979869842529297
2009-02-12,12.963554199345205,13.061453820915327,12.384314188194221,12.906445503234863
2009-02-13,12.93092409614767,13.077773952771814,12.294575236134529,12.64538288116455
2009-02-17,12.310891222642924,12.310891222642924,11.470585421202294,11.723492622375488
2009-02-18,11.772444206331382,12.498533460435358,11.584802629874492,12.400633811950684
2009-02-19,11.715333379811515,12.033507763481676,11.356368066830422,11.41347599029541
2009-02-20,11.340051651968212,11.486901494707936,11.087144453957736,11.282943725585938
2009-02-23,11.397155910302937,11.421630615199478,10.483425554451399,10.565008163452148
2009-02-24,10.589484300612927,11.217674442871463,10.483426972371017,11.17688274383545
2009-02-25,11.225834655826375,11.552166741969035,10.850552367743786,11.429792404174805
2009-02-26,11.511378419034864,11.862186098242459,11.405320265366585,11.674545288085938
2009-02-27,12.032237528824247,12.105904415056816,11.303755610749043,11.934015274047852
2009-03-02,11.696641450936836,11.713012212584196,10.8044552367786,11.164604187011719
2009-03-03,11.377421863271705,11.704830164021205,11.22190348635149,11.295570373535156
2009-03-04,11.696641537404435,12.187753462043466,11.590233927712616,12.007678985595703
2009-03-05,11.827604700368072,12.056789904624507,11.369234291855204,11.541123390197754
2009-03-06,11.631162334786309,11.958569828416753,11.254643326810779,11.704829216003418
2009-03-09,11.344678143256523,11.925826924930321,11.254641293921473,11.532938003540039
2009-03-10,11.778495537139703,12.318718266242252,11.778495537139703,12.253236770629883
2009-03-11,12.122273544426223,12.867126128029405,11.958569027967556,12.736163139343262
2009-03-12,12.736161867183062,12.88349482443803,12.245049928064088,12.777087211608887
2009-03-13,12.777083304910649,12.785268683533431,11.925823443158125,12.597009658813477
2009-03-16,12.654309970545828,13.399163281152475,12.4660501024054,12.924421310424805
2009-03-17,12.89167936323193,13.62834644317627,12.580641926192962,13.62834644317627
2009-03-18,13.587420894045579,13.972124408726733,12.899864546937613,13.923013687133789
2009-03-19,14.24223546649046,14.610569774903817,14.152199405368487,14.160383224487305
2009-03-20,14.086716980127832,14.561459692310471,13.939384811507603,14.062162399291992
2009-03-23,14.119459643191364,14.864312171936037,14.119459643191364,14.864312171936035
2009-03-24,14.37320078287961,14.774275117050637,14.135830959522108,14.545090675354004
2009-03-25,14.471425047873662,14.905239384845926,14.021238384967774,14.45505428314209
2009-03-26,14.798830698271534,15.101683563378796,14.659682337741472,14.88886833190918
2009-03-27,14.749256519348448,14.749256519348448,14.108699577974525,14.297581672668457
2009-03-30,13.985513987593677,13.985513987593677,13.56668750214931,13.86232852935791
2009-03-31,13.993728736393656,14.36328047222058,13.960878857812547,14.10048770904541
2009-04-01,13.89517839759663,14.634283314905014,13.59132333582203,14.478249549865723
2009-04-02,15.110599739259005,15.307694334588676,14.511103482668508,14.568589210510254
2009-04-03,14.593224610584492,14.691771111480024,14.010151809207098,14.461828231811523
2009-04-06,14.059430231370403,14.32222305630594,13.837698197942744,14.240099906921387
2009-04-07,13.821267572424698,14.026574578293376,13.583112260128468,13.88696575164795
2009-04-08,13.985514558789312,14.494675083668668,13.854118193248302,14.32221794128418
2009-04-09,14.716406195329975,15.18450591656514,14.461825947466107,14.675345420837402
2009-04-13,14.609653529967757,15.192724923836334,14.281160927168132,15.028478622436523
2009-04-14,15.028472141327038,15.291266423509052,14.683556310229296,14.839590072631836
2009-04-15,14.864226772902994,14.946349884296106,14.626069906499774,14.888862609863281
2009-04-16,14.962779577536264,15.036690252391788,14.667138444482891,14.938143730163574
2009-04-17,14.847802803665772,15.094170587510991,14.63428332669477,14.724618911743164
2009-04-20,14.387920722623635,14.387920722623635,13.821272736139726,13.952669143676758
2009-04-21,13.763786209115427,14.552164608827999,13.427082738442103,14.527528762817383
2009-04-22,14.199040153375801,15.168088374571674,14.116916997987973,14.847809791564941
2009-04-23,14.970992692033057,16.301383330225878,14.905294485601857,16.145349502563477
2009-04-24,16.457417087212363,17.377191973299233,16.301383260220046,17.08976173400879
2009-04-27,16.78590149744698,17.245788759106738,16.440985659610117,17.015844345092773
2009-04-28,16.629870543010213,17.434673778545985,16.473836751183992,17.29506492614746
2009-04-29,17.533220745237085,18.765062930152546,17.533220745237085,18.567968368530273
2009-04-30,18.609033054018767,19.274227534908437,18.33802777911048,18.71579360961914
2009-05-01,18.7157871292697,20.33360574762832,18.469417786060326,20.087236404418945
2009-05-04,20.28433812361566,20.933107617714693,20.20221498646718,20.703163146972656
2009-05-05,20.48143314884932,20.64567786027328,19.504171085357665,20.53070640563965
2009-05-06,20.982382243600785,21.245176612910047,20.670316181700986,21.048080444335938
2009-05-07,21.269809693994585,21.351932825829156,20.161151330148993,20.47321891784668
2009-05-08,20.8838362933198,21.3847860665219,20.694954156868377,21.056293487548828
2009-05-11,20.662096862880304,21.113771647442125,20.366454274371105,20.965951919555664
2009-05-12,21.105560054310484,21.69684364559266,20.53069983245452,21.425838470458984
2009-05-13,20.867414142017214,21.228755087394045,19.890151878242307,20.095458984375
2009-05-14,19.81623713352121,20.662102801326256,19.47132120325172,20.53070640563965
2009-05-15,20.45679686469426,20.949534158859294,19.914786311023327,20.19400405883789
2009-05-18,20.32539350330547,21.466899950334117,20.32539350330547,21.37656593322754
2009-05-19,21.417633394854477,21.811822591763598,20.94132105699713,21.33551025390625
2009-05-20,21.69685109586393,22.76444722719581,21.69685109586393,21.893945693969727
2009-05-21,21.713274032966996,21.713274032966996,20.752436976914787,21.187686920166016
2009-05-22,21.3519356185654,21.696851564289275,21.19590180430804,21.401208877563477
2009-05-26,21.02343850984834,21.425840068615468,20.80170655919047,21.302656173706055
2009-05-27,21.458697502292527,21.86931170419637,21.01523497874819,21.08914566040039
2009-05-28,21.425844614382648,22.230647902666224,21.286235752833985,22.049978256225586
2009-05-29,22.468799018813293,23.248964694186007,22.24706707856676,22.6658935546875
2009-06-01,23.019027328684164,24.07019843676605,23.019027328684164,23.78276824951172
2009-06-02,23.782767483083813,24.308354586555595,23.35573001737159,23.561037063598633
2009-06-03,23.150418857700195,23.175054696394252,21.688632384406148,22.091033935546875
2009-06-04,22.263495701053845,22.805506156042366,22.14852269464801,22.55092430114746
2009-06-05,22.813723136033012,22.986180330185732,22.123891226684716,22.35383415222168
2009-06-08,22.1485193335684,22.312765565584414,21.466900133527815,22.17315673828125
2009-06-09,22.608415954292617,23.199699774020953,22.419532252417902,22.87942123413086
2009-06-10,23.290034073581005,23.437855411753638,22.32098447122138,22.920480728149414
2009-06-11,23.035453494336753,23.561040678446645,22.797298098686035,23.2325496673584
2009-06-12,22.994393426567395,22.994393426567395,22.197802503896916,22.477020263671875
2009-06-15,21.959643053624305,22.05819113209314,20.892046963116194,21.204113006591797
2009-06-16,21.507960701028832,21.746115994807237,20.68673274140891,20.916675567626953
2009-06-17,20.604614072112515,20.867406825199314,20.013330377667213,20.62925148010254
2009-06-18,20.530707660184422,20.85098619844532,20.120093506980734,20.37467384338379
2009-06-19,20.55534370488749,21.187688268285402,20.55534370488749,20.941320419311523
2009-06-22,20.53891177703121,20.53891177703121,19.07712542231347,19.134611129760742
2009-06-23,19.183887942733726,20.267908729048656,19.175675474186708,20.103662490844727
2009-06-24,20.489642295643453,20.612826200821267,19.775173139422805,20.185787200927734
2009-06-25,19.799811812237504,21.18768630102582,19.791599342518417,21.146625518798828
2009-06-26,21.1894092066147,21.609083130701862,20.92608476080413,21.436275482177734
2009-06-29,21.502106593630376,21.773660124564717,21.222325547109772,21.436275482177734
2009-06-30,21.20587417145528,21.80658345212663,20.843802157685182,21.065982818603516
2009-07-01,21.296389523373843,21.979388064827084,21.181185441779142,21.230558395385742
2009-07-02,21.12358419029576,21.271704626188196,20.84380149350737,21.01660919189453
2009-07-06,20.53933937215611,20.53933937215611,19.444895429851073,19.798738479614258
2009-07-07,19.76581652879104,20.070284924465824,19.46957565123677,19.584779739379883
2009-07-08,19.634160271344278,19.930399669979042,18.605547542452204,19.14865493774414
2009-07-09,19.560097235275464,19.757590662667546,19.15688129149101,19.346145629882812
2009-07-10,19.058134694270237,19.32968836596819,18.770122843793416,19.280315399169922
2009-07-13,19.230944524244862,19.749364655864365,18.654920760633424,19.675304412841797
2009-07-14,20.045595170625685,20.18548649340816,19.658835976707145,20.06205177307129
2009-07-15,20.366524205223808,21.033064557924167,20.366524205223808,20.893173217773438
2009-07-16,20.827346402951765,21.32108073920051,20.481732524531463,21.17296028137207
2009-07-17,21.10712658332882,21.230559760048333,20.736827053170277,20.9343204498291
2009-07-20,21.386909224634373,22.069907807977227,21.247017872887618,22.0369930267334
2009-07-21,22.22626416325207,22.39907034933049,21.3540010035595,21.930023193359375
2009-07-22,21.642009886838217,22.283864756108905,21.642009886838217,21.888877868652344
2009-07-23,21.93824474996442,22.818736697518556,21.724293186239628,22.613014221191406
2009-07-24,22.54718626273555,22.91748740002123,22.26740353001707,22.374380111694336
2009-07-27,22.464897366982587,22.62124691337678,22.10282688101671,22.538957595825195
2009-07-28,22.0287644622145,22.73644875591302,21.97938993486914,22.506040573120117
2009-07-29,22.382612395530636,22.93394885111986,21.650239104962676,21.831275939941406
2009-07-30,22.07814120915412,22.571875580578045,22.07814120915412,22.31678009033203
2009-07-31,22.25917251550159,22.999774725992825,22.25917251550159,22.752906799316406
2009-08-03,23.180809100312374,24.299939893336333,23.180809100312374,24.053071975708008
2009-08-04,23.814436668677075,23.86380962843766,23.28778600959117,23.501737594604492
2009-08-05,23.44413968317698,23.78152451188993,23.04092370665512,23.518199920654297
2009-08-06,23.756832242930948,23.8062051977499,23.28778367876811,23.337158203125
2009-08-07,23.4523635437709,23.64162785532975,22.991545611855173,23.114978790283203
2009-08-10,22.94216851467657,22.99977212305856,22.629471059720718,22.89279556274414
2009-08-11,22.538955966628347,22.72822185417763,21.921788483909822,22.045223236083984
2009-08-12,22.09459777215366,22.57187393007167,21.839502300560802,22.028766632080078
2009-08-13,22.41551858700676,23.83911760390645,22.127506835089914,23.740371704101562
2009-08-14,23.781518160744067,24.299939684634474,23.205496163634443,23.427675247192383
2009-08-17,22.835193523899996,23.10674711383513,22.292086344029727,22.89279556274414
2009-08-18,22.851660242220806,23.320707384805605,22.719997941479054,23.13144302368164
2009-08-19,22.67884391865879,23.67454145736333,22.563639841442892,23.312469482421875
2009-08-20,23.279559484086487,23.765063153265068,23.279559484086487,23.55111312866211
2009-08-21,23.90495390953814,24.267025949574577,23.715689585931546,23.839122772216797
2009-08-24,23.99547118319693,24.24233754415496,23.715688470357534,23.83089256286621
2009-08-25,23.90495166821223,24.40691502418475,23.51819396890398,23.633398056030273
2009-08-26,23.67454649855701,23.699232194909587,22.75290897596536,23.14789581298828
2009-08-27,22.97508734704628,23.06560574332671,22.03699331118735,22.794052124023438
2009-08-28,22.991545289088123,23.444134126816575,22.59655692631024,22.909255981445312
2009-08-31,22.53895598501153,22.53895598501153,21.41159759460085,21.87241554260254
2009-09-01,21.781906183901274,22.47313417758321,21.25525688187265,21.460979461669922
2009-09-02,21.131813951149173,21.51857165866264,20.89317511470992,21.065982818603516
2009-09-03,21.1976391442411,21.872408456152172,21.090662602867358,21.790119171142578
2009-09-04,21.814817125486456,22.283864239662883,21.814817125486456,22.102828979492188
2009-09-08,22.563639841442892,23.452360820271675,22.555410754564925,23.312469482421875
2009-09-09,23.057378462634265,23.156124384917515,22.596558926851987,22.851655960083008
2009-09-10,22.7364449825816,23.493503677984314,22.703530206018577,23.435901641845703
2009-09-11,23.559338665656096,23.723917284084322,22.917485506769683,23.057376861572266
2009-09-14,23.049151870933724,23.45236783126705,22.662394089276443,23.263103485107422
2009-09-15,23.47704898838403,24.209420483916055,23.41121786035349,24.176504135131836
2009-09-16,24.4398303308011,25.410839081396784,24.21764968408486,25.032310485839844
2009-09-17,25.147517727586077,25.353240225680455,24.629097722985012,24.99939727783203
2009-09-18,25.00762038707523,25.246259181187295,24.53034436838883,24.7196102142334
2009-09-21,23.86381142282828,24.242340092018942,23.501739361769843,24.22588348388672
2009-09-22,24.670243100337885,24.867736522216333,24.40691853783329,24.645557403564453
2009-09-23,24.530341128233957,24.76075080561088,23.937861118670106,24.21764373779297
2009-09-24,24.39045616362474,24.415143425688637,22.82696566561714,23.03268814086914
2009-09-25,22.966861061440593,23.114981520866976,22.456670111792153,22.91748809814453
2009-09-28,22.311460415050536,23.333862719337173,22.311460415050536,22.822662353515625
2009-09-29,22.929855191036953,22.96283668036327,22.369182453641297,22.608293533325195
2009-09-30,22.913364172168258,23.23492580396169,22.591800967730983,22.921607971191406
2009-10-01,22.95458534139677,23.012301360071607,21.717808120729458,21.775524139404297
2009-10-02,21.41274213849467,22.163053751659984,21.124161958541887,21.59413719177246
2009-10-05,21.825001289031793,22.550578355302232,21.660098554075077,22.459880828857422
2009-10-06,22.962834473937512,23.201943958002172,22.641271274479774,23.111248016357422
2009-10-07,23.3338684600181,23.45754746948877,22.92985466097399,23.399829864501953
2009-10-08,23.704900907603797,24.44696705626958,23.69665553596215,24.273818969726562
2009-10-09,24.24908271333335,24.54590980012552,24.12540528471789,24.290307998657227
2009-10-12,24.455213060746807,24.7190586695317,24.25732885415814,24.356271743774414
2009-10-13,24.57888724562546,24.83448902142603,24.199609626272878,24.463455200195312
2009-10-14,24.75203515477865,24.859221821944555,24.3892467296939,24.479944229125977
2009-10-15,24.125404064452166,24.463456419469487,23.944010616500645,24.348024368286133
2009-10-16,24.009971917619517,24.438720208582705,23.79559698581605,24.339778900146484
2009-10-19,24.47994387734498,24.66133730095892,24.108910087403356,24.42222785949707
2009-10-20,24.5211778740791,26.260912261403906,24.364518932328824,25.444639205932617
2009-10-21,25.2467548671397,26.524756224272828,24.982907650101144,25.71673011779785
2009-10-22,25.33744470819652,25.840401329315434,24.90045105489727,25.67549705505371
2009-10-23,25.708480321115207,26.038287319857673,24.916941951489477,25.081846237182617
2009-10-26,25.205522982848425,25.988815959722352,24.479947605255425,24.719057083129883
2009-10-27,24.859225256359704,24.949922768322054,23.721390748063396,24.166629791259766
2009-10-28,23.67192011479888,23.70490160233206,22.62478304792261,22.723724365234375
2009-10-29,22.83915838269266,23.65543134112697,22.781440778539846,23.342113494873047
2009-10-30,23.300883726468435,23.49052252856981,22.01463581865253,22.435138702392578
2009-11-02,22.97932742502643,23.17721164305243,22.13831831893295,22.608293533325195
2009-11-03,22.196035196726246,23.498774194423618,21.981660225884397,23.30088996887207
2009-11-04,23.605961327166366,24.364518325370742,23.259663532928624,23.366851806640625
2009-11-05,23.622452203840652,24.273822504591546,23.474038637966068,23.96875
2009-11-06,23.721391374433992,24.48819362908827,23.52350717527221,23.944011688232422
2009-11-09,24.677835225167595,25.032378378181352,24.5211762935151,24.62836456298828
2009-11-10,24.5046783164783,24.578885074168543,24.13364610067063,24.413982391357422
2009-11-11,24.916939030412458,24.916939030412458,24.348022614018678,24.38924789428711
2009-11-12,24.240840674094056,24.45521564706447,23.836826846334294,24.191370010375977
2009-11-13,24.125406049765694,24.529419834798045,24.125406049765694,24.356271743774414
2009-11-16,24.653095974543685,25.10658196692561,24.554154662759704,24.743793487548828
2009-11-17,24.3892467296939,24.686073765912656,23.968742285931853,24.479944229125977
2009-11-18,24.611871176704177,25.057110233823014,24.611871176704177,24.842735290527344
2009-11-19,24.735547530749614,25.032374604364612,24.372759059958366,24.94167709350586
2009-11-20,24.570639762128536,24.809750775837834,24.216098285558168,24.446962356567383
2009-11-23,24.883954218718923,25.07359298682568,24.38924308973507,24.52116584777832
2009-11-24,24.430473399178993,24.49643479180114,23.82033012426325,24.133647918701172
2009-11-25,24.216096493982633,24.471696656251464,23.878042637248473,24.4552059173584
2009-11-27,23.28440063857098,23.828582685068596,22.863896043978436,23.540000915527344
2009-11-30,23.72139544338845,24.133654655518338,23.58122724835852,23.746129989624023
2009-12-01,24.067686278655977,24.966411226795806,24.067686278655977,24.661338806152344
2009-12-02,24.669586372649075,25.584802143402275,24.669586372649075,25.543575286865234
2009-12-03,25.683750385524966,26.211443283110324,25.378679428034932,25.73322105407715
2009-12-04,25.71672790905719,26.37634196339087,25.04886690981989,25.41165542602539
2009-12-07,25.16429648726538,25.914607942710308,25.16429648726538,25.6342716217041
2009-12-08,24.991142277000556,25.147801150738754,23.927514783809457,24.150135040283203
2009-12-09,24.41398616183729,24.521172843586182,23.762615982102112,24.438720703125
2009-12-10,24.77677848326143,25.296225980939177,24.381010009650655,25.22201919555664
2009-12-11,25.197274095262692,25.477610390645673,25.0571059475712,25.29621696472168
2009-12-14,25.370430398739927,26.194948761473285,25.362185026395316,26.021799087524414
2009-12-15,25.88986797946694,26.326863137842082,25.774435948917965,25.90635871887207
2009-12-16,26.03828837870809,26.203192671107086,25.675499879016627,25.78268814086914
2009-12-17,25.626023908512376,25.626023908512376,25.007635299163486,25.29621696472168
2009-12-18,25.28796883643748,25.576550470520644,24.94167119006636,25.1972713470459
2009-12-21,25.28797390591077,25.832155806065476,25.28797390591077,25.6342716217041
2009-12-22,25.601287374020878,26.186696065617916,25.601287374020878,26.07950782775879
2009-12-23,26.112494837577238,26.937011571680184,26.112494837577238,26.89578628540039
2009-12-24,26.912270182999446,27.134890446625246,26.706140658748183,26.961742401123047
2009-12-28,27.011218345098907,27.209104122644742,26.739128939422077,26.89578628540039
2009-12-29,27.256728894699673,27.339323782548227,26.761153266022337,26.827228546142578
2009-12-30,26.752890720579035,26.752890720579035,26.430766260901162,26.637256622314453
2009-12-31,26.73637711469284,27.00068458456364,26.571184158325195,26.571184158325195
2010-01-04,27.157613244503004,27.86794059265546,27.157613244503004,27.454959869384766
2010-01-05,27.653191313336663,27.818384247506234,26.951125281607414,27.157615661621094
2010-01-06,27.141095833586288,27.34758621192971,26.918085846880217,27.05023956298828
2010-01-07,26.959387601304392,27.157619782546465,25.935195350072142,26.46381187438965
2010-01-08,26.513366968239442,26.645520702536952,26.001271641685772,26.604223251342773
2010-01-11,26.785926514000764,26.934599807296003,26.149935903969443,26.356426239013672
2010-01-12,26.001269274441,26.21601946697206,25.596548303077455,25.77825927734375
2010-01-13,25.893893098291596,25.96822975862919,25.200085318738395,25.687402725219727
2010-01-14,25.819561198452547,25.90215767798938,25.580031565335414,25.695667266845703
2010-01-15,25.71218079522692,25.860854117252213,24.993595172633395,25.224864959716797
2010-01-19,25.233120957997375,25.505688165819212,25.14226627232103,25.4726505279541
2010-01-20,25.208345126081806,25.208345126081806,24.57235439884019,24.795364379882812
2010-01-21,24.762326422378152,24.836663086503364,24.002441747740026,24.076778411865234
2010-01-22,24.01896043738202,24.02722024145725,23.29211500812355,23.42426872253418
2010-01-25,23.53989913978046,24.01069687051266,23.432524854422496,23.639015197753906
2010-01-26,23.20951705882261,23.812468539194818,22.936949843353226,23.482084274291992
2010-01-27,23.366456326435472,23.853772260825917,22.936955881301436,23.217782974243164
2010-01-28,23.374713293084437,23.52338663723922,22.7222044303345,23.13518524169922
2010-01-29,23.333416822406466,23.886811195900652,22.193590428327237,22.358781814575195
2010-02-01,22.623087172636204,23.077366986885526,22.548750504402616,23.036067962646484
2010-02-02,23.490342899461453,23.490342899461453,22.969986329870967,23.292112350463867
2010-02-03,23.25907419874982,23.37470829708991,22.581786064935375,22.606565475463867
2010-02-04,22.350519251933548,22.350519251933548,21.400663778136256,21.458480834960938
2010-02-05,21.36762462903139,21.813643018381928,20.90508505624261,21.76408576965332
2010-02-08,21.879723150628,21.879723150628,21.227214289262644,21.276771545410156
2010-02-09,21.722791472584703,22.416599407221188,21.58237792449406,22.30922508239746
2010-02-10,22.33399784684783,22.61482328397809,22.12750748913095,22.30095863342285
2010-02-11,22.40007676858994,23.135182005876015,22.251403445229485,23.06910514831543
2010-02-12,22.837834966677136,23.00302789543796,22.45789343608237,22.763498306274414
2010-02-16,23.176484864877562,23.333418029015707,22.928696984993685,23.226043701171875
2010-02-17,23.36645271406389,23.539903881208737,23.036066837869985,23.399490356445312
2010-02-18,23.300373236066154,23.845509277238463,23.300373236066154,23.74639320373535
2010-02-19,23.795955979829593,24.489763929311195,23.713359495291893,24.1015625
2010-02-22,24.415419937223497,24.48975659350048,24.08503567343493,24.159372329711914
2010-02-23,24.109820011077126,24.37412747612187,23.08562779633036,23.259078979492188
2010-02-24,23.316896438598633,23.663800386241192,23.102146225734497,23.316896438598633
2010-02-25,22.647863850440107,23.044324982846902,21.84668178177681,22.93695068359375
2010-02-26,22.969985403696654,22.969985403696654,22.433110824884327,22.697418212890625
2010-03-01,22.71394305460447,23.04432736577393,22.532232077310432,22.97825050354004
2010-03-02,23.069107367429666,23.1104048166039,22.83783755602253,22.912174224853516
2010-03-03,22.796538393260132,22.887393089693347,22.127509999468042,22.466154098510742
2010-03-04,22.4661523126915,22.66438287378392,22.259661947962336,22.43311309814453
2010-03-05,22.598304178907764,22.79653472384951,22.581784572980204,22.66438102722168
2010-03-08,22.738720986593002,22.88739273538125,22.581787858242752,22.71394157409668
2010-03-09,22.614827335645828,22.969991066613343,22.466155574786654,22.7304630279541
2010-03-10,22.738720860512505,23.110402593517087,22.730461056392862,23.06910514831543
2010-03-11,23.03606380555923,23.209516525268555,22.8791322679608,23.209516525268555
2010-03-12,23.407748954239445,23.457306202955248,23.126921919188998,23.300373077392578
2010-03-15,23.316896620135875,23.316896620135875,22.631348524861565,22.961732864379883
2010-03-16,23.069107916830866,23.20126164781176,22.90391496540638,23.168222427368164
2010-03-17,23.333408796449053,23.86202357125064,23.333408796449053,23.639015197753906
2010-03-18,23.746397126442602,23.80421418912176,23.060849028938566,23.176483154296875
2010-03-19,22.8048038482666,23.35819826986899,22.623091259581148,22.8048038482666
2010-03-22,22.49919179247804,22.796538446140527,22.292701410856107,22.771759033203125
2010-03-23,22.72220408351685,22.903915070600963,22.60656996222666,22.829578399658203
2010-03-24,22.623087021119982,22.64786643549745,22.201846429083115,22.284442901611328
2010-03-25,22.45789615438789,22.65612674765681,21.970578688494683,22.003616333007812
2010-03-26,22.094471837157727,22.30922203284686,21.854942227405623,22.119251251220703
2010-03-29,22.357738146692952,22.672401914558982,22.21696713963007,22.655841827392578
2010-03-30,22.763481773624115,22.895971902422687,22.53162325852315,22.73036003112793
2010-03-31,22.688956184183258,22.9125338718182,22.548185223013878,22.697237014770508
2010-04-01,22.887695121760913,22.91253761758394,22.018228300248474,22.109315872192383
2010-04-05,21.951985335038376,22.448824243424777,21.80293350458172,22.415700912475586
2010-04-06,22.316331788950688,22.630995503649054,22.233525049480427,22.390857696533203
2010-04-07,22.158999759667935,22.45710339830882,22.125876431193515,22.32461166381836
2010-04-08,22.117592232184542,22.415695825446072,21.91885702981252,22.3825740814209
2010-04-09,22.432258570705148,22.82972899464816,22.33289017501586,22.771764755249023
2010-04-12,22.738640532695563,22.74692136362674,22.473660260525975,22.630992889404297
2010-04-13,22.53990706214766,22.53990706214766,22.216962528028684,22.515066146850586
2010-04-14,22.53162653111813,22.539907362796647,22.241805319405632,22.34945297241211
2010-04-15,22.349450777103524,22.382574100564018,22.001663777803287,22.043067932128906
2010-04-16,21.985102514623787,22.018225838684746,21.306090165444274,21.59591293334961
2010-04-19,21.37233442931221,21.513105392456055,21.049389928914497,21.513105392456055
2010-04-20,21.786365230694376,21.794646060919867,21.537946641557145,21.612472534179688
2010-04-21,21.50482250355358,21.73668100283696,21.297806494002753,21.529664993286133
2010-04-22,21.3640518766345,21.3640518766345,21.05766906233849,21.289525985717773
2010-04-23,21.231563388824224,21.289527624129892,21.032828190887525,21.11563491821289
2010-04-26,21.090789794921875,21.272964888191034,20.925177940339715,21.090789794921875
2010-04-27,20.98314784773831,21.30609239407783,20.718167545161553,20.825815200805664
2010-04-28,20.974864987698723,20.974864987698723,20.28757180207018,20.635358810424805
2010-04-29,20.585678255616898,20.676764251311145,20.08055854555549,20.436626434326172
2010-04-30,20.370379370605352,20.900339946293588,20.279291804381273,20.378660202026367
2010-05-03,20.610517164186422,20.68504306756847,20.28757263580229,20.378660202026367
2010-05-04,20.171646352727105,20.28757484643929,19.80729762753661,20.213048934936523
2010-05-05,20.0143071621013,20.527707542656056,19.591994327953053,20.204761505126953
2010-05-06,20.030871363189988,20.295851627008478,18.55691667144095,19.492630004882812
2010-05-07,19.46778415337301,19.749326029947028,19.053752167753185,19.442941665649414
2010-05-10,20.188202385381928,20.370377501110934,19.8901003786192,20.171642303466797
2010-05-11,19.914940636213228,20.544269531091818,19.914940636213228,20.411779403686523
2010-05-12,20.57739329545096,21.08251132477567,20.560831634317186,20.941741943359375
2010-05-13,20.8672248114812,21.18188860814078,20.817539807213162,21.04939842224121
2010-05-14,20.825815997399914,20.825815997399914,20.19648696500449,20.776132583618164
2010-05-17,20.858931970876945,20.858931970876945,20.146796447021664,20.535985946655273
2010-05-18,20.84237701455173,21.065954738737442,20.660203450071073,20.6767635345459
2010-05-19,20.486313856902655,20.59396311752433,19.89838886833411,20.287578582763672
2010-05-20,19.476070404052734,19.782453274229653,19.028914976996102,19.476070404052734
2010-05-21,18.995794179270998,20.014312819243585,18.92954910299816,19.939786911010742
2010-05-24,19.956344479230957,20.105396265106304,19.70792430963642,19.76589012145996
2010-05-25,19.02063676522176,20.006033743251724,18.896427433733997,19.956350326538086
2010-05-26,20.213049016036592,20.23789151310628,19.72449096285035,19.741052627563477
2010-05-27,20.130248555923217,20.37038803100586,20.04744178591514,20.37038803100586
2010-05-28,20.31241232191199,20.56911174284687,20.11367713350367,20.237886428833008
2010-06-01,20.047428090820315,20.113674725097614,19.285610749511676,19.29388999938965
2010-06-02,19.32702110489357,19.981191087931126,19.32702110489357,19.972911834716797
2010-06-03,20.155081788438864,20.155081788438864,19.451226936289036,19.881820678710938
2010-06-04,19.56716132690981,19.832143264995615,18.921272097483385,19.070323944091797
2010-06-07,19.062037736567227,19.23593045564892,18.656286479302867,18.697689056396484
2010-06-08,18.797055260218706,19.27733236376069,18.457549113546282,18.863300323486328
2010-06-09,19.23593035030814,19.23593035030814,18.440989502732997,18.507234573364258
2010-06-10,18.780492612922203,19.119998741758767,18.763930953123637,19.004070281982422
2010-06-11,18.83846195902244,19.18624901221145,18.763936049095708,19.09516143798828
2010-06-14,19.244205418357186,19.51746645030151,19.07031275230471,19.11171531677246
2010-06-15,19.18624608599362,19.70792579650879,19.177965255108365,19.70792579650879
2010-06-16,19.71620138027061,19.898376452449533,19.525747058816805,19.691360473632812
2010-06-17,19.674806583475604,19.674806583475604,19.23593196653919,19.409826278686523
2010-06-18,19.492633109741867,19.80729682829539,19.451228949795873,19.732770919799805
2010-06-21,19.8901000368036,20.055711908957495,19.25249030152344,19.360137939453125
2010-06-22,19.451230057809237,19.451230057809237,18.946110333545082,18.98751449584961
2010-06-23,18.565198945919732,19.02891444366507,18.565198945919732,18.962669372558594
2010-06-24,18.871583234266442,18.95438838792443,18.267095188476517,18.374744415283203
2010-06-25,18.838458290557206,18.970948420314063,18.34161951426552,18.813615798950195
2010-06-28,19.018754342088624,19.25129863744389,18.852652631759213,18.902482986450195
2010-06-29,18.570276759253613,18.570276759253613,17.897559886856662,18.00552749633789
2010-06-30,17.93078327885104,18.08027593468352,17.656713937851,17.673324584960938
2010-07-01,17.698235013953084,17.814507933643785,17.191623063013978,17.714845657348633
2010-07-02,17.756371137170174,17.98891539843767,17.28297887680258,17.440776824951172
2010-07-06,17.515523002744224,17.939084912452817,17.457387333896055,17.772981643676758
2010-07-07,17.872648840716007,18.70316224501606,17.78959718347028,18.669940948486328
2010-07-08,18.95231758482704,18.96892823480286,18.362653767394377,18.752994537353516
2010-07-09,18.73637927850291,18.985534214615427,18.553666925949766,18.968923568725586
2010-07-12,19.060281398544547,19.832657458392255,19.060281398544547,19.807743072509766
2010-07-13,20.29775105871633,20.596734851488,20.015376332597253,20.41402244567871
2010-07-14,20.513684130056067,20.538598521302024,19.932324045108874,20.048595428466797
2010-07-15,20.289440689459237,20.721307996642707,19.69147008441183,20.613340377807617
2010-07-16,20.546894155754842,20.60502982001493,19.816043315791102,19.924009323120117
2010-07-19,20.09012218092993,20.247918606747213,19.724695794252245,19.840967178344727
2010-07-20,19.58350646966007,20.28113787237192,19.58350646966007,20.13164520263672
2010-07-21,20.405707554624456,20.46384322085309,19.666551368440782,19.832653045654297
2010-07-22,19.973840638442137,20.44723446491316,19.940620936138522,20.389097213745117
2010-07-23,20.405712433884073,20.60503544464776,20.13994841953249,20.463848114013672
2010-07-26,20.555207370586853,20.82097141445095,20.43063067303539,20.771141052246094
2010-07-27,21.111647551558203,21.618261157117843,21.086731582995505,21.57673454284668
2010-07-28,21.244529940822016,21.34419223283223,20.83757861793055,20.995376586914062
2010-07-29,21.277752133478234,21.335887812912247,20.8458848232849,21.086732864379883
2010-07-30,20.945545567103807,21.294361228313743,20.74622255842362,21.169784545898438
2010-08-02,21.701309024144862,22.00029428036524,21.51859669205363,21.8923282623291
2010-08-03,21.751144231072367,21.917245944142145,21.609956903719915,21.709617614746094
2010-08-04,21.942159197941244,21.967075164652915,21.643173933714174,21.925548553466797
2010-08-05,22.008603627765627,22.18301066974119,21.88402694291473,22.075044631958008
2010-08-06,21.8258916806705,22.183011095001657,21.701313409352878,22.008604049682617
2010-08-09,22.21623817291492,22.21623817291492,21.825897362201278,22.09166145324707
2010-08-10,21.83419553495669,21.83419553495669,21.269446234462404,21.568429946899414
2010-08-11,21.111649951890314,21.111649951890314,20.6050362887302,20.787750244140625
2010-08-12,20.422322615485317,20.962155955346873,20.21469428599407,20.820968627929688
2010-08-13,20.605033744084533,20.879103059275074,20.37249104275822,20.588424682617188
2010-08-16,20.422322245310756,20.73791660342248,20.214693919582974,20.596729278564453
2010-08-17,20.928934517963274,21.601649806417733,20.7628312344563,21.29435920715332
2010-08-18,21.327576944006736,21.950461777258905,21.17808433057373,21.76774787902832
2010-08-19,21.618265063792816,21.759452409672257,21.061821004630154,21.28605842590332
2010-08-20,21.11164914086862,21.211311438543746,20.887410159158453,21.144868850708008
2010-08-23,21.32758504767883,21.651484777134577,21.25283871256156,21.28605842590332
2010-08-24,20.928935811382953,21.03690184348003,20.289440189661725,20.37249183654785
2010-08-25,19.973847082210973,20.314357457085322,19.874186359070432,20.256221771240234
2010-08-26,20.430628327255423,20.596730043559884,19.94893065703909,20.156558990478516
2010-08-27,20.26452339336592,20.530287385292816,19.874182728233084,20.505373001098633
2010-08-30,20.60503777517208,20.62164842396741,20.31435775756836,20.31435775756836
2010-08-31,20.206391282455584,20.422324960005476,20.065203938829836,20.239612579345703
2010-09-01,20.605037732791708,20.937242787621827,20.497071684001416,20.771141052246094
2010-09-02,20.8957172648573,21.211313247680664,20.77114057019697,21.211313247680664
2010-09-03,21.510293091604705,21.585039411642082,21.360800451529943,21.560123443603516
2010-09-07,21.427244884435687,21.543517836513363,21.02859883637144,21.1947021484375
2010-09-08,21.344192217196515,21.72622757078597,21.344192217196515,21.427242279052734
2010-09-09,21.73453855630225,21.809284898709276,21.0701283838829,21.327587127685547
2010-09-10,21.319271175072043,21.80096870597426,21.319271175072043,21.693002700805664
2010-09-13,22.041823778000577,22.36572345861925,21.933856161742078,22.149789810180664
2010-09-14,22.249452801920913,22.290977834660495,21.94216217378125,22.058433532714844
2010-09-15,21.82589182702566,22.108266498169655,21.80928117952812,21.967079162597656
2010-09-16,21.892329857611397,22.016906528754987,21.67639622172596,21.83419418334961
2010-09-17,21.97537743900586,21.97537743900586,21.402324499513373,21.651477813720703
2010-09-20,21.6265664850072,22.06673750783546,21.551820163380068,21.95046615600586
2010-09-21,22.083347280237014,22.174704243963664,21.80097265060764,22.000295639038086
2010-09-22,22.008606235394495,22.282675608170223,21.884029535783473,21.98369026184082
2010-09-23,21.751147661762136,22.174709710625624,21.609960312140974,21.94216537475586
2010-09-24,22.241151997853233,22.85573179493379,22.20793069764839,22.814205169677734
2010-09-27,22.89725595937293,23.013527337480273,22.54013491623898,22.722848892211914
2010-09-28,22.779458794847127,23.0375589375126,22.413122032724246,22.945974349975586
2010-09-29,22.821089621225333,23.20407845444845,22.771135108378953,22.937650680541992
2010-09-30,23.162447437583864,23.21240194841846,22.488055983228385,23.087514877319336
2010-10-01,23.279011941833037,23.537113726780298,23.162450869937825,23.328968048095703
2010-10-04,23.312314241547536,23.353942738911577,22.837742384285807,22.995933532714844
2010-10-05,23.145795008021228,23.520457802923914,23.045885988064004,23.462177276611328
2010-10-06,23.545434344713485,23.895119068229903,23.52878231311148,23.58706283569336
2010-10-07,23.562089068698562,23.920099873054035,23.18742781774142,23.87847137451172
2010-10-08,23.920100187291865,25.010784649313678,23.828517171690553,24.869245529174805
2010-10-11,25.06906085835319,25.36878949374239,24.71937612704481,25.010780334472656
2010-10-12,24.827610589444568,25.06073426764562,24.469599850359966,24.9191951751709
2010-10-13,25.2189338329589,25.49368609407746,25.210607814376438,25.468708038330078
2010-10-14,25.485349678862864,25.626888760973152,25.202271514642284,25.352136611938477
2010-10-15,25.493676395013193,25.60191141935586,25.119013641471128,25.435394287109375
2010-10-18,25.36878887959118,25.760103681358892,25.210599343752236,25.685171127319336
2010-10-19,25.16896922761137,25.277205844630746,24.36136475396548,24.552858352661133
2010-10-20,24.59448978049178,25.143994147425328,24.419646615726442,24.960824966430664
2010-10-21,25.260555476696332,25.302183970276044,24.44462493354219,24.59449005126953
2010-10-22,24.727701643083716,24.860914720124523,24.411319394092935,24.652769088745117
2010-10-25,25.019105421337926,26.101463707714203,24.960824895922514,25.7268009185791
2010-10-26,25.551969828987556,25.835048144060764,25.318846043625538,25.74346351623535
2010-10-27,25.651870388577844,25.651870388577844,24.89422032223348,25.393770217895508
2010-10-28,25.57694310385074,25.826718897247588,25.243910300680614,25.468708038330078
2010-10-29,25.36046499061216,26.009879984075194,25.36046499061216,25.776756286621094
2010-11-01,25.959929234959766,26.642646805260487,25.810064092596097,26.276309967041016
2010-11-02,26.551056126146708,26.700921234234386,26.059832310981594,26.317934036254883
2010-11-03,26.492780804333357,26.62599390700052,25.776759186478255,26.226354598999023
2010-11-04,26.867443203662628,27.475228173030846,26.692601604813724,27.333690643310547
2010-11-05,27.500200653964598,28.041380582746708,27.45024773355728,27.691694259643555
2010-11-08,27.766627161219528,29.889715234314178,27.650066110754025,29.756502151489258
2010-11-09,30.405921539285167,32.104391062836555,30.322661361041835,30.647371292114258
2010-11-10,31.055334051094334,31.055334051094334,29.73152743206237,30.19777488708496
2010-11-11,30.339313000358736,31.180223321350553,30.23940396382293,31.14691925048828
2010-11-12,30.82220811032862,30.92211713263642,29.440121126876956,29.931344985961914
2010-11-15,30.039577962439907,30.264372441302974,29.53170213201188,29.656587600708008
2010-11-16,28.973873924052665,28.973873924052665,27.217124125078698,27.966449737548828
2010-11-17,27.774960443750146,28.640847247159634,27.774960443750146,28.316137313842773
2010-11-18,28.749071499293102,29.365183920837534,28.72409504167983,29.07377815246582
2010-11-19,29.015494552384133,29.59830285117981,28.3993853723242,29.465089797973633
2010-11-22,29.498393855287606,29.53169791260158,28.807348958246372,29.465089797973633
2010-11-23,28.98219729904328,29.30690395837625,28.80735256428312,29.29857635498047
2010-11-24,30.022932525741048,31.038681233649378,29.823111285467597,30.938772201538086
2010-11-26,30.67233833230361,30.93044004146967,30.555777294631866,30.639034271240234
2010-11-29,30.58075520245752,30.897137445461404,29.864733735893573,30.71396827697754
2010-11-30,30.589089772122687,30.680671201170014,30.156146387326913,30.19777488708496
2010-12-01,30.822205550775912,31.305101765204828,30.805553519099014,31.105283737182617
2010-12-02,31.238511181557822,31.754711696748075,31.221859142222424,31.380048751831055
2010-12-03,31.496598627774848,31.579855610337205,30.92211464952357,31.23016929626465
2010-12-06,31.21353220909172,31.621496023933084,31.155248488062888,31.463306427001953
2010-12-07,31.91289695060908,32.22095166548017,31.546558523793834,31.579862594604492
2010-12-08,31.513252868505738,31.613165075914157,30.447548064556,30.738950729370117
2010-12-09,31.121942785367082,31.296784393317495,30.82221249970865,31.14691925048828
2010-12-10,31.255150249763627,32.12103687954402,31.230170613101404,31.879587173461914
2010-12-13,32.30420813959541,33.20339898051198,32.24592760465277,32.3458366394043
2010-12-14,32.87869306131356,32.89534192081451,31.721400410833756,31.904569625854492
2010-12-15,31.771360257886126,32.462405522419374,31.48828197227815,31.738056182861328
2010-12-16,31.879589516756894,32.3208572922694,31.688095893873154,32.19596862792969
2010-12-17,32.28755072260977,32.97026816903981,32.12103675112961,32.84538269042969
2010-12-20,32.75379517128301,33.04519777136332,32.53732512208766,32.82872772216797
2010-12-21,32.92865714305692,33.036893822773116,32.55399415638707,32.87037658691406
2010-12-22,32.97859790920827,33.17841595834649,32.728823759760175,33.00357437133789
2010-12-23,33.09516102579208,33.153441558420106,32.470724025305444,33.03688049316406
2010-12-27,33.095150869694336,33.13677935507518,32.81207272263483,33.07849884033203
2010-12-28,33.16176945910615,33.16176945910615,32.487376349194385,32.62891387939453
2010-12-29,32.887471539186315,33.6965227005342,32.86245038796388,33.596431732177734
2010-12-30,33.663168619044214,34.14692904342695,33.28783533528693,33.462989807128906
2010-12-31,33.488015221184,34.080205986918386,33.362903062007724,33.67985153198242
2011-01-03,34.146919053435866,34.58063703425235,33.77992838431424,33.896697998046875
2011-01-04,33.84667059482871,34.113573595628296,33.04595841069522,33.4129524230957
2011-01-05,33.429619934283544,33.51302589314471,32.98755944346589,33.31284713745117
2011-01-06,33.446301025083585,33.729885760364006,32.6789559659328,32.887474060058594
2011-01-07,32.787389386030945,32.804071216956594,31.502917040361016,31.861568450927734
2011-01-10,31.25269235299703,31.91160709939849,30.8189743439107,31.84488296508789
2011-01-11,32.43706878380568,32.64558684302966,31.94496603676775,32.45375061035156
2011-01-12,32.86245148765974,33.162714857576916,32.52048195533172,32.97087860107422
2011-01-13,32.962545940259545,33.337879205687926,32.45376120064931,33.07097625732422
2011-01-14,32.69564296759348,33.36290033800679,32.612233807707995,33.3378791809082
2011-01-18,33.629796523914735,34.255350779466326,33.538048057356484,33.81329345703125
2011-01-19,33.838309397551996,33.97176082424705,33.15437043802324,33.34620666503906
2011-01-20,33.01259056376248,33.01259056376248,31.361124239522994,31.90327262878418
2011-01-21,32.295287132764486,32.51214457551327,31.944975040036162,32.32864761352539
2011-01-24,31.736462580129373,32.653944371906604,31.736462580129373,32.48712921142578
2011-01-25,32.29527943525851,32.662270090028905,31.402822357506327,31.928285598754883
2011-01-26,32.13681802966611,32.829099853023614,31.878257545736865,32.6789665222168
2011-01-27,32.845766926976,33.162712099147754,32.11178243751884,32.34532165527344
2011-01-28,32.09511544443952,33.504697088681326,32.09511544443952,33.18775177001953
2011-01-31,33.40459722815878,34.88924818571561,33.39625790455986,34.58898162841797
2011-02-01,35.32296894452995,36.39892322834019,35.12279332719516,35.506465911865234
2011-02-02,36.090300712923636,36.82428506328142,35.67326465640508,35.8651008605957
2011-02-03,35.76501636254341,35.831740483176,35.172822690114906,35.64824676513672
2011-02-04,35.77336572708168,36.14035962965174,34.66405105856876,34.93095397949219
2011-02-07,35.33965329606498,35.33965329606498,34.322086941634396,34.52226257324219
2011-02-08,34.588974935232535,34.63901723060961,33.86332983493564,34.247005462646484
2011-02-09,34.572300178907,35.614890635558396,34.47221238595387,35.356327056884766
2011-02-10,35.156140938748386,35.52313152412095,34.63901393632429,35.29793167114258
2011-02-11,35.464758547317544,35.556507019664124,34.90592838926732,35.26457977294922
2011-02-14,35.48978354927834,37.374789144433954,35.464762392919276,36.35721969604492
2011-02-15,36.89935168072407,37.11620903015137,35.714967625710415,35.8651008605957
2011-02-16,35.8567800858887,35.9652072258186,35.15615902128094,35.62323760986328
2011-02-17,35.940189361572266,35.956871195798286,35.50647121689948,35.940189361572266
2011-02-18,35.90680837562128,35.940172027982356,34.67238187385869,34.96430587768555
2011-02-22,34.28871709004186,34.739116952507885,33.62145980216648,33.63814163208008
2011-02-23,33.50470179305731,34.23034739704209,33.22112010445859,33.6464958190918
2011-02-24,33.679850614638724,34.405492845587325,33.3629021532968,33.44630813598633
2011-02-25,34.0134699554421,34.61400307514146,33.82163369370115,34.28871536254883
2011-02-28,34.622339214473264,34.672384697089875,33.85499423808488,33.980106353759766
2011-03-01,34.0468362968318,34.288718064855004,33.779933374093716,33.804954528808594
2011-03-02,33.796620099743,33.80495942527793,33.212768678535475,33.462989807128906
2011-03-03,33.67984200978292,33.8383146090986,33.171057372856936,33.81329345703125
2011-03-04,33.77993638290659,34.55562406549725,33.74657271915914,33.88836669921875
2011-03-07,33.88836840948494,34.00513805676,31.628029393399782,32.428741455078125
2011-03-08,32.72900145394709,33.14603764219868,32.1201258191742,32.887474060058594
2011-03-09,33.02092137215891,33.0793061766539,31.944967377779925,32.10344314575195
2011-03-10,31.669729126771596,31.728113938537966,30.91906271587022,31.24435043334961
2011-03-11,30.894044706927172,31.71143533657819,30.693865916402828,31.177629470825195
2011-03-14,25.15561865886403,27.315865890114964,24.021279902136158,27.207435607910156
2011-03-15,24.104693147415283,27.357575338438984,23.670975097714276,27.165739059448242
2011-03-16,26.923853244447848,27.41595603636822,23.779401833617698,24.72190284729004
2011-03-17,25.430861501682603,25.706105267452784,23.420747602086273,23.437429428100586
2011-03-18,24.379939935046618,24.938768599854505,24.029629405004854,24.521732330322266
2011-03-21,26.189872833214178,27.07398912472913,25.447548912204468,26.448434829711914
2011-03-22,27.057307552547453,27.374255955924543,26.373370028892072,26.857131958007812
2011-03-23,26.94888374585231,26.94888374585231,25.872929452228323,26.348350524902344
2011-03-24,26.5068242215206,26.606912029120185,25.756157710188607,25.83956527709961
2011-03-25,25.68942984354938,26.473458362079846,25.681090519330454,25.998037338256836
2011-03-28,26.064763300706787,26.064763300706787,24.980469783744145,25.038854598999023
2011-03-29,24.86477279663086,24.973572767065527,24.11991809132344,24.86477279663086
2011-03-30,25.33344421720965,25.48408933188727,24.839663717450954,25.023784637451172
2011-03-31,25.032156907022436,25.24138590263198,24.856405316929887,25.14095687866211
2011-04-01,25.38366262436321,26.095041555061577,25.316709407138106,25.559415817260742
2011-04-04,25.559413509473657,26.078300497044694,25.52593610573851,25.8021183013916
2011-04-05,26.028097899384644,26.18711244731801,25.52594778758377,25.835607528686523
2011-04-06,26.136885945295383,26.16199399962224,25.43387638704906,25.492460250854492
2011-04-07,25.534311466502746,25.751909853124396,24.940100180672317,24.98194694519043
2011-04-08,25.25812920584659,25.308343726977476,24.797824373892425,24.98194694519043
2011-04-11,25.082380747075707,25.132596874026436,24.0446047344612,24.228727340698242
2011-04-12,23.893953579577808,24.044598730229755,22.88128588331422,23.634510040283203
2011-04-13,23.768415857444495,24.161767428473727,23.442019103859142,23.550817489624023
2011-04-14,23.408539479247246,23.67635393479888,23.308110455169622,23.467124938964844
2011-04-15,23.54244421305342,23.85210380695004,23.44201519620996,23.818626403808594
2011-04-18,23.93580565412304,23.93580565412304,23.241165213501336,23.534086227416992
2011-04-19,23.751671315788233,23.852101920981156,23.517335897488607,23.79351806640625
2011-04-20,24.027858802183378,24.60533131818684,23.952537826982695,24.287303924560547
2011-04-21,24.605329739913625,24.605329739913625,24.203610448587902,24.34588623046875
2011-04-25,24.46305312937788,24.588590204128437,24.011119341017768,24.245454788208008
2011-04-26,24.220350029731307,24.53000806274791,24.21198067798888,24.479793548583984
2011-04-27,24.60533366836847,24.76434817851524,23.89395464538641,24.663917541503906
2011-04-28,24.663919482809685,24.74761142085808,24.371000094076713,24.638813018798828
2011-04-29,24.538380534978568,24.73087086066101,24.345890209296122,24.672286987304688
2011-05-02,24.638806810930326,26.153624282405925,24.59696005430415,25.684951782226562
2011-05-03,25.40040218861211,26.03645857195312,24.831299024765382,25.157695770263672
2011-05-04,25.233013910592092,25.25812196210225,24.253822249761214,24.49652862548828
2011-05-05,24.036231318620395,24.42958293181494,23.84374098670738,23.919063568115234
2011-05-06,23.826997406970992,24.45468439278858,23.56755389979441,23.768413543701172
2011-05-09,23.919062021958794,24.354258776119014,23.810263631564126,24.262197494506836
2011-05-10,24.64717947674387,24.64717947674387,24.027860165716373,24.21198272705078
2011-05-11,24.203614190365045,24.21198354309785,23.015193239250305,23.207683563232422
2011-05-12,23.015187344702195,23.132355060371385,21.902089256973667,22.052734375
2011-05-13,22.111319411948344,22.236856484901242,21.759814649905938,21.960674285888672
2011-05-16,21.893723268935346,22.730639300916945,21.801661994604363,22.295442581176758
2011-05-17,22.22012234335779,22.513043304561567,22.094585244639266,22.362398147583008
2011-05-18,22.47956430038518,23.341586759893207,22.303811110082872,23.006820678710938
2011-05-19,23.165830866424646,23.28299857402008,22.646942339677175,22.939863204956055
2011-05-20,22.805964277882797,22.847809445380936,22.312183639208857,22.646949768066406
2011-05-23,22.47956333700659,23.0737729061035,22.18664242991648,22.864543914794922
2011-05-24,22.88966002876623,23.4085472160094,22.71390678410632,22.93150520324707
2011-05-25,22.93986893569931,24.01949141267365,22.8561770109563,23.785154342651367
2011-05-26,23.743309084859714,23.893952633254656,23.375065575216038,23.776784896850586
2011-05-27,23.952539186241378,24.60533271449025,23.87721661047562,24.21198272705078
2011-05-31,23.53407803128577,23.826997346896334,22.99845071926099,23.483861923217773
2011-06-01,23.31648040514439,23.768414217676973,23.123988510854552,23.575923919677734
2011-06-02,23.62613622760144,24.228716716450563,23.517337859498372,24.07807159423828
2011-06-03,23.651248213485264,24.011122377222637,23.36669662338086,23.559186935424805
2011-06-06,23.48386475078952,23.659617957607953,22.605103505569595,22.747379302978516
2011-06-07,22.83944221795712,23.115624480198317,22.646950292650764,22.722272872924805
2011-06-08,22.529778586254707,22.688793071821436,21.709601296557793,22.11968994140625
2011-06-09,22.08621332248774,22.42934876400212,21.910461723986018,22.245227813720703
2011-06-10,22.010895436485573,22.178279315116043,21.709606689758083,21.784929275512695
2011-06-13,21.69286112322078,21.88535140537553,20.646716203305214,21.098649978637695
2011-06-14,21.215821431305923,21.38320367757137,20.763886014178894,21.09028434753418
2011-06-15,20.63835134736591,21.173977152207524,20.554659416286704,20.629981994628906
2011-06-16,20.537922575896925,20.680196785415554,20.17804838495,20.37053871154785
2011-06-17,20.504440052976392,20.797360944419854,19.742846692997645,19.92696762084961
2011-06-20,19.701005919184823,19.901865593250644,19.35786884682857,19.416454315185547
2011-06-21,19.533622326734672,20.69693522023411,19.441561042918465,20.629981994628906
2011-06-22,20.537920905687372,20.65508864342877,20.11946287513587,20.420751571655273
2011-06-23,20.194781746411632,20.73877840644061,19.98555275295142,20.680192947387695
2011-06-24,20.830836800648026,21.02332867600779,20.65508522313876,20.763883590698242
2011-06-27,20.83084118899575,20.88105730425474,20.521183126352522,20.814104080200195
2011-06-28,20.890567728240626,21.260311126708984,20.814938032463125,21.260311126708984
2011-06-29,21.51241168310215,21.848542790081964,21.218296363444985,21.71409034729004
2011-06-30,21.806529003176482,22.201482889758825,21.63846263286927,22.14266014099121
2011-07-01,22.293918009893606,22.352740754587852,21.907366026074932,22.277111053466797
2011-07-05,22.722492787873556,22.722492787873556,21.90737278064757,22.193084716796875
2011-07-06,22.184677776128613,22.386356475580712,21.982999076676514,22.327533721923828
2011-07-07,22.478791528157252,22.57963167202011,22.041820242751047,22.335935592651367
2011-07-08,22.1762735250477,22.30232411026939,21.873756287795057,22.243499755859375
2011-07-11,22.14266293137555,22.24350148402764,21.344349976013664,21.436786651611328
2011-07-12,21.310731497287488,21.59644331851985,21.05022850552894,21.184680938720703
2011-07-13,21.34434890371706,22.0334181891552,21.33594542428491,21.646867752075195
2011-07-14,21.814927320356894,21.957783230973074,21.117454722124823,21.184680938720703
2011-07-15,21.35275089548932,21.49560683028337,21.05863554705454,21.293928146362305
2011-07-18,21.260316780270323,21.537625204263417,20.92418560009686,21.436786651611328
2011-07-19,21.739304419311313,21.991402391033436,21.680480063296322,21.949386596679688
2011-07-20,22.083838039989228,22.10064339527313,21.865352393301087,21.98299789428711
2011-07-21,22.05863022968817,22.730892605092027,22.00821095223286,22.68047332763672
2011-07-22,22.680471125089394,23.025005759375393,22.47038895282721,22.974586486816406
2011-07-25,22.806526315283627,23.856937462491608,22.621654530383097,23.428369522094727
2011-07-26,23.344328234242628,24.10062362612013,22.949372780844712,23.84852409362793
2011-07-27,23.79811106631056,23.848530344905296,22.79811935784851,22.882152557373047
2011-07-28,22.747701095272195,23.319124954201534,22.49560308823868,22.848541259765625
2011-07-29,22.08384081960894,22.604843763380874,22.016614581612565,22.31913185119629
2011-08-01,22.81492351915848,22.882149749970154,21.97459483261268,22.243499755859375
2011-08-02,21.999807334115715,22.38635779684689,21.529223674286477,21.571239471435547
2011-08-03,21.529225541422022,21.57964482293353,20.730912503956155,21.445192337036133
2011-08-04,20.6804960104438,20.90738360923302,20.28554037742499,20.36957359313965
2011-08-05,19.747720431717507,20.76451718247496,19.512427866587107,20.40317726135254
2011-08-08,19.789739898341455,19.789739898341455,18.562860787107272,18.882184982299805
2011-08-09,19.184702774581105,19.209913210772555,17.268752899622267,18.604875564575195
2011-08-10,18.335969853013804,18.85697429187837,17.39480271563213,18.20992088317871
2011-08-11,18.310757658071072,19.20990884131746,18.03344773144063,19.016632080078125
2011-08-12,19.30234805667671,19.32755849258796,18.890587220257533,19.025039672851562
2011-08-15,19.285546220356007,20.05024528503418,19.2351253393355,20.05024528503418
2011-08-16,19.840160282282866,19.898983032351516,18.957814222853926,19.109073638916016
2011-08-17,19.27714025296337,19.58806096514034,18.932605624443077,18.99142837524414
2011-08-18,18.562861151081957,18.655297821176372,17.966226939344978,18.09227752685547
2011-08-19,17.789752658078566,18.327562332246508,17.386395402452607,17.420007705688477
2011-08-22,18.041854380465338,18.075468293651664,17.42841489001123,17.47043228149414
2011-08-23,17.7477402817899,18.327565846894718,17.64690014714583,18.319162368774414
2011-08-24,18.36118473086549,18.730929854273487,18.16790949016585,18.6637020111084
2011-08-25,18.848572007228128,19.008234900624096,18.546053178225183,18.739328384399414
2011-08-26,18.487230723787956,18.772942599561386,17.899000014183898,18.747732162475586
2011-08-29,19.01663437184628,19.15949028938748,18.898988887800414,19.142684936523438
2011-08-30,19.02504433050056,19.47041919050329,18.898995325684712,19.352773666381836
2011-08-31,19.453608040028755,19.80654613919246,19.226718918537863,19.529237747192383
2011-09-01,19.74772711707316,20.01663208094275,19.546048394170967,19.588064193725586
2011-09-02,19.2099141437841,19.251929936677513,18.84857255482162,18.932605743408203
2011-09-06,18.268740289723873,18.86537432199564,18.243529859245015,18.646888732910156
2011-09-07,18.87377882646627,19.40318672071079,18.7645368180981,19.277137756347656
2011-09-08,19.18470249254089,19.251928718596762,18.8233609264407,18.898990631103516
2011-09-09,18.56286182953963,18.63849154369021,17.86538904566195,17.932615280151367
2011-09-12,17.470437540186335,17.61329190582934,16.9662399102225,17.394807815551758
2011-09-13,17.47043647917643,17.856986956899437,17.319177039093518,17.730937957763672
2011-09-14,17.722529688252795,17.831771697236437,17.159509481645824,17.579673767089844
2011-09-15,17.798165684241322,18.377993052061115,17.764551760170555,18.335975646972656
2011-09-16,18.40319191711235,18.554451287842465,18.041850443212457,18.201513290405273
2011-09-19,17.63849520019668,17.739335326443385,17.386397288779065,17.596479415893555
2011-09-20,17.663712539211346,17.722535301356,17.075481712164706,17.083885192871094
2011-09-21,17.058671957180792,17.529257182873906,16.747751235961914,16.747751235961914
2011-09-22,16.13431028131418,16.22674534039069,15.411627149117917,15.882210731506348
2011-09-23,15.638518340551126,15.82339008606247,15.302385562821597,15.487258911132812
2011-09-26,15.453639956009265,16.025063568566754,14.957846033513757,15.991451263427734
2011-09-27,16.66371720615427,17.075478055796644,16.420022729051514,16.537668228149414
2011-09-28,16.71333320388135,16.797785338320327,15.556320598705597,15.573211669921875
2011-09-29,15.877242897708848,15.995478785401593,15.269178831313694,15.573211669921875
2011-09-30,15.066492427216687,15.83501853105834,14.745568482927263,15.471868515014648
2011-10-03,15.11716149346432,15.25228683334168,14.534432458480012,14.627331733703613
2011-10-04,14.357078067502474,15.159386015602982,14.086827443963163,15.134049415588379
2011-10-05,15.201618855926863,16.1981696831024,15.0327113354213,16.105270385742188
2011-10-06,16.10526587499378,16.865346282743186,15.961695006021701,16.645767211914062
2011-10-07,16.75555928586914,17.01736444666738,16.17283021496358,16.248838424682617
2011-10-10,16.603544614048182,17.110265528569954,16.569764078851467,17.10181999206543
2011-10-11,16.755556337090773,17.203159981016515,16.713330277265353,16.95824432373047
2011-10-12,17.22849761195435,17.895680412989382,17.12715440851939,17.5578670501709
2011-10-13,17.540974379403035,17.54941991405582,17.051144645288574,17.388957977294922
2011-10-14,17.642318569772087,17.954796926285265,17.515638764469333,17.9210147857666
2011-10-17,17.980133212723185,17.980133212723185,17.11026243965169,17.14404296875
2011-10-18,17.068031237710926,18.022355552552465,16.949796994067846,17.912565231323242
2011-10-19,17.861903164482204,17.946356931027832,16.899134413998215,17.034259796142578
2011-10-20,16.966688184368827,17.110259028763608,16.358624284425467,16.5950927734375
2011-10-21,16.823121297122828,17.05959145257834,16.586651141667314,16.97513771057129
2011-10-24,17.034251005050645,17.659205977644923,17.02580547167252,17.642314910888672
2011-10-25,17.51563818821857,17.980132940141992,17.118707715109668,17.40584945678711
2011-10-26,17.600088854818825,17.845002879501344,16.975133882224547,17.642314910888672
2011-10-27,18.44462485382683,19.525629080606546,18.34328005317022,19.2553768157959
2011-10-28,19.002016129032256,19.272266767358268,18.790882616487455,19.09491539001465
2011-10-31,18.74866137053436,18.841559044539974,18.098369598388672,18.098369598388672
2011-11-01,17.32984125394184,17.78588886019238,17.05959058196803,17.40584945678711
2011-11-02,17.642314611098623,18.08147267437401,17.58319748927708,17.912565231323242
2011-11-03,18.09837038619178,18.461520394517596,17.68454877067347,18.32639503479004
2011-11-04,18.241933215861767,18.402395113641663,17.47340746818738,18.115253448486328
2011-11-07,17.549423405404493,17.70988376326696,16.358630166418063,16.983585357666016
2011-11-08,16.983583288745745,17.464967525334163,16.983583288745745,17.262279510498047
2011-11-09,16.831571259128925,16.84001679663293,16.299513672127528,16.333295822143555
2011-11-10,16.561317160839923,16.713333583597734,16.06304182438766,16.36707305908203
2011-11-11,16.50220324654397,16.983587605486484,16.451530021839396,16.72178077697754
2011-11-14,16.595097556001786,16.764005048963014,16.375518459480688,16.73866844177246
2011-11-15,16.603542721133735,17.110263577885952,16.485308445192658,17.00891876220703
2011-11-16,16.806232891061306,17.127156839403995,16.578208234736987,16.628881454467773
2011-11-17,16.561311258140016,16.603537311268852,15.826566013625255,15.978582382202148
2011-11-18,16.22349792122385,16.307951646274105,15.835013041141833,15.91102123260498
2011-11-21,15.64077310346129,15.64077310346129,15.041153009410266,15.32829475402832
2011-11-22,15.193168149862407,15.25228527868032,14.85535483460223,14.889135360717773
2011-11-23,14.72022903152116,14.762455090502584,14.14594560877679,14.238844871520996
2011-11-25,14.095272397617626,14.29796035693634,14.010818678529649,14.06993579864502
2011-11-28,14.737121591158708,15.0073722619652,14.652667853826415,14.931364059448242
2011-11-29,14.998931122740098,15.184728110664004,14.72023483544347,14.770906448364258
2011-11-30,15.378964672477498,16.02925629428413,15.319847545189788,15.995475769042969
2011-12-01,15.84346155842859,16.046149570227666,15.640773546629513,15.877242088317871
2011-12-02,16.105269980039356,16.358631254415357,16.020816221914025,16.08837890625
2011-12-05,16.282617095742193,16.620430394238742,16.04614698138418,16.172826766967773
2011-12-06,16.164382335765215,16.164382335765215,15.826569014225587,15.843460083007812
2011-12-07,15.69144672094806,15.953251894431988,15.387413867340083,15.851908683776855
2011-12-08,15.632328521839458,15.87724260670174,15.10027106402699,15.184724807739258
2011-12-09,15.201615933840067,15.708336787132307,15.100271118853145,15.615437507629395
2011-12-12,15.311402487454226,15.370521227401806,14.93136310985982,15.176277160644531
2011-12-13,15.20161901269635,15.497206371218637,14.458429458614884,14.71178913116455
2011-12-14,14.466866376466927,14.7455625255849,14.357077667768642,14.449976921081543
2011-12-15,14.585106987794736,14.855357691984773,14.525989847605823,14.551324844360352
2011-12-16,14.585105096370686,14.990481100085814,14.466869220504654,14.500651359558105
2011-12-19,14.542878196947395,14.576660337799712,14.32329911387074,14.441534996032715
2011-12-20,14.762458644628822,15.100272030272938,14.711787039487525,14.990483283996582
2011-12-21,15.032708458146075,15.252287548447054,14.855357045299815,15.22695255279541
2011-12-22,15.235398267275341,15.4972034272856,15.176279518144192,15.286069869995117
2011-12-23,15.328294312132472,15.412748048259747,15.091825783961347,15.167832374572754
2011-12-27,15.024263856858179,15.235397402159808,14.939810116573303,14.965145111083984
2011-12-28,15.082339132954356,15.082339132954356,14.66621623724314,14.751139640808105
2011-12-29,14.768126044898137,15.082342216393206,14.700187632112653,15.065357208251953
2011-12-30,15.065350346732394,15.345596374306796,15.0143969652949,15.328611373901367
2012-01-03,15.863633519421962,16.00800283765231,15.625848283578035,15.940064430236816
2012-01-04,15.982522255951109,16.23729244963231,15.710768678514432,16.1948299407959
2012-01-05,16.075940820359207,16.118401716454844,15.838155590797303,15.974032402038574
2012-01-06,15.991013325187144,15.991013325187144,15.685289768069131,15.761720657348633
2012-01-09,15.838155972582214,15.872125986101072,15.634340750807263,15.685294151306152
2012-01-10,16.03347882965959,16.03347882965959,15.710771797336164,15.914587020874023
2012-01-11,15.965543579589124,16.38166823220143,15.84665174728831,16.347698211669922
2012-01-12,16.55150846192435,17.29883248944927,16.347693259811894,17.230894088745117
2012-01-13,17.052558266239092,17.24788100578567,16.560004355333184,17.137481689453125
2012-01-17,18.41981900571724,18.462279903568906,17.927265139652548,18.292434692382812
2012-01-18,18.258461828142746,19.26904691309905,18.139570036893478,19.235076904296875
2012-01-19,19.506835018207596,19.540805034885633,19.294527273308507,19.498342514038086
2012-01-20,19.37944775297398,19.55778707389853,19.107694139926384,19.52381706237793
2012-01-23,19.659693688489533,20.22018591520153,19.379447575133533,20.033355712890625
2012-01-24,19.736127292418153,19.922957520274043,19.523819552672112,19.804065704345703
2012-01-25,19.79557550806595,20.339084486625833,19.387944988980816,20.211698532104492
2012-01-26,20.32209619532468,20.44948050949767,19.914465742059342,20.050342559814453
2012-01-27,19.999384543103226,20.28812314253461,19.914462759559214,20.186216354370117
2012-01-30,19.92295872791367,20.058837179784618,19.55779075403044,19.9993896484375
2012-01-31,20.220184269935636,20.30510767126851,19.574768687496615,19.761600494384766
2012-02-01,19.736122406229807,20.135260275014815,19.70215401856554,19.939937591552734
2012-02-02,19.999385200437075,20.381539718062445,19.829540007987436,19.990894317626953
2012-02-03,20.211693229378824,20.35606253615064,20.007878023309072,20.177724838256836
2012-02-06,20.024861742720756,20.135261031501237,19.812554047560536,20.09280014038086
2012-02-07,20.16923685397842,20.24566777584955,19.82954476776208,20.075820922851562
2012-02-08,20.135263377125668,20.143755880294897,19.591756132529856,19.69366455078125
2012-02-09,19.965415643848768,20.08430743359798,19.7106454403844,19.871999740600586
2012-02-10,20.2711380780102,20.2711380780102,19.48984574777778,19.6427059173584
2012-02-13,19.914461377893524,19.965414768440624,19.260553323385945,19.370952606201172
2012-02-14,19.319999164789216,19.33698416818656,18.589660216494256,19.005783081054688
2012-02-15,19.01428054479959,19.260558298993498,18.91237373737966,19.218095779418945
2012-02-16,19.294518278041537,20.03334959854398,19.107688132752763,19.956918716430664
2012-02-17,20.09280168131803,20.491939595709027,20.05883328977249,20.381540298461914
2012-02-21,20.738219773328023,21.528004812547582,20.619327959176083,21.392127990722656
2012-02-22,21.205290924317303,22.462153646378958,21.205290924317303,21.92713737487793
2012-02-23,21.995082342994,22.003574847277566,21.213789766481042,21.349666595458984
2012-02-24,21.392130816574866,21.57046856136079,21.230776461925917,21.400623321533203
2012-02-27,21.145846269518017,21.33267807929172,20.848615170151906,21.171323776245117
2012-02-28,21.26473968113197,21.35815396623964,21.052431984410344,21.171323776245117
2012-02-29,21.162834627222793,21.528004182609234,20.62781985941483,20.85711097717285
2012-03-01,20.84862010397965,21.28172810216031,20.814651706750738,21.01846694946289
2012-03-02,20.959019224391433,21.09489604109904,20.220187616236817,20.542896270751953
2012-03-05,20.407023116296447,20.5174224422664,20.084314403867882,20.322099685668945
2012-03-06,19.77859029229325,19.846528705869776,19.218096355562473,19.498342514038086
2012-03-07,19.56628254739416,19.668189357869174,19.167142950324966,19.498342514038086
2012-03-08,19.693668219559093,19.905975979003042,19.574774772820312,19.82105255126953
2012-03-09,19.97390797564101,20.16923066278626,19.778585288495755,20.016368865966797
2012-03-12,20.050338201957903,20.356060165569808,19.770092123775857,20.118276596069336
2012-03-13,20.24566583610473,20.806158129605627,19.973912193168477,20.695758819580078
2012-03-14,20.74671105111003,20.78917194800373,19.362463783375738,19.404926300048828
2012-03-15,19.455874322395985,19.88898215406797,19.03975149269834,19.591751098632812
2012-03-16,19.8295413619302,19.88049476116622,19.336987516570407,19.69366455078125
2012-03-19,19.753102597089132,20.262641246136422,19.71064009813094,19.965410232543945
2012-03-20,19.70215631798956,19.956924924432297,19.328494291398158,19.90597152709961
2012-03-21,19.948432487709628,19.999385885211225,19.49833955373748,19.52381706237793
2012-03-22,19.370956973042116,19.421911994855208,18.895388107909383,19.209604263305664
2012-03-23,19.24356927701706,19.60873877028754,19.065231591343103,19.269046783447266
2012-03-26,19.523813404671408,19.617229299072672,18.946336275243585,19.379444122314453
2012-03-27,19.32849143679522,19.447383219605598,19.065230366381215,19.167137145996094
2012-03-28,19.11681061761778,19.14240265014369,18.434372687530455,18.519676208496094
2012-03-29,18.425842529111083,18.494086324042364,17.66662848005759,18.391719818115234
2012-03-30,18.545270443680803,18.5964528877513,17.85430175401711,18.332008361816406
2012-04-02,18.135806994896697,18.545269787084763,18.135806994896697,18.383190155029297
2012-04-03,18.29787638915714,18.306405435544384,17.69221159090822,17.828699111938477
2012-04-04,17.547196098244182,17.820171182335784,17.33393411041514,17.5898494720459
2012-04-05,17.49601247360542,17.64956135461291,17.316871570076763,17.42776870727539
2012-04-09,17.223045718297886,17.30835087413456,16.95007052126894,17.17186164855957
2012-04-10,17.10361428071078,17.257163203767405,16.66856116813058,16.890352249145508
2012-04-11,16.992717982559856,17.13773622264081,16.787986636632642,16.8050479888916
2012-04-12,16.89889033319961,17.990792999185558,16.89889033319961,17.931079864501953
2012-04-13,17.777527277302784,17.828709721381696,17.36806447055038,17.478960037231445
2012-04-16,17.538671002284957,17.71781197511466,17.368062333989442,17.513080596923828
2012-04-17,17.768995135471357,18.45996376834612,17.709282017786684,18.221111297607422
2012-04-18,18.101684612907107,18.314946691119278,17.84577076987672,17.948137283325195
2012-04-19,18.041971974807076,18.297887451755752,17.948137764280414,18.067564010620117
2012-04-20,18.485551139444972,19.24476337633919,18.29788115590371,18.8950138092041
2012-04-23,18.4087837366839,18.47702754111683,18.1272778400155,18.340539932250977
2012-04-24,18.357595424296637,18.49408298955043,18.221107859042842,18.26375961303711
2012-04-25,18.434373818579285,18.715879685394764,18.33200730925526,18.6817569732666
2012-04-26,18.570861412971006,18.8353059237224,18.553800056906923,18.6817569732666
2012-04-27,18.809714251072766,19.057099037574282,18.70734936684217,19.005916595458984
2012-04-30,18.85236358642578,18.92060737025202,18.622040205864664,18.85236358642578
2012-05-01,19.29594943210256,19.893082147349087,19.202113617067457,19.423906326293945
2012-05-02,19.27889240689111,19.96986109228752,19.253300371483633,19.96133041381836
2012-05-03,20.106344840902477,20.336668234253644,19.423906964743725,19.620107650756836
2012-05-04,19.347129532790536,19.40684263441298,18.83530039064677,19.193580627441406
2012-05-07,19.074158095094592,19.33860257905594,18.920609160194356,19.21064567565918
2012-05-08,18.99738256752826,19.0229729705434,18.127273069688748,18.59644889831543
2012-05-09,18.110213843707683,18.6476351489994,17.888421104847975,18.50261688232422
2012-05-10,18.63910628036052,18.715880759996548,18.178459402544348,18.332008361816406
2012-05-11,18.050500843458817,18.758530826018536,17.999318404025455,18.391719818115234
2012-05-14,17.87989044491749,18.178457656258352,17.768994888907663,17.973726272583008
2012-05-15,17.922538510841445,17.95665958445728,16.941533645252317,16.958593368530273
2012-05-16,16.864763890571897,17.37659315377084,16.438239775749505,16.532073974609375
2012-05-17,16.532073090888453,16.78798852233817,16.276159286499023,16.276159286499023
2012-05-18,16.583258183055406,16.642971299316457,16.09702094828925,16.17379379272461
2012-05-21,16.19085552359028,16.677092769637238,16.173794167959755,16.59178924560547
2012-05-22,16.54912851059313,16.779451828186495,16.165257941663885,16.293214797973633
2012-05-23,16.02877653180674,16.42970860188644,15.610781480094735,16.412647247314453
2012-05-24,16.45530128479004,16.506483723470676,16.182324482019066,16.45530128479004
2012-05-25,16.42117767385254,16.51501349550528,16.22497698045163,16.352933883666992
2012-05-29,16.62590755079931,17.052431607906712,16.574725119523265,16.924474716186523
2012-05-30,16.549134050035992,16.57472608068817,16.27615889798711,16.387054443359375
2012-05-31,16.480890786882355,16.71974486606192,16.020245609894992,16.352933883666992
2012-06-01,15.909353067585386,16.08849408591058,15.636377827338208,15.934945106506348
2012-06-04,15.917877758901316,16.01171357258293,15.525476405433045,15.781390190124512
2012-06-05,15.781392506732791,16.27616042294254,15.781392506732791,16.250568389892578
2012-06-06,16.446768076439927,16.924474560426937,16.395584018574784,16.753864288330078
2012-06-07,16.92448078320958,17.26569982580237,16.532077663932323,16.54913902282715
2012-06-08,16.515012848499484,16.60031636259427,16.17379228387939,16.404115676879883
2012-06-11,16.71974355211588,16.805048689909054,16.156731920565154,16.207914352416992
2012-06-12,16.335874153832826,16.642972053736464,16.224978593901213,16.634441375732422
2012-06-13,16.515014742194886,16.924477514217795,16.42970959125834,16.83917236328125
2012-06-14,16.898886092132425,17.291289149811465,16.745337140304127,17.03537368774414
2012-06-15,17.04390542210195,17.658101267478255,17.009784334614704,17.632509231567383
2012-06-18,17.555733581343546,18.059032197970545,17.376594223083327,17.811647415161133
2012-06-19,17.879891412035363,18.43437410325751,17.828708970113187,18.306415557861328
2012-06-20,18.314943193360005,18.35759657709288,17.914011148632294,18.08462142944336
2012-06-21,18.161400029071523,18.37466211512228,17.58132689468377,17.803119659423828
2012-06-22,18.007845815695635,18.21257716335741,17.76899176322684,18.169923782348633
2012-06-25,17.879891002075176,17.90548303597972,17.393653747311976,17.50455093383789
2012-06-26,17.598386632785974,17.751935595140132,17.42777794010626,17.70928382873535
2012-06-27,17.84383838530283,18.512340133474694,17.663858088505652,18.358070373535156
2012-06-28,18.100955798789872,18.62375689356369,17.84383897877302,18.589475631713867
2012-06-29,19.06942251307381,19.18940936758071,18.623754718193485,18.812307357788086
2012-07-02,18.743745601149655,18.98371934081034,18.512340951021002,18.666610717773438
2012-07-03,18.83802035598658,19.566515570827423,18.76088547237411,19.403675079345703
2012-07-05,19.53223541424243,19.643651566490902,19.180842238615874,19.206554412841797
2012-07-06,18.975146556914794,19.07799360181901,18.846588976808263,19.043710708618164
2012-07-09,18.94086567380132,19.249403545232237,18.80373736767683,19.02657127380371
2012-07-10,19.12084144230645,19.3522460171981,18.63232176288939,18.795162200927734
2012-07-11,18.786593822052,19.120843826553468,18.77802309953938,18.949434280395508
2012-07-12,18.718037550249353,18.906588620745133,18.323792322323264,18.726608276367188
2012-07-13,18.769458053575043,19.257977941653095,18.700893887435996,19.120849609375
2012-07-16,19.00086070877478,19.086566316018434,18.769456059626464,18.855161666870117
2012-07-17,18.92371975319044,19.026566775819383,18.58946979036781,18.795162200927734
2012-07-18,18.726602491171118,19.069423256482825,18.683748873820683,18.91515350341797
2012-07-19,18.975149150170182,19.45509991238499,18.86373300143729,19.369394302368164
2012-07-20,19.172268972809665,19.532231160079036,19.009428507576363,19.335107803344727
2012-07-23,18.838015607350197,18.88943993992794,18.55518831696498,18.829444885253906
2012-07-24,18.795171692610918,18.820882235228666,18.195233966148574,18.418067932128906
2012-07-25,18.460915310219736,18.880870922669068,18.22093997394944,18.86372947692871
2012-07-26,19.172264198439866,19.283680298676284,18.898006038823624,19.155122756958008
2012-07-27,18.76087974260645,19.112271156323118,18.186654470364918,18.838014602661133
2012-07-30,18.503766008680284,18.795164027297147,18.272361411302516,18.51233673095703
2012-07-31,18.43520190923666,18.469483163727475,17.895257847397716,17.912399291992188
2012-08-01,18.01524731895504,18.04952857533752,17.432451248168945,17.432451248168945
2012-08-02,17.27817996959849,17.612429954389253,17.0639168235125,17.303892135620117
2012-08-03,17.64671087695228,17.860973999173947,17.552434580071424,17.680992126464844
2012-08-06,17.706706575095268,17.869547026717587,17.612430266045802,17.663854598999023
2012-08-07,17.818127824635674,18.109524261722903,17.77527420543283,17.963825225830078
2012-08-08,17.895256061006517,18.06666722044388,17.603859705479746,17.70670509338379
2012-08-09,17.62100162924564,17.972393077052182,17.5695789291198,17.783842086791992
2012-08-10,17.766706551061947,17.878124345540048,17.561014047447042,17.86098289489746
2012-08-13,17.818125924482224,17.843836458563697,17.3724581404899,17.49244499206543
2012-08-14,17.526734885129652,17.672433963686927,17.526734885129652,17.655292510986328
2012-08-15,17.586720758148925,18.160946098639208,17.501015166268637,18.126663208007812
2012-08-16,18.178093057910328,19.32654419052679,18.169523966580826,19.309404373168945
2012-08-17,19.223695845845242,19.52366467276279,19.18941294690674,19.31797218322754
2012-08-20,19.283686688907824,19.497949874340133,18.983717902362915,19.386533737182617
2012-08-21,19.429381544991184,19.909330519502372,19.420810823251948,19.515087127685547
2012-08-22,19.45510102497954,19.849344565024904,19.3693954100614,19.626510620117188
2012-08-23,19.62651331596797,19.79792456934889,19.39510861431338,19.652225494384766
2012-08-24,19.497948276304115,19.729352889932883,19.369390702520878,19.44652557373047
2012-08-27,19.03514496977198,19.54080633400633,19.03514496977198,19.223697662353516
2012-08-28,19.32654056333242,19.36939418543139,19.060854645112943,19.103708267211914
2012-08-29,19.15513179087661,19.18941305531018,18.88087513661363,19.018003463745117
2012-08-30,18.940862310928857,18.949433032877234,18.67517646932139,18.769451141357422
2012-08-31,18.940860863984728,18.992283557048616,18.563757300554382,18.73516845703125
2012-09-04,18.6066171769548,18.66661225149791,18.358072692642175,18.400924682617188
2012-09-05,18.409489545199975,18.64089414065287,18.17808494974708,18.606611251831055
2012-09-06,18.76088593840261,18.84659154840082,18.478058569697495,18.69232177734375
2012-09-07,18.72660320490353,19.326539158389956,18.72660320490353,19.240835189819336
2012-09-10,19.215123128723373,19.497950476845727,19.060853368893287,19.112276077270508
2012-09-11,19.16370405327028,19.403677827655514,18.94087009512775,19.035144805908203
2012-09-12,19.129420864774172,19.15513304080109,18.460920635061353,18.52091407775879
2012-09-13,18.538046872772398,18.88943993992794,18.375208057037156,18.829444885253906
2012-09-14,19.09513641576728,19.189411109423702,18.53805080425048,18.623756408691406
2012-09-17,18.649466834634875,18.658037557746496,18.31521680677308,18.52947998046875
2012-09-18,18.529482916515548,18.795168836281313,18.383783869928152,18.69232177734375
2012-09-19,18.760885111547303,18.80373873200698,18.375212335601066,18.49519920349121
2012-09-20,18.212374421053156,18.47806036665641,18.135239528023387,18.426637649536133
2012-09-21,18.512341232329906,18.623757379622774,18.152378982670488,18.16094970703125
2012-09-24,17.946686312473844,18.20380150178582,17.800987269277456,17.972396850585938
2012-09-25,17.920974124267687,18.24665510746148,17.663858935176595,17.6895694732666
2012-09-26,17.41566988680646,17.536254281219144,16.821367774383692,16.89888572692871
2012-09-27,17.002244152567258,17.389833966602232,16.537138018542286,17.286476135253906
2012-09-28,17.165890354268075,17.200341863458316,16.62326470987562,16.75246238708496
2012-10-01,16.94195085805873,17.17450472025207,16.761075084302746,16.91611099243164
2012-10-02,17.010856824938525,17.29508879731343,16.92472557574254,17.260637283325195
2012-10-03,17.19173231726403,17.234798766646193,16.606043391020194,16.69217300415039
2012-10-04,16.838592919233157,17.08837335674401,16.75246332005253,16.967790603637695
2012-10-05,17.06253287918327,17.183117270780432,16.700782990025257,16.76968765258789
2012-10-08,16.58020129817927,16.87304654344259,16.58020129817927,16.674945831298828
2012-10-09,16.812755287712573,16.89027324395397,16.49407017396273,16.623266220092773
2012-10-10,16.700783965231512,16.881659741780737,16.494069965472992,16.55436134338379
2012-10-11,16.640494173552618,16.683560621034747,16.390715349424237,16.537137985229492
2012-10-12,16.48545655385276,16.631879174608496,16.364873798930446,16.4251651763916
2012-10-15,16.451006858591885,16.562976337265685,16.252906127113697,16.485458374023438
2012-10-16,16.49407184696057,16.769690544745234,16.476845267644773,16.735239028930664
2012-10-17,16.804144305229542,16.9591802389904,16.65772166143508,16.941953659057617
2012-10-18,16.85581744461244,17.165889220936478,16.795526075397568,17.08837127685547
2012-10-19,16.976400558146903,17.010853708640436,16.485454663330472,16.60603904724121
2012-10-22,16.562974121531084,16.657718651223032,16.339033551324437,16.476842880249023
2012-10-23,16.261517648575452,16.3304223217247,16.0117388244658,16.16677474975586
2012-10-24,16.235683952011325,16.36488004485458,15.88254719825828,15.96867847442627
2012-10-25,16.097867007018056,16.33041920779241,16.063413855604562,16.313194274902344
2012-10-26,16.235677929016056,16.459618506849974,16.080642017991277,16.304582595825195
2012-10-31,16.373488878675193,16.795530209888188,16.364875589121823,16.66633415222168
2012-11-01,16.209839060318288,16.24429221725123,15.417434521847083,15.908380508422852
2012-11-02,15.916995247904874,16.11509598986804,15.761959313214714,15.985899925231934
2012-11-05,16.00312396421521,16.089255207901978,15.74473187597174,15.779183387756348
2012-11-06,15.934220078286023,15.985898169902539,15.753345936219759,15.89976692199707
2012-11-07,15.839475580374792,15.882542025842202,15.417434271695676,15.460500717163086
2012-11-08,15.227946310800913,15.374368934666954,14.823129951562342,14.831743240356445
2012-11-09,14.719775773845146,15.11597725536393,14.685322613982427,15.107365608215332
2012-11-12,15.245174471421436,15.262399407981391,15.090138542662629,15.219334602355957
2012-11-13,15.098748125190271,15.210717578015013,14.926485659349687,14.94371223449707
2012-11-14,14.960944505531513,14.995396026125935,14.426931972371312,14.444158554077148
2012-11-15,14.495831328996152,14.564735987679013,14.220212694264712,14.401086807250977
2012-11-16,14.45277203683241,14.530290012720704,14.134086842311955,14.513063430786133
2012-11-19,14.780065833732484,14.797292412117125,14.625029913904594,14.788679122924805
2012-11-20,14.831742630602117,14.831742630602117,14.401088065502925,14.590577125549316
2012-11-21,14.5302862541823,14.590577632540496,14.426928432127644,14.48721981048584
2012-11-23,14.607805697175255,15.055686950683594,14.53028936754612,15.055686950683594
2012-11-26,15.047073398500835,15.047073398500835,14.848972646945219,15.012621879577637
2012-11-27,15.012620021812113,15.245173906330272,14.986780153704439,15.167655944824219
2012-11-28,14.995392617092348,15.736119033875037,14.917874659856166,15.701665878295898
2012-11-29,15.684441054894684,16.028966077955513,15.684441054894684,15.977286338806152
2012-11-30,15.985900486299506,15.994513776619831,15.572472407826787,15.65860366821289
2012-12-03,15.710278084817698,15.822249189918676,15.555242181026664,15.572468757629395
2012-12-04,15.563857888176445,15.848089875028178,15.55524459853645,15.839476585388184
2012-12-05,15.848087026361515,16.304581438325002,15.675826192976281,16.020349502563477
2012-12-06,16.149548170764298,16.227066133409327,16.020352113961582,16.16677474975586
2012-12-07,16.22706828271333,16.373490937901543,15.960062844246771,16.054805755615234
2012-12-10,16.089257576501414,16.27874502625446,15.839477097319739,16.252906799316406
2012-12-11,16.304585297109693,16.63188210797425,16.24429390901494,16.580204010009766
2012-12-12,16.63187803150823,16.804140506257877,16.545746794133407,16.76107406616211
2012-12-13,16.829985787805132,16.838597435779622,16.597431864880157,16.743854522705078
2012-12-14,16.6577210648266,16.924726472953363,16.623267906195004,16.735239028930664
2012-12-17,16.985015905968705,17.467350214483155,16.907497950772342,17.355379104614258
2012-12-18,17.398443772001865,17.553478023752575,17.269246097984606,17.484573364257812
2012-12-19,17.58793342033891,17.880778671283014,17.484575596492867,17.86355209350586
2012-12-20,17.846329813563603,17.98413918333496,17.786038419640793,17.94107437133789
2012-12-21,17.708515293575743,17.8204864007109,17.200342774280603,17.21756935119629
2012-12-24,17.174504339541592,17.32092695588235,17.0453082999037,17.148664474487305
2012-12-26,17.165890621884188,17.29508665829099,17.010854721069336,17.010854721069336
2012-12-27,17.028081766898147,17.0883731426961,16.72662324509161,16.89888572692871
2012-12-28,16.769686281732,16.855817513598588,16.545745736005514,16.59742546081543
2012-12-31,16.571589731790006,17.079762319455885,16.52852492652355,16.985017776489258
2013-01-02,17.415668487548828,17.52763958459169,17.26063423773176,17.415668487548828
2013-01-03,17.363993593225665,17.51902951433219,17.122826422302523,17.20895767211914
2013-01-04,17.122828952191888,17.22618679580629,16.79553212591113,16.855823516845703
2013-01-07,16.83859886282987,17.217575475697558,16.640498086283017,17.165897369384766
2013-01-08,17.1142175639851,17.14005579316761,16.83859719110638,17.045312881469727
2013-01-09,17.165889421446565,17.4242814761904,17.140049558845533,17.407054901123047
2013-01-10,17.47596697487853,17.992751255094777,17.47596697487853,17.898008346557617
2013-01-11,18.0444337968652,18.078885320909905,17.579325901131043,17.613779067993164
2013-01-14,17.742974251906926,18.363116438395952,17.674069564519257,18.27698516845703
2013-01-15,18.13917131913602,18.854057890492363,18.13917131913602,18.50092124938965
2013-01-16,18.440631360057058,18.59566729168251,18.10472127007995,18.173625946044922
2013-01-17,18.233917046548886,18.70763648103567,18.208077177410374,18.35449981689453
2013-01-18,18.36311526922995,18.61289577186775,18.225305903228833,18.543991088867188
2013-01-22,18.79376741393039,18.80238070349592,18.41479088713211,18.526762008666992
2013-01-23,18.4578619699118,18.681802626398277,18.397570570630332,18.432022094726562
2013-01-24,18.423404471764577,18.802381004632498,18.337274860363852,18.535375595092773
2013-01-25,18.500922659051202,18.647345300139378,18.22530395648923,18.423404693603516
2013-01-28,18.40618057513322,18.50953677178058,18.13917350769043,18.13917350769043
2013-01-29,18.13917259661018,18.32866168564138,17.725744545151823,18.294208526611328
2013-01-30,18.294209612275633,18.733477559074753,18.285596322006967,18.578441619873047
2013-01-31,18.57844102700909,18.733476961263385,18.380340285602866,18.561214447021484
2013-02-01,18.699026992673897,18.836838013278044,18.53537938331295,18.72486686706543
2013-02-04,18.707637361055447,18.793768619418454,18.535376487146547,18.750703811645508
2013-02-05,18.716243144371628,18.99186174633311,18.638725207217906,18.699016571044922
2013-02-06,18.62150287102663,18.94879959575025,18.604276295299947,18.836830139160156
2013-02-07,18.819605080601445,18.819605080601445,18.595664506551305,18.70763397216797
2013-02-08,18.621507972527347,18.92296491624731,18.518150132668264,18.63873291015625
2013-02-11,18.466469170276955,18.466469170276955,17.708516176369763,18.0444278717041
2013-02-12,17.99274804982135,18.54398703617256,17.941069959569223,18.104719161987305
2013-02-13,18.11333876503739,18.37173094918892,17.88078481361055,18.121952056884766
2013-02-14,18.104722251391397,18.587055009289585,18.06165579981834,18.518150329589844
2013-02-15,18.492311536957324,18.72486546056091,18.47508659814084,18.612895965576172
2013-02-19,18.569826326564648,19.233034820360484,18.54398810136284,19.189970016479492
2013-02-20,19.18136329591587,19.698149333549146,18.69041713515039,18.785160064697266
2013-02-21,18.58705915912091,18.879904523931085,18.43202318447817,18.84545135498047
2013-02-22,18.81099330842549,19.086611993223134,18.75931521573017,18.940189361572266
2013-02-25,19.0349361472095,19.121067407079018,18.543990101615524,18.578441619873047
2013-02-26,18.587055347198888,18.647346737680103,18.00997802816596,18.156400680541992
2013-02-27,18.078881707088087,18.664572284130042,18.035816899936155,18.561214447021484
2013-02-28,18.48369809548773,18.561216069390444,18.311437209006215,18.363115310668945
2013-03-01,18.24253064529925,18.27698216191719,17.829102588981613,17.99275016784668
2013-03-04,17.854942029846757,17.958299872362858,17.519031916599488,17.656841278076172
2013-03-05,17.699898888562522,17.941065994467607,17.699898888562522,17.79464340209961
2013-03-06,17.889394661906408,18.001364148734275,17.81187669301899,17.94968605041504
2013-03-07,18.02719909009544,18.0874904621185,17.932454566735387,18.035812377929688
2013-03-08,18.087493599386814,18.096106888715035,17.88939287328865,18.078880310058594
2013-03-11,18.070267518595948,18.54398858779805,18.018589424019776,18.526762008666992
2013-03-12,18.492311344503847,18.74209184714164,18.371728559957177,18.543991088867188
2013-03-13,18.47508158410901,18.48369322977148,18.01858715160869,18.20807456970215
2013-03-14,18.285592190111732,18.345883565551542,17.98413367009592,18.19084930419922
2013-03-15,18.216689662014733,18.604279467877223,18.16501156883872,18.449243545532227
2013-03-18,18.242529932042512,18.388952568282228,18.13055881107373,18.216690063476562
2013-03-19,18.20808168972365,18.328666132769477,18.027207489381066,18.121952056884766
2013-03-20,18.285593717798232,18.37172496540106,18.02720161780666,18.242528915405273
2013-03-21,18.276980726561074,18.371725264749642,18.199462766737145,18.251142501831055
2013-03-22,18.37172767987575,18.655959688989327,18.354501099246527,18.518150329589844
2013-03-25,18.561212514076868,18.75931487767001,18.24252903157892,18.37172508239746
2013-03-26,18.543052758579087,18.60362242800165,18.24020276106656,18.283466339111328
2013-03-27,18.196939183021787,18.344037658933605,17.93735276355403,18.283466339111328
2013-03-28,18.240206155263053,18.300775835956617,17.928703054096125,17.980621337890625
2013-04-01,17.954657137556516,18.07579646481458,17.59989055024399,17.72968292236328
2013-04-02,17.721033007456956,17.84217400651095,17.634504193961202,17.660463333129883
2013-04-03,17.617196141676466,17.643153625126402,16.734605395589444,16.847091674804688
2013-04-04,16.812485506221773,17.0028475859468,16.648080916677472,16.942277908325195
2013-04-05,16.74325713773825,16.93361915329395,16.535589034295842,16.855743408203125
2013-04-08,16.630767110716477,16.8730473592494,16.561544418335522,16.821130752563477
2013-04-09,16.838440668041944,17.149943710336558,16.743260466540583,17.14129066467285
2013-04-10,17.132638717457553,17.19321004098699,16.88170697872055,17.0980281829834
2013-04-11,17.08071818986374,17.14128784916122,16.855743990759223,16.950925827026367
2013-04-12,16.8817098796407,16.90766902275694,16.25005225074632,16.379844665527344
2013-04-15,16.137555267075893,16.224084045397852,15.635690333287554,15.644343376159668
2013-04-16,15.774138332596745,15.877973213870863,15.635692924497555,15.800097465515137
2013-04-17,15.6530009527208,15.6530009527208,15.038647934054767,15.289581298828125
2013-04-18,15.298233726325872,15.618388140396046,15.168441351692028,15.367456436157227
2013-04-19,15.384765515839398,15.505904868984619,15.168444299280125,15.341500282287598
2013-04-22,15.376111414995627,15.817406864570831,15.34149923052708,15.601085662841797
2013-04-23,15.635697055280318,16.04238199311299,15.618390962095974,15.791448593139648
2013-04-24,15.817408217869023,16.77787331344908,15.791449077296614,16.708650588989258
2013-04-25,16.821139540315105,16.847097032019274,16.327927393135504,16.457719802856445
2013-04-26,16.440407301946042,16.61346488107365,16.128904319676103,16.30196189880371
2013-04-29,16.362532360943042,16.55289438702422,16.26735052270272,16.43175506591797
2013-04-30,16.353883842142938,16.8817081451416,16.198132300248254,16.8817081451416
2013-05-01,16.13755968402206,17.011497448517364,15.955850685170374,16.777870178222656
2013-05-02,16.786520494439124,16.82978571360791,16.388490380482427,16.734603881835938
2013-05-03,16.855746759369357,17.184555892991387,16.769217953131996,17.14129066467285
2013-05-06,17.149944487802962,17.305696016011026,17.011499051706856,17.27108383178711
2013-05-07,17.253781379717722,17.60854805692436,17.21051614444864,17.565282821655273
2013-05-08,17.634503593688564,18.110411226515556,17.57393392142326,17.971965789794922
2013-05-09,17.92869810330214,18.0844496108767,17.651807267791614,17.790252685546875
2013-05-10,17.651811144657366,18.17098240046492,17.643158097847248,18.084453582763672
2013-05-13,18.067148510081424,18.170983427270404,17.971968290591544,17.980621337890625
2013-05-14,17.87678464807967,18.041189229660226,17.824868019833126,17.954660415649414
2013-05-15,17.86813044918641,18.23155012427222,17.81621382428836,18.17098045349121
2013-05-16,18.119065776594304,18.543055168044706,18.067147495714718,18.31808090209961
2013-05-17,18.10175284132043,18.46517241812167,18.006571012748893,18.387296676635742
2013-05-20,18.413260474952736,18.802637630688654,18.387301337743786,18.66419219970703
2013-05-21,18.51709076228575,19.321805732700135,18.473827190921316,19.287195205688477
2013-05-22,19.261240760376417,19.754452855725162,19.07953008554275,19.157405853271484
2013-05-23,18.716108390093492,18.975694804969493,18.61227514446284,18.86320686340332
2013-05-24,18.707456475859424,19.20932155021423,18.698803430563697,19.001651763916016
2013-05-28,19.11413635783486,19.25258175754254,18.84589860220114,18.949731826782227
2013-05-29,18.89781721703191,19.053568720807373,18.802635375747013,19.010303497314453
2013-05-30,19.04491955010768,19.313157388728953,18.94973768946148,19.157405853271484
2013-05-31,19.018960728231033,19.07953040405344,18.750722885131836,18.750722885131836
2013-06-03,18.776674978114013,18.93242480731926,18.698799238311754,18.845897674560547
2013-06-04,18.78533153921602,18.793984584952337,18.499787631516458,18.66419219970703
2013-06-05,18.482479927464244,18.655535860439347,18.413257224194318,18.4392147064209
2013-06-06,18.4132560080013,18.698799846429548,18.4132560080013,18.681493759155273
2013-06-07,18.72476136764797,18.75937354966565,18.603622031385452,18.716108322143555
2013-06-10,18.681496262454342,18.80263558880815,18.594967464887528,18.690149307250977
2013-06-11,18.508436269078,18.508436269078,18.04983650707648,18.12771224975586
2013-06-12,18.18828449939293,18.283464692599946,17.67776640252056,17.790252685546875
2013-06-13,17.790258848641468,18.12772111542688,17.686425574553752,18.05849838256836
2013-06-14,18.067149780075557,18.36999985523164,18.02388619093903,18.05849838256836
2013-06-17,18.231552169570108,18.465179483420304,18.153676398286713,18.378650665283203
2013-06-18,18.35268915479852,18.86320730044315,18.344037759461926,18.66419219970703
2013-06-19,18.491132069730757,18.534395638264407,17.937348820183804,18.075794219970703
2013-06-20,17.62584600197956,17.8940837350322,17.52201113574026,17.87677764892578
2013-06-21,17.824869666489857,17.85948020505158,17.547978756396034,17.772953033447266
2013-06-24,17.49606009562471,17.71238132077022,17.245128332663906,17.565282821655273
2013-06-25,17.61719985644709,18.04984227610129,17.470101367748665,17.954660415649414
2013-06-26,18.054620948067814,18.09808350237331,17.81991917564172,17.97638702392578
2013-06-27,18.08939429167825,18.158935387322746,17.811229909100266,17.993776321411133
2013-06-28,17.90684614378605,18.12416223373979,17.82861221876349,17.959001541137695
2013-07-01,18.072006836388145,18.185010473648404,17.924231828899995,17.959001541137695
2013-07-02,18.072009612270687,18.106779329849058,17.698225614858153,17.967697143554688
2013-07-03,17.87207457240635,18.063313790526948,17.81991917564172,17.97638702392578
2013-07-05,17.88945876055134,18.00246238708496,17.67214269122589,18.00246238708496
2013-07-08,18.1241638943442,18.671799761688405,18.080699677576984,18.66310691833496
2013-07-09,18.84565349399597,19.149896382330716,18.84565349399597,19.089046478271484
2013-07-10,19.106433883866707,19.28898029648468,18.906503440801245,19.04558563232422
2013-07-11,19.27159224195544,19.43675294585762,19.236820869348534,19.26289939880371
2013-07-12,19.245513942157313,19.32374787346611,18.932579874912452,19.062969207763672
2013-07-15,19.080358840928817,19.20205535569675,18.48925864121486,18.558799743652344
2013-07-16,18.584871930628136,18.637028987786568,18.211089635600846,18.228473663330078
2013-07-17,18.228479177185662,18.41102561647738,18.228479177185662,18.245864868164062
2013-07-18,18.27193958279451,18.72395750574246,18.254553895452574,18.506641387939453
2013-07-19,18.506647741553223,18.532724623528317,18.32410127777271,18.454490661621094
2013-07-22,18.515335574259094,19.19336256856368,18.463180161771255,19.106435775756836
2013-07-23,19.236817792188475,19.358515918855254,18.324090961132825,18.44578742980957
2013-07-24,18.489254419312168,18.593565220154364,18.237166944294678,18.332786560058594
2013-07-25,18.358862128577396,18.619640746618064,18.280628211567194,18.463172912597656
2013-07-26,18.384943628852163,18.610952595173522,18.01985247679311,18.532718658447266
2013-07-29,18.541412684292,18.60226093718242,17.819923178037424,17.898157119750977
2013-07-30,17.915539829710177,18.15023995783609,17.74168628636702,18.02854347229004
2013-07-31,18.054623736919265,18.06331658072116,17.62868433856898,17.663454055786133
2013-08-01,17.915537419381664,17.915537419381664,17.12450705377581,17.237510681152344
2013-08-02,17.10712535933406,17.4548308223306,17.028891422911034,17.220129013061523
2013-08-05,17.176664977454315,17.367902551188592,16.95934887448752,17.002811431884766
2013-08-06,17.081050544459327,17.124514773035116,16.620341327491474,16.794193267822266
2013-08-07,16.70726459017632,16.889811013688412,16.62903064552694,16.73334312438965
2013-08-08,16.863729043864215,17.28097555832912,16.802880801086868,17.14189338684082
2013-08-09,17.107123476411846,17.263591332036018,17.037582391466685,17.098430633544922
2013-08-12,17.046275026979675,17.22881975099387,17.002810813173753,17.176664352416992
2013-08-13,17.211432155762356,17.32443744112893,17.11581421197915,17.237510681152344
2013-08-14,17.272284999392973,17.42006001920424,17.159279694718894,17.35051727294922
2013-08-15,17.263594507123372,17.35051963579924,17.046278369452597,17.3331356048584
2013-08-16,17.307053677854306,17.36790191919237,17.150585824133437,17.176664352416992
2013-08-19,17.159275626250714,17.17666130869232,16.768107719254182,16.80287742614746
2013-08-20,16.733342423799677,17.194053227669194,16.62033876292102,17.089740753173828
2013-08-21,16.863734375552742,16.9158897918529,16.594262790345997,16.794193267822266
2013-08-22,16.794191172339726,17.020200158761366,16.65510897423265,16.750728607177734
2013-08-23,16.776801248686382,17.01150302050082,16.759417221803588,16.968040466308594
2013-08-26,17.02019778603533,17.09843171881306,16.855037077061183,16.907194137573242
2013-08-27,16.828959983635585,16.907193915385196,16.681184963440796,16.724647521972656
2013-08-28,16.602951901113403,16.698569866488647,16.533410809026673,16.611644744873047
2013-08-29,16.559487036754327,16.785495991722993,16.533410164482405,16.5855655670166
2013-08-30,16.585568137218505,16.759421716594396,16.542105571369838,16.550798416137695
2013-09-03,16.75941824488616,16.889807573412664,16.594257544491114,16.69856834411621
2013-09-04,16.65510812821039,16.742034912109375,16.48125456041242,16.742034912109375
2013-09-05,16.715959689126123,16.968047246544806,16.68118996347679,16.959354400634766
2013-09-06,17.1245059967041,17.220123934584947,17.063656107883638,17.1245059967041
2013-09-09,16.855038929052157,17.107126441921476,16.78549783205209,17.089740753173828
2013-09-10,17.13320339143857,17.967698217052966,17.081047982959713,17.898157119750977
2013-09-11,17.91553921128458,17.985080294623305,17.463521340587775,17.637374877929688
2013-09-12,17.515678835996226,17.689532394156103,17.42006087119966,17.619991302490234
2013-09-13,17.56783318321198,17.611297399131963,17.280975990101332,17.30705451965332
2013-09-16,17.472214154637495,17.524369552558564,17.35051601550139,17.37659454345703
2013-09-17,17.315746713228396,17.454828882973985,17.272284156929242,17.280975341796875
2013-09-18,17.237515791547786,17.307056888547848,16.924580026052222,17.089740753173828
2013-09-19,17.167970868377118,17.237511949878783,16.950654781435635,16.968040466308594
2013-09-20,16.99412093825629,17.081047723058756,16.77680480524539,16.846345901489258
2013-09-23,16.82026436300436,17.00280906828517,16.611641132116265,16.65510368347168
2013-09-24,16.62902489922753,16.646410582695317,16.333476570225372,16.350860595703125
2013-09-25,16.35956225363273,16.48125878750962,16.08139780020503,16.098783493041992
2013-09-26,16.13111080318665,16.27966390195438,16.078680787951022,16.22723388671875
2013-09-27,16.034992218017578,16.13111365180377,15.903916323421553,16.034992218017578
2013-09-30,15.7640995455877,15.96508266616683,15.729145089806883,15.790313720703125
2013-10-01,15.73787932397239,16.131106841752032,15.64175626404594,16.043724060058594
2013-10-02,15.93886803839607,16.104898382561117,15.772837694231024,15.982561111450195
2013-10-03,15.965076943156635,15.973815553969304,15.729139451373333,15.851476669311523
2013-10-04,15.772834210612368,16.06994037487972,15.764097264651516,15.956341743469238
2013-10-07,15.746624057067788,15.921391355116086,15.624285115041571,15.676716804504395
2013-10-08,15.694185040772494,15.72913948409589,15.388341995290748,15.580586433410645
2013-10-09,15.589326411670484,15.81652531304269,15.449511959552163,15.475726127624512
2013-10-10,15.694185294311291,15.720401127227353,15.344649189028562,15.423295021057129
2013-10-11,15.379610416315375,15.379610416315375,15.091242793928476,15.283487319946289
2013-10-14,15.274745274553357,15.598067283630371,15.19609942550003,15.598067283630371
2013-10-15,15.432034377260946,15.449511600048984,15.266004094213987,15.309697151184082
2013-10-16,15.362126410972603,15.449510853973191,15.152404747802967,15.423295021057129
2013-10-17,15.458251604795839,15.938863607749665,15.353389925335446,15.886433601379395
2013-10-18,15.956346347915877,16.148590882208687,15.842746017004343,16.034992218017578
2013-10-21,16.026252082744858,16.069943487892647,15.799053109191759,16.000036239624023
2013-10-22,16.06994592479581,16.20976044253503,15.973824485550427,16.16606903076172
2013-10-23,16.113634787736146,16.13984896125393,15.88643583916823,15.921388626098633
2013-10-24,16.008773653144853,16.15732675291243,15.947605023838232,16.087419509887695
2013-10-25,16.139849525476208,16.22723399593716,15.842743325941063,16.087419509887695
2013-10-28,16.06120437091819,16.235973319480873,16.043728809438097,16.1748046875
2013-10-29,16.244711489309157,16.253450103170323,15.799052182710726,15.868959426879883
2013-10-30,16.541814186459746,17.214672310626444,16.471906957112544,16.576766967773438
2013-10-31,16.629201222176274,16.81270710268942,16.541816755242365,16.602985382080078
2013-11-01,16.57676462641817,16.66414906743967,16.401997411094758,16.55055046081543
2013-11-04,16.63793508904256,16.75153369694498,16.410736206518116,16.53307342529297
2013-11-05,16.49812085611817,16.55055252730941,16.139846103243638,16.270923614501953
2013-11-06,16.323352911121525,16.664150425487172,16.29713707666274,16.64667320251465
2013-11-07,16.646676974100522,16.707847268363523,16.541816945946998,16.585508346557617
2013-11-08,16.541812218044427,16.760272492098434,16.5243349961074,16.71657943725586
2013-11-11,16.71658402239011,16.725322635755507,16.568030928618484,16.602985382080078
2013-11-12,16.550552798468125,16.602982803798568,16.45442973309579,16.576766967773438
2013-11-13,16.480649830108447,16.629202939218874,16.384526739883984,16.620464324951172
2013-11-14,16.533077286969778,16.620461749385136,16.393262813793203,16.59424591064453
2013-11-15,16.568026138774993,16.71657918959969,16.436950309628404,16.672887802124023
2013-11-18,16.699105389056943,16.97873429840617,16.655412330271268,16.952518463134766
2013-11-19,16.873877934351896,16.996216870732816,16.830186528536043,16.987478256225586
2013-11-20,17.022422386854583,17.424390116072253,16.926301009620346,17.398174285888672
2013-11-21,17.389442999983608,17.686549200322798,17.267105741039288,17.55547332763672
2013-11-22,17.546726034061763,17.948693733740676,17.476818825428822,17.905000686645508
2013-11-25,17.887526480155856,18.28949424752814,17.887526480155856,17.957433700561523
2013-11-26,17.87879156663454,17.931223242821467,17.363226751222687,17.572948455810547
2013-11-27,17.520516212546212,17.747715135176083,17.39817897217624,17.669069290161133
2013-11-29,17.73024652530052,18.001136949443563,17.721507909460996,17.9224910736084
2013-12-02,17.712769319720504,18.044828388508943,17.61664621206466,17.983659744262695
2013-12-03,17.8263642461773,17.93996456166501,17.625381123970055,17.72150421142578
2013-12-04,17.616639421436243,17.69528526707193,17.45934773016486,17.590423583984375
2013-12-05,17.52925662957195,17.590425256054157,17.433135216551374,17.546733856201172
2013-12-06,17.53799569624361,17.96617775940761,17.503042908801707,17.85257911682129
2013-12-09,17.808883830134064,18.245804452398314,17.782669659498946,18.210851669311523
2013-12-10,18.280759479814918,18.612818429870927,18.254543641631567,18.376882553100586
2013-12-11,18.219592487549374,18.41183698460089,18.036084937287384,18.05356216430664
2013-12-12,17.957438935164195,18.20211511126706,17.870056134224686,18.1322078704834
2013-12-13,18.18463687931465,18.245805503279513,18.009869620375035,18.20211410522461
2013-12-16,18.23706813064945,18.604081532577613,18.202113679646786,18.438051223754883
2013-12-17,18.490482819005248,18.490482819005248,18.12346938560752,18.31571388244629
2013-12-18,18.35066719201928,18.429313041894105,18.132206868304763,18.20211410522461
2013-12-19,18.105989371967127,18.324449675683177,18.027343529291763,18.245803833007812
2013-12-20,18.2632751857442,18.40308960183508,17.974907744216846,18.12346076965332
2013-12-23,18.175898266359667,18.245805503279513,17.983653781510096,18.20211410522461
2013-12-24,18.16716427208188,18.31571571629447,18.140948428957163,18.193378448486328
2013-12-26,18.280760965488692,18.315713752520477,18.097253416731522,18.1322078704834
2013-12-27,18.223505894741585,18.26739613468666,18.021608112105703,18.06549835205078
2013-12-30,18.0830507676238,18.40784248341703,18.074272386885475,18.34639549255371
2013-12-31,18.372729558830788,18.44295492631991,18.15327507613917,18.23227882385254
2014-01-02,18.18838922628776,18.258614602670917,17.740701823980753,17.846040725708008
2014-01-03,17.91626255262675,17.933819311820557,17.565135740274147,17.652917861938477
2014-01-06,17.60025132682651,17.652921615607596,17.336906580141324,17.442245483398438
2014-01-07,17.43346354481956,17.731921756461535,17.389571646457664,17.670473098754883
2014-01-08,17.66170134531703,18.030385023403632,17.64414458104977,17.723148345947266
2014-01-09,17.705586843118894,17.74069868795122,17.38957186810425,17.626583099365234
2014-01-10,17.644143965455314,17.854820106396538,17.600252056318514,17.793373107910156
2014-01-13,17.79336896665682,17.995266678780737,17.60024796001243,17.626583099365234
2014-01-14,17.942597475690118,18.45173176605615,17.88115049355529,18.249834060668945
2014-01-15,18.276165993322266,18.899417490543716,18.162050418106688,18.881860733032227
2014-01-16,18.995978377347058,19.557782958776297,18.978423292227966,19.452444076538086
2014-01-17,19.417333670773214,19.52267088651193,19.162765663179083,19.268104553222656
2014-01-21,19.935241241603258,20.28636969765227,19.513889103509918,20.260034561157227
2014-01-22,20.33026201180589,20.35659715101382,19.777237482877233,19.85624122619629
2014-01-23,19.82112920578177,19.829907586181413,19.364663470829377,19.43488883972168
2014-01-24,19.259327696007677,19.382221682190348,18.916977532019533,19.20665740966797
2014-01-27,19.23298939337505,19.663119948660515,19.1715424103778,19.540225982666016
2014-01-28,20.20737004487448,20.21614842547962,19.3032169342041,19.3032169342041
2014-01-29,19.23299278527497,19.303218160271623,18.995981516796892,19.16276741027832
2014-01-30,19.259320238924623,19.347102341197154,19.10131278969493,19.311988830566406
2014-01-31,18.802856858252596,18.890638970850574,18.583402413909923,18.62729263305664
2014-02-03,18.3902903193566,18.407845409318668,17.61780943464887,17.723148345947266
2014-02-04,17.7933686286837,18.08304845884327,17.775811869448646,17.968931198120117
2014-02-05,17.933822482016968,17.968934332306663,17.635364220182037,17.87237548828125
2014-02-06,17.846039885796976,18.13571975903205,17.810928036410434,18.004047393798828
2014-02-07,18.337616440920222,18.69752166649934,18.09182848645928,18.6097412109375
2014-02-10,18.100602701513736,18.442951087476345,17.328122145618,18.039154052734375
2014-02-11,17.96015518770742,18.258613436855487,17.925043338910264,18.241058349609375
2014-02-12,18.276165856969268,18.802856858252596,18.24983239520305,18.62729263305664
2014-02-13,18.539515388982664,18.7414131107303,18.24105715931015,18.697521209716797
2014-02-14,18.70629961557133,19.127653494354625,18.69752123535659,19.05742645263672
2014-02-18,19.083762970637135,19.382221222259925,18.9784257490673,19.022315979003906
2014-02-19,18.943310615300174,19.18032185514137,18.78530312207271,18.829195022583008
2014-02-20,18.732631766431343,18.732631766431343,18.390283364220522,18.434173583984375
2014-02-21,18.399065315138767,18.71508034532334,18.355175082859816,18.56585121154785
2014-02-24,18.67118513533942,18.86430444990859,18.53951279930114,18.60095977783203
2014-02-25,18.767748313147443,20.26003959955469,18.741414844408183,20.11958885192871
2014-02-26,20.900842996522897,21.506537795066833,20.53215942449242,21.067628860473633
2014-02-27,21.067628860473633,21.251969809336515,20.74283551218059,21.067628860473633
2014-02-28,21.0149663877249,21.46265383252828,20.97985285904768,21.295867919921875
2014-03-03,21.03251347836332,21.85766267108795,20.813059030512427,21.57676124572754
2014-03-04,21.743546242022862,21.91033041034825,21.62942899600602,21.840105056762695
2014-03-05,21.88400354109964,21.90156030336061,21.190526500536468,21.366090774536133
2014-03-06,21.480203697393158,21.83133220153079,21.357309725527863,21.374866485595703
2014-03-07,21.409975091582368,21.42753184899345,21.199299025563025,21.260746002197266
2014-03-10,21.15540910768692,21.646986602067642,21.067626993685654,21.57676124572754
2014-03-11,21.46264679617963,21.55920561977559,21.032514582424895,21.076406478881836
2014-03-12,20.804286882857912,21.269529342651367,20.725283130382625,21.269529342651367
2014-03-13,21.44509719754615,22.68282062769575,21.44509719754615,21.92789649963379
2014-03-14,21.725992319540048,21.875221424666652,20.865731207306542,20.918399810791016
2014-03-17,21.014959830458302,21.471423840696,20.944734469321375,21.243192672729492
2014-03-18,21.374867025320064,21.55920798777269,21.208081149073756,21.45387077331543
2014-03-19,21.357313957759988,21.401204192322222,20.96229514947939,20.988630294799805
2014-03-20,20.892065596698988,21.225637340244123,20.760393245006874,21.01496124267578
2014-03-21,21.129078367103453,21.418758231562393,20.9359590155658,20.997406005859375
2014-03-24,21.137850205675655,21.295857659987803,20.59360249352318,20.9622859954834
2014-03-25,20.971068651483172,21.164189656951862,20.3214836201447,20.365375518798828
2014-03-26,20.40048630350389,20.497046801221405,19.715787788815835,20.014245986938477
2014-03-27,19.996621163946088,20.164066314697266,19.829174332254976,20.164066314697266
2014-03-28,20.287448192762106,20.481332840171714,20.16406552537429,20.278635025024414
2014-03-31,20.393208891064713,20.44608791317142,20.137633674643762,20.181697845458984
2014-04-01,20.18169820574196,21.248068304098886,20.120007693123206,21.17756462097168
2014-04-02,21.098245955377642,21.265691137836487,20.886734924161004,21.230440139770508
2014-04-03,21.256876872224762,21.415508864209844,21.062990524898495,21.371444702148438
2014-04-04,21.486016405979516,22.014794850754786,21.38907489577796,21.6005859375
2014-04-07,21.468390801724087,21.538894479195257,20.32270394164227,20.366769790649414
2014-04-08,20.49015127021897,20.877922345565967,20.216949723946,20.78097915649414
2014-04-09,20.789792326495245,20.93079968463228,20.56946811928859,20.78097915649414
2014-04-10,20.604713497949174,20.64877933593473,20.340325193795223,20.402015686035156
2014-04-11,20.234573364257812,20.613531250524314,20.111192352334843,20.234573364257812
2014-04-14,20.410828853632268,20.569462508500575,20.27863470155529,20.402015686035156
2014-04-15,20.164069167359997,20.322702853410743,19.670543451488925,19.996623992919922
2014-04-16,20.01424865063876,20.040688158627272,19.714609298136452,19.996623992919922
2014-04-17,20.04949891942004,20.21694575468498,19.952555749381393,20.093563079833984
2014-04-21,20.093565945365786,20.675221686667307,20.067128117723122,20.587093353271484
2014-04-22,20.71928822693456,20.798605074394466,20.472524514732598,20.59590721130371
2014-04-23,20.595905514486812,20.595905514486812,20.23457230530482,20.269824981689453
2014-04-24,20.305079927608713,20.507777796655873,20.049503038074217,20.146446228027344
2014-04-25,20.10237639820121,20.172880063953926,19.64410341127853,19.688167572021484
2014-04-28,19.74104943228123,19.785115284078643,19.018386272207366,19.291587829589844
2014-04-29,18.753993298208783,19.16820211815231,18.419099630220433,18.745180130004883
2014-04-30,18.375038689213632,18.886190768007427,17.996080794757148,18.76280975341797
2014-05-01,18.75399608749618,18.91262809593988,18.41910236969899,18.604175567626953
2014-05-02,18.568919445345813,18.736366273185833,18.489602615365794,18.56010627746582
2014-05-05,18.436729294012377,18.480793462044435,18.110648735378266,18.154714584350586
2014-05-06,18.189961762978808,18.251652257645745,17.881509289644114,17.978450775146484
2014-05-07,17.934386846965733,18.11945833334618,17.71406268835667,17.80219268798828
2014-05-08,17.837441479497713,17.881507314349122,17.5113627062959,17.546613693237305
2014-05-09,17.46730360977857,17.934391553752945,17.132411540415692,17.916765213012695
2014-05-12,18.11945803460968,18.480789514296056,18.031328036431074,18.181148529052734
2014-05-13,18.207588332977792,18.234027837149252,17.784566351873973,17.80219268798828
2014-05-14,17.89913593161958,18.07539594818353,17.76694175966666,17.775754928588867
2014-05-15,17.802192963043264,17.86388345945657,17.36154463901685,17.528989791870117
2014-05-16,17.55543155488842,17.608308889910862,17.29985468722294,17.405611038208008
2014-05-19,17.379169294463537,17.678810289276697,17.31747879805023,17.528989791870117
2014-05-20,17.22935095825794,17.34392047820246,16.77989109059918,16.9208984375
2014-05-21,16.912083985371456,17.114781821048656,16.832767148638634,16.956148147583008
2014-05-22,16.982585476405298,17.02664963296808,16.70057084014791,16.876829147338867
2014-05-23,16.929709514074144,17.105969533883044,16.806328508771987,16.815141677856445
2014-05-27,17.000215520925803,17.29985487662699,16.77107815873297,17.25579071044922
2014-05-28,17.291043546701676,17.299855035265878,16.973776168303782,17.282230377197266
2014-05-29,17.35273130430482,17.731689128281413,17.185284472118433,17.678810119628906
2014-05-30,17.71406652690766,17.72287969687459,17.361548132932146,17.62593650817871
2014-06-02,17.65236851355012,17.811000462694874,17.423231234643804,17.47610855102539
2014-06-03,17.440866445229645,17.467304276408633,17.14122536497126,17.211729049682617
2014-06-04,17.141221818746953,17.308666984707134,17.017839135322504,17.29104232788086
2014-06-05,17.238162990327393,17.255789327762198,16.541939471053105,16.550752639770508
2014-06-06,16.70057470391754,17.097157247553604,16.295177309801762,16.929710388183594
2014-06-09,16.947330778147627,17.246971713545047,16.876827127521153,17.20290756225586
2014-06-10,17.114785755362583,17.15884992770352,16.947338874774253,17.009029388427734
2014-06-11,16.868016606232672,17.282227089439775,16.859203438404876,17.26460075378418
2014-06-12,17.158844160312963,17.42323414831373,17.097153667394746,17.361543655395508
2014-06-13,17.31747817993164,17.414421345658013,17.22934818208402,17.31747817993164
2014-06-16,17.282226827089264,17.405607812925705,17.246974156313218,17.361543655395508
2014-06-17,17.326292566245083,17.41442257029026,17.10596839660215,17.308666229248047
2014-06-18,17.35273267669718,17.564243685215356,17.264602669579585,17.520177841186523
2014-06-19,17.361548359798988,17.48492937906759,17.009028280276727,17.22054100036621
2014-06-20,17.273417543310373,17.432051235591526,17.21172703652109,17.414424896240234
2014-06-23,17.440865024623555,17.528993362629134,17.29985598574597,17.449676513671875
2014-06-24,17.387983144832475,17.44967364366606,17.044277976508212,17.105968475341797
2014-06-25,17.132409457851228,17.16766045410635,16.859206252408246,16.9208984375
2014-06-26,17.020969816834366,17.15380912670312,16.808429285815144,17.074106216430664
2014-06-27,17.091818143576596,17.348639029877262,17.06525163059524,17.3309268951416
2014-06-30,17.322067937151697,17.410626906929576,17.268933230933712,17.366348266601562
2014-07-01,17.45490384845635,17.45490384845635,17.206940784157563,17.41948127746582
2014-07-02,17.437193107855197,17.6585896623867,17.401768848351757,17.552318572998047
2014-07-03,17.587743912173273,17.8445630528521,17.516897077938932,17.764860153198242
2014-07-07,17.72943952179927,17.782574231012187,17.481474730269074,17.702871322631836
2014-07-08,17.587743912173273,17.773716218617757,17.53460751965619,17.764860153198242
2014-07-09,17.835706199054275,17.871130459166498,17.36634657641918,17.41948127746582
2014-07-10,17.31321282484716,17.375205289491426,16.93241210533552,17.02096939086914
2014-07-11,17.003260737514335,17.012115115702418,16.808430634933963,16.843854904174805
2014-07-14,16.8172844093871,17.109527834291256,16.70215892829475,17.100671768188477
2014-07-15,17.082962570426822,17.313213549396465,16.9944035920651,17.003259658813477
2014-07-16,16.91469898856198,17.906554717461397,16.870418659249243,17.862276077270508
2014-07-17,17.8534208948554,18.154520392594033,17.64088037100259,17.959692001342773
2014-07-18,17.97740047498131,18.24307736752771,17.906553641459954,18.08367156982422
2014-07-21,18.065960866813242,18.854133852285116,18.065960866813242,18.845277786254883
2014-07-22,18.924975172765127,19.03124455589534,18.54417289011884,18.898406982421875
2014-07-23,18.924979208444967,19.190654412046122,18.836420244203996,18.95154571533203
2014-07-24,19.01353725690702,19.093240159053494,18.845277076039412,18.862987518310547
2014-07-25,18.756714934569754,18.756714934569754,18.23421897073639,18.47332763671875
2014-07-28,18.455616461669287,18.64158875207005,18.375913568891352,18.499895095825195
2014-07-29,18.446762643225064,18.56188811952191,18.27850077252491,18.305068969726562
2014-07-30,18.34049136222083,18.42905032956233,18.0925282806108,18.189943313598633
2014-07-31,18.17222993511991,18.198796441113796,17.835706220142672,17.853418350219727
2014-08-01,17.80913737299988,18.003965710870695,17.03867670714802,17.118379592895508
2014-08-04,17.20694178691178,17.36634758846295,17.100670689503737,17.322067260742188
2014-08-05,17.171518572187882,17.277789676078402,16.95012198744437,17.162662506103516
2014-08-06,17.012112029382564,17.419482606136846,16.967833389986627,17.18922996520996
2014-08-07,17.277796687589177,17.33093141653612,16.817291199055468,16.879281997680664
2014-08-08,16.87041677819543,17.10952546245801,16.81728207806652,17.0563907623291
2014-08-11,17.136093332821943,17.392912452853338,17.091813009284373,17.251218795776367
2014-08-12,17.277789676078402,17.366348647800187,17.100671732634833,17.162662506103516
2014-08-13,17.251220421450714,17.88884362750533,17.224653913946298,17.756004333496094
2014-08-14,17.773717987270356,18.08367355130976,17.67630294708376,17.959692001342773
2014-08-15,18.09252947027424,18.269645727481603,18.030538695795567,18.20765495300293
2014-08-18,18.322777994494825,18.40248088346402,18.030534631314953,18.34048843383789
2014-08-19,18.296215082025746,18.44676483918,17.90655658895791,17.92426872253418
2014-08-20,17.933123656402266,18.269645727481603,17.871132881923593,18.20765495300293
2014-08-21,17.888847149029818,17.91541366176401,17.260079884740748,17.5257568359375
2014-08-22,17.454908210702744,17.747153362299997,17.419485630859572,17.649738311767578
2014-08-25,17.658591907867017,17.862276358547476,17.525754296080716,17.79142951965332
2014-08-26,17.80914243017962,17.915411848605455,17.623168414251488,17.702871322631836
2014-08-27,17.57888862782993,17.667447596838205,17.082960766154166,17.24236488342285
2014-08-28,17.233508390281017,17.375203750653828,17.065248211371564,17.13609504699707
2014-08-29,17.100674210944426,17.552323511970947,17.03868342849175,17.3309268951416
2014-09-02,17.02982471798896,17.30435769641606,16.9412657471777,17.047536849975586
2014-09-03,17.268931416209366,17.446049337152495,17.17151639077848,17.23350715637207
2014-09-04,17.277785364390475,17.40176688038813,16.994398076897852,17.118379592895508
2014-09-05,17.065250149831282,17.189231703978663,16.923556462485134,17.074106216430664
2014-09-08,17.074104250968542,17.11838288974639,16.702157942220495,16.764148712158203
2014-09-09,16.711014849531015,16.773005622591185,16.38334716305626,16.55160903930664
2014-09-10,16.48076070182327,16.746435901961327,16.454192506160776,16.719867706298828
2014-09-11,16.719863677359537,16.781856118967216,16.498467167553223,16.604738235473633
2014-09-12,16.516182229845924,17.06524641498735,16.516182229845924,16.94126319885254
2014-09-15,16.99440220587573,17.02096871483187,16.507328709176605,16.55160903930664
2014-09-16,16.58703320837431,17.260079088936568,16.5781771414972,16.994403839111328
2014-09-17,16.967830497765352,17.437191765318538,16.896983673334827,17.3486328125
2014-09-18,17.419482659678664,17.667447432774814,17.295501117691497,17.49918556213379
2014-09-19,17.525748913533775,17.543459350976637,16.82613511633931,16.96782875061035
2014-09-22,16.817279192399933,16.852703445821888,16.489613293853715,16.525035858154297
2014-09-23,16.41877170654763,16.516185056247572,16.046825372735558,16.108816146850586
2014-09-24,16.135382263841425,16.285932006940183,15.958266011980571,15.967122077941895
2014-09-25,15.940551146349872,15.949407210792435,15.701442473765445,15.710298538208008
2014-09-26,15.74590529457822,15.879420258755486,15.62128985664254,15.754806518554688
2014-09-29,15.745903913790311,15.995131372336685,15.576784068537608,15.941725730895996
2014-09-30,15.941728520939012,16.119749620544,15.603490468971573,15.719202995300293
2014-10-01,15.701399221553608,15.817113435858145,15.576785480980924,15.71030044555664
2014-10-02,15.710302141441836,15.781510243417936,15.389866531416924,15.728104591369629
2014-10-03,15.719206098442248,15.73700855146415,15.398768734989469,15.452176094055176
2014-10-06,15.523382398624427,15.719204265829497,15.283054404053319,15.380966186523438
2014-10-07,15.309756048699967,15.32755679954886,14.740089578161845,14.766793251037598
2014-10-08,14.820199458325929,15.087231103955633,14.45525773726017,15.051626205444336
2014-10-09,15.2830524588238,15.407666204117517,14.473059718944745,14.570971488952637
2014-10-10,14.64218057987385,14.846903660391865,14.25943639593622,14.277238845825195
2014-10-13,14.392951474900304,14.508664004514609,14.001306063289833,14.134821891784668
2014-10-14,14.223833253381555,14.6065774846037,14.001307695483588,14.05471420288086
2014-10-15,14.03690934541493,14.357344920039871,13.849987886160848,14.214929580688477
2014-10-16,13.947900256704585,14.419654990420248,13.841088104410716,14.179327011108398
2014-10-17,14.375148171084364,14.757892334955487,14.241633199387104,14.677783012390137
2014-10-20,14.642180342327569,14.731189194858285,14.52646611766158,14.713388442993164
2014-10-21,14.775695922250382,15.291955097592059,14.659981692858997,15.220746994018555
2014-10-22,15.185136895177504,15.398761132770014,14.740085975759474,14.748987197875977
2014-10-23,14.873602250074681,15.131732621471247,14.517561822057587,14.757889747619629
2014-10-24,14.766793220213966,15.033823157474334,14.659980226668857,14.9359130859375
2014-10-27,14.811299167494743,14.998221500993786,14.50866430200876,14.927013397216797
2014-10-28,15.016020652093617,15.594586580377655,14.891405224562705,15.576784133911133
2014-10-29,15.42546915113792,15.42546915113792,14.651079585867283,15.051626205444336
2014-10-30,14.740091639417717,15.28305451300807,14.642181553984752,15.042726516723633
2014-10-31,15.07833172630897,15.496679148651051,14.989321166862618,15.469975471496582
2014-11-03,15.35426034187922,15.469972861220448,14.935912990125635,15.007121086120605
2014-11-04,14.900310360383276,14.918112811524441,14.481962944976997,14.499765396118164
2014-11-05,14.481958180185076,15.033820402108377,14.357342760932536,14.9893159866333
2014-11-06,14.953711969991119,15.1139305914403,14.695583289227779,14.89140510559082
2014-11-07,15.105029119040118,16.733915580671745,15.105029119040118,16.689411163330078
2014-11-10,17.02765722963732,17.339193392071213,16.760627203399984,17.0899658203125
2014-11-11,17.125561157323872,17.641820215683204,17.05435306988585,17.42819595336914
2014-11-12,17.4104015122502,17.508313314147124,16.9297471254759,17.0899658203125
2014-11-13,17.072159032858046,17.116663460023716,16.13755078276333,16.24436378479004
2014-11-14,16.199858929784817,16.903038707294787,16.199858929784817,16.82292938232422
2014-11-17,16.822930970203167,17.161170751501277,16.70721843306551,16.911941528320312
2014-11-18,16.992046954211723,17.259076869435138,16.805124655367496,16.81402587890625
2014-11-19,16.769523533813523,17.08996082991665,16.60930488576196,16.96534538269043
2014-11-20,16.831829894856998,17.499406442874285,16.778424246381405,17.49050521850586
2014-11-21,17.615116443556843,17.775333350615757,17.348084869656223,17.481599807739258
2014-11-24,17.294684548286188,17.294684548286188,16.849633486097602,16.92974281311035
2014-11-25,16.920840091041516,17.294683018113016,16.840730771116558,17.187870025634766
2014-11-26,17.33918547390816,17.37479036660597,17.027649453741216,17.23237419128418
2014-11-28,16.751722063137667,16.814028941523127,16.360076644769652,16.546998977661133
2014-12-01,16.5202964745033,16.680515143284065,15.95063160571412,16.279970169067383
2014-12-02,16.190959357499402,16.484693013125128,15.674700153741,15.683601379394531
2014-12-03,15.665797714357426,15.950630122261822,15.49667783551354,15.728104591369629
2014-12-04,15.683597689776851,15.76370530634265,15.229645474651711,15.274149894714355
2014-12-05,15.220745392557813,15.434369680801703,15.042724303487107,15.131734848022461
2014-12-08,15.08722977304343,15.10503052299379,14.303939052242558,14.455256462097168
2014-12-09,14.35734378165975,14.87360284745306,14.33954303284496,14.579869270324707
2014-12-10,14.562070246810915,14.562070246810915,13.83218598028401,14.01020622253418
2014-12-11,13.938997946297405,14.21492995488568,13.73427488256051,13.858888626098633
2014-12-12,13.627463767009099,13.974603048911405,13.529551990991502,13.663067817687988
2014-12-15,13.71647323660653,13.876691886377591,13.369333960592584,13.413838386535645
2014-12-16,13.369333849478533,13.796582446827097,13.191312751715792,13.360432624816895
2014-12-17,13.485046458615253,13.947899957493728,13.315927433328124,13.707571983337402
2014-12-18,13.992403585593548,14.392949313183923,13.983502361923952,14.375146865844727
2014-12-19,14.553168574303998,14.766792858425454,14.339544290182541,14.633277893066406
2014-12-22,14.606574672375578,14.651079096292552,14.330643509073463,14.428553581237793
2014-12-23,14.446354229625952,14.855802009124407,14.392948588033887,14.651077270507812
2014-12-24,14.695585993393005,14.757892869258521,14.535367342461658,14.713388442993164
2014-12-26,14.75789210689321,14.882505852186927,14.455257270264228,14.570971488952637
2014-12-29,14.63002816510399,14.898468359923788,14.540547531263678,14.800041198730469
2014-12-30,14.808985571375233,14.97899858026481,14.63002603643437,14.665817260742188
2014-12-31,14.73740256061994,14.898467349266225,14.460014150563012,14.683714866638184
2015-01-02,14.621082577219848,14.81793864193526,14.558446634205918,14.647927284240723
2015-01-05,14.424224009052137,14.495808175315624,13.99471815812065,14.200522422790527
2015-01-06,14.200520242308743,14.433168320266804,14.08419577665449,14.164728164672852
2015-01-07,14.298949160347846,14.460013946723642,13.985768674267742,14.039456367492676
2015-01-08,14.173679820896083,14.531600683706328,14.137887734615058,14.352641105651855
2015-01-09,14.281054975947175,14.325795293678109,13.985770073613821,14.093146324157715
2015-01-12,13.967870565783635,13.985767030321984,13.556261268255941,13.824702262878418
2015-01-13,13.833653490602474,13.851549105665436,13.126759201928602,13.207291603088379
2015-01-14,12.956746137133617,13.019382923093776,12.554084985563826,12.706201553344727
2015-01-15,12.88516176560244,12.912006467737646,12.500397088520733,12.545137405395508
2015-01-16,12.50934478898392,12.876214714054695,12.50934478898392,12.840422630310059
2015-01-20,12.947797749515614,12.947797749515614,12.554084009396473,12.571980476379395
2015-01-21,12.733043356584938,12.849367822276177,12.598823278745286,12.813575744628906
2015-01-22,12.938850554664624,13.019382955851322,12.715149819524052,12.831474304199219
2015-01-23,12.79568109244595,12.867265253110922,12.616720690783522,12.8046293258667
2015-01-26,12.80462896146681,12.947797278722405,12.706200103340727,12.759888648986816
2015-01-27,12.688304837557409,13.082017720783716,12.571980363266555,13.055173873901367
2015-01-28,12.983590203452753,13.037277899244192,12.580929071614806,12.616721153259277
2015-01-29,12.652513797824273,12.67040941276743,12.223007945631005,12.446708679199219
2015-01-30,12.294591972236992,12.741993434283613,12.19616395779294,12.545137405395508
2015-02-02,12.750940738361741,13.583107670148038,12.724096891534911,13.556262969970703
2015-02-03,13.690483954246034,14.093145071328166,13.395199078162436,13.681535720825195
2015-02-04,13.556265639707968,13.565213874862655,13.11781235733631,13.404149055480957
2015-02-05,13.556262652003234,13.878392219771547,13.493626726426278,13.636795043945312
2015-02-06,13.681537063607788,13.932081650527548,13.34151184039853,13.48468017578125
2015-02-09,13.574159930297778,14.531598750987756,13.457835452018069,13.735224723815918
2015-02-10,13.672588209232359,14.200522062026339,13.663640828689662,14.155781745910645
2015-02-11,14.039456949982831,14.128937580204225,13.592055505576933,13.609951972961426
2015-02-12,13.815755758995587,14.200521261201299,13.699432138345516,13.797860145568848
2015-02-13,14.003664202412153,14.137885141359373,13.896287963264674,14.021560668945312
2015-02-17,14.155782431976913,14.549496208855874,14.084198264062664,14.486860275268555
2015-02-18,14.334742861595933,14.460014721399043,14.209470148442279,14.263157844543457
2015-02-19,14.102093902889381,14.334742861595933,13.976821189735727,14.263157844543457
2015-02-20,14.24526341131491,14.361587046961603,13.86049785950464,14.030510902404785
2015-02-23,13.806809541881101,14.173678608210315,13.71732890715909,13.94997787475586
2015-02-24,14.057353587238037,14.298949926394423,14.030509739187448,14.263157844543457
2015-02-25,14.316847393838264,14.379483328114114,13.932081847056669,14.012614250183105
2015-02-26,13.949976663158145,14.057352903488262,13.601003242072387,13.663640022277832
2015-02-27,13.62784541970855,14.066299414043767,13.618898040789771,13.824702262878418
2015-03-02,13.699430632342487,13.708378011397004,13.26992486376051,13.475729942321777
2015-03-03,13.538371077136144,13.592058785544202,13.413098335266113,13.413098335266113
2015-03-04,13.39520161137023,13.520473489550483,13.26098064472624,13.511526107788086
2015-03-05,13.511524726680166,13.663641294650716,13.448887940641917,13.592056274414062
2015-03-06,13.413094618654117,13.484678778930219,13.046225583901482,13.180445671081543
2015-03-09,13.413095716826785,13.43994041914106,12.920953934622514,12.938850402832031
2015-03-10,12.759889440587875,12.965693696072904,12.401967771893577,12.491448402404785
2015-03-11,12.527240358888372,12.58092890732927,12.187215161030768,12.34827995300293
2015-03-12,12.661460683038522,12.912006109240739,12.4467081920228,12.876214027404785
2015-03-13,12.75989086328875,12.804631183532805,12.419865624124812,12.554085731506348
2015-03-16,12.536189483525494,12.938850638724372,12.437760613279808,12.849370002746582
2015-03-17,12.68830610478102,13.126759345501373,12.68830610478102,13.10886287689209
2015-03-18,12.87621438175891,13.413095624073213,12.840422298937956,13.305719375610352
2015-03-19,13.055173462211759,13.377302174693265,12.804628908059474,12.885160446166992
2015-03-20,12.992537401887075,13.511522971051663,12.992537401887075,13.23413372039795
2015-03-23,13.252030996927054,13.493627330213295,13.162550367798508,13.341510772705078
2015-03-24,13.332562437398929,13.63679555009416,13.162550267372456,13.574159622192383
2015-03-25,13.601006676686186,13.788915358053428,13.43099446656855,13.493630409240723
2015-03-26,13.565211915489387,13.744172325980562,13.234134942743074,13.269927024841309
2015-03-27,13.368888197335764,13.377884963483666,12.57719079387607,12.595184326171875
2015-03-30,12.604183492605712,12.730134810746593,12.523214297812856,12.622176170349121
2015-03-31,12.433245732885572,12.613177620534028,12.379266852974096,12.532208442687988
2015-04-01,12.66715760201484,12.793109762726125,12.622174626190887,12.739130020141602
2015-04-02,13.00902547625301,13.314908646050883,12.946049832345965,13.251932144165039
2015-04-06,13.404875489320244,13.485844675249625,13.251933884337836,13.287920951843262
2015-04-07,13.404876592516977,13.404876592516977,13.17096664033374,13.197956085205078
2015-04-08,13.314908885525266,13.458853707318164,13.045011915674175,13.063005447387695
2015-04-09,13.30591268660503,13.548820227214428,13.26992647962351,13.440860748291016
2015-04-10,13.512834003938517,13.755740686276155,13.467851030771147,13.683768272399902
2015-04-13,14.115604205881167,14.115604205881167,13.917680476376404,13.953666687011719
2015-04-14,14.070620640468896,14.16958249505403,13.557816119127036,13.683768272399902
2015-04-15,14.016643697409753,14.898306372276044,13.890691519009275,14.718376159667969
2015-04-16,14.63740747588325,14.754362032375326,14.430486951958294,14.601420402526855
2015-04-17,14.565433076238177,14.583424894526216,14.340518188058963,14.493460655212402
2015-04-20,14.520447960371285,14.817334385421184,14.502456143669566,14.57442855834961
2015-04-21,14.529443779037793,14.619409720509372,14.214564699844875,14.331520080566406
2015-04-22,14.529444044881169,15.474083873680295,14.493458697208684,15.186192512512207
2015-04-23,15.186191839253269,15.663010115467515,15.087230850573002,15.53705883026123
2015-04-24,15.55505276363175,15.725986164845262,15.3391338177537,15.564047813415527
2015-04-27,15.609034415433078,15.77097279563496,15.375123612470128,15.402113914489746
2015-04-28,15.49207853307906,15.779969947089064,15.474086713919274,15.72598934173584
2015-04-29,15.438101133109368,15.986891995440645,15.285159501769085,15.70799732208252
2015-04-30,15.681005190695537,15.941904552309234,15.43809764591339,15.815953254699707
2015-05-01,15.779968219779807,15.806956803544237,15.294153120526873,15.438097953796387
2015-05-04,15.54605651635356,15.6090321626859,15.375121393481727,15.49207592010498
2015-05-05,15.555054192022695,15.788963258947724,15.087232626257103,15.14121150970459
2015-05-06,15.141212430124808,15.231178385311411,14.907301633022794,15.087233543395996
2015-05-07,14.988269049683712,15.006262581786014,14.610413455323718,14.997265815734863
2015-05-08,15.159206734333308,15.537062392543111,14.997268349963685,15.429102897644043
2015-05-11,15.438098977067341,15.528064932813368,15.2221817128516,15.240175247192383
2015-05-12,15.26715950271191,15.474081657028393,15.159201759201688,15.312143325805664
2015-05-13,15.45609188079834,15.519067532463785,15.285156743450843,15.45609188079834
2015-05-14,15.510073075731173,15.707996827009595,15.456094182829434,15.48308277130127
2015-05-15,15.384121753641091,15.546060148304377,15.150210929789464,15.48308277130127
2015-05-18,15.375125690064369,15.375125690064369,15.204190519424662,15.366128921508789
2015-05-19,15.16820336605386,15.1861951850776,14.196573926517292,14.529446601867676
2015-05-20,14.538442684175532,14.547439451242363,14.160587047157891,14.196573257446289
2015-05-21,14.2325578381064,14.259548136216507,14.025637367135246,14.061623573303223
2015-05-22,13.944667759023222,13.980653964082194,13.647781352792,13.746743202209473
2015-05-26,13.647783611887508,13.755742244934643,13.386883367528863,13.566814422607422
2015-05-27,13.548821516626079,13.692766358251074,13.413872584118447,13.503838539123535
2015-05-28,13.4048754577138,13.413872224568943,13.206951734774107,13.386882781982422
2015-05-29,13.332904893572687,13.557818948365636,13.25193569657058,13.485846519470215
2015-06-01,13.530827456679397,13.602799874695332,13.296916669138156,13.575810432434082
2015-06-02,13.701760775344251,14.16058555154537,13.701760775344251,13.971657752990723
2015-06-03,13.899686880788801,13.980656068856021,13.7197558284055,13.854703903198242
2015-06-04,13.764738805996059,13.962663392607158,13.701762294177701,13.854703903198242
2015-06-05,13.7107590612916,14.0976114673999,13.62978987322438,13.854703903198242
2015-06-08,13.81871802972365,13.890690452432187,13.602800761598035,13.620794296264648
2015-06-09,13.638787813740404,13.89069130874934,13.620795135943554,13.764739990234375
2015-06-10,13.971657577457064,14.052626755531628,13.800723313283182,13.863698959350586
2015-06-11,13.854702714476202,13.944668661938318,13.638785470141762,13.791727066040039
2015-06-12,13.683767613920809,14.034633758167582,13.683767613920809,13.94466781616211
2015-06-15,13.800724755574942,13.80972152251876,13.51283507720411,13.593803405761719
2015-06-16,13.557817195965365,13.620793706593172,13.422869123723768,13.593803405761719
2015-06-17,13.656779289245605,13.755741147146342,13.40487497426011,13.656779289245605
2015-06-18,13.80072502343057,13.818717699688502,13.512835339472142,13.557817459106445
2015-06-19,13.377886081446231,13.58480743024576,13.269927452586051,13.341899871826172
2015-06-22,13.332904866472974,13.557818920808776,13.287922741989037,13.431867599487305
2015-06-23,13.3688885108128,13.710757910639737,13.278923421160783,13.692765235900879
2015-06-24,13.656780415295714,13.656780415295714,13.440862290650804,13.467852592468262
2015-06-25,13.467852034485839,13.467852034485839,13.215947709166505,13.341899871826172
2015-06-26,13.496585132643917,13.496585132643917,13.116654384893799,13.189022064208984
2015-06-29,13.008104945953566,13.02619643732985,12.827185718736109,12.854323387145996
2015-06-30,12.926690677485722,13.008104542883613,12.73672527912094,12.917644500732422
2015-07-01,12.96287597167179,13.107611365149252,12.836232071033514,12.881462097167969
2015-07-02,12.872412639318656,13.207114229812031,12.745769633641915,13.134746551513672
2015-07-06,12.80004745827666,12.84527748171009,12.582944381025332,12.619128227233887
2015-07-07,12.546758805243098,12.781954204522432,12.049230341441682,12.718632698059082
2015-07-08,12.555804788772292,12.682448662448687,12.094460173262723,12.23015022277832
2015-07-09,12.48344026480726,12.619129485951166,12.121600903938468,12.139693260192871
2015-07-10,12.2934696237234,12.2934696237234,11.90449275613568,12.13064193725586
2015-07-13,12.15778138233987,12.38393059666137,11.97686218342083,12.320609092712402
2015-07-14,12.347747096109575,12.628172509156364,12.257287925510248,12.546758651733398
2015-07-15,12.501528291631445,12.537712131415253,12.239195237526136,12.320609092712402
2015-07-16,12.365840635817136,12.383932126598706,11.985909839804293,11.994956016540527
2015-07-17,12.004001097741739,12.004001097741739,11.651208001444065,11.750713348388672
2015-07-20,11.723576437746638,11.850220320572564,11.678346417973746,11.768806457519531
2015-07-21,11.832126699249898,12.130643589984443,11.795942859848461,11.931632041931152
2015-07-22,11.750715439778931,12.04018708160386,11.660256252645055,12.0220947265625
2015-07-23,11.994956016540527,12.031139860794564,11.823082109315678,11.994956016540527
2015-07-24,11.877358461176124,12.148737727948577,11.786898418021671,12.121599197387695
2015-07-27,12.067323695194588,12.076369871923434,11.669300546034298,11.705484390258789
2015-07-28,11.777849766830405,12.175871946018027,11.651205914834467,12.13064193725586
2015-07-29,12.076368389844394,12.420114436445179,12.076368389844394,12.320609092712402
2015-07-30,12.257286442276575,12.43820562427332,12.003999587481136,12.411067962646484
2015-07-31,12.483437842799953,12.763862408807647,12.356793961663369,12.42011547088623
2015-08-03,12.374884126247135,12.528665646617045,12.24824026750406,12.411067962646484
2015-08-04,12.365839836252395,12.63721908195597,12.302518328574868,12.483437538146973
2015-08-05,12.628174316843738,12.899553592870525,12.582944293724118,12.59199047088623
2015-08-06,12.51962260112097,12.881461055555883,12.356794865279795,12.854323387145996
2015-08-07,12.73672610720736,12.88146149390661,12.429162979125977,12.429162979125977
2015-08-10,12.45629953932697,13.31566640883482,12.447253363417532,13.22520637512207
2015-08-11,13.017151977408368,13.19807121650102,12.700542661977988,13.143795013427734
2015-08-12,13.116656260384056,13.378989351084101,13.044288570721347,13.261391639709473
2015-08-13,13.143791792755485,13.143791792755485,12.917642583631105,12.990010261535645
2015-08-14,13.062378239278981,13.152838270081496,12.890505215983154,12.899551391601562
2015-08-17,12.935737634722356,12.935737634722356,12.754818402195033,12.863369941711426
2015-08-18,12.845275500170212,12.92668935725312,12.727677802460548,12.83622932434082
2015-08-19,12.718632926055838,12.72767823950502,12.411069838821858,12.555805206298828
2015-08-20,12.492483698700363,12.791000609794322,12.474391346420322,12.555805206298828
2015-08-21,12.483438782021521,12.610081809995535,12.121599464132085,12.175875663757324
2015-08-24,11.50647337913371,12.040185714583462,11.406967163085938,11.406967163085938
2015-08-25,11.850219260169665,11.87735692452867,11.198909276717982,11.235093116760254
2015-08-26,11.488380597963651,11.633115965703219,11.244139880575842,11.587886810302734
2015-08-27,11.696439132029107,12.420116019971857,11.67834677848509,12.166829109191895
2015-08-28,12.049229862988446,12.429160612063828,12.022092198823287,12.320609092712402
2015-08-31,12.067322693397394,12.800045693787322,11.931632641802013,12.718632698059082
2015-09-01,12.438207802923277,12.474391645660509,11.940679318268174,12.103507041931152
2015-09-02,12.17587373357717,12.501528291631445,11.940678343637021,12.320609092712402
2015-09-03,12.293473573003201,12.682450565549823,12.266335904104187,12.44725513458252
2015-09-04,12.212057805799496,12.31156315142621,12.05827626811861,12.085413932800293
2015-09-08,12.537714028404446,12.791001807905003,12.30251946556953,12.754817962646484
2015-09-09,12.926691622373825,13.19807090597321,12.655312338774442,12.673404693603516
2015-09-10,12.601033415376548,12.800044085743139,12.429159544152737,12.43820571899414
2015-09-11,12.392976288321965,12.465343965063552,12.230149446998773,12.356792449951172
2015-09-14,12.338702886514694,12.46534590921895,12.139691313091149,12.28442668914795
2015-09-15,12.33870359629552,12.50153047238055,12.311565064705565,12.44725513458252
2015-09-16,12.510573944709463,12.89050467791593,12.492482456918598,12.646263122558594
2015-09-17,12.655313120876148,12.682451654796926,12.38393382050545,12.402026176452637
2015-09-18,12.293473128569982,12.43820850772018,11.949726171742807,12.04923152923584
2015-09-21,12.058277386444416,12.130645074101071,11.777852812447598,11.823081970214844
2015-09-22,11.651209476642732,11.70548481359693,11.316508689788753,11.569795608520508
2015-09-23,11.578841535796212,11.62407155740962,11.117496868183082,11.126543045043945
2015-09-24,11.054173359614273,11.253184038474753,10.800885629388793,11.171771049499512
2015-09-25,11.235094268198772,11.325554308920726,11.144634227476818,11.217001914978027
2015-09-28,11.121442837656595,11.121442837656595,10.55717989690991,10.648189544677734
2015-09-29,10.69369425457846,10.857512827283195,10.620886192918704,10.793805122375488
2015-09-30,10.957623007683663,11.10323912186835,10.784704089074475,11.075936317443848
2015-10-01,11.276156798704935,11.358065196653786,10.848408892361558,10.975823402404785
2015-10-02,10.912116930519538,11.485480987754952,10.912116930519538,11.43997573852539
2015-10-05,11.585591561228915,11.995137926439703,11.585591561228915,11.895026206970215
2015-10-06,11.895027013298543,12.286370958610037,11.885926657408408,12.240865707397461
2015-10-07,12.404684083337902,12.823330826083776,12.31367358224253,12.641310691833496
2015-10-08,12.695917170142414,12.987150272886325,12.586705082091143,12.877937316894531
2015-10-09,12.932541569389738,13.00534961556139,12.668612185032412,12.887036323547363
2015-10-12,12.923441460422817,12.923441460422817,12.541198751108384,12.777825355529785
2015-10-13,12.50479635024973,12.932544364926732,12.4774935440186,12.759625434875488
2015-10-14,12.759625837828839,13.078160901759642,12.759625837828839,12.905241966247559
2015-10-15,12.896138618149227,13.169169247955677,12.859734592037729,13.041754722595215
2015-10-16,13.069058543717794,13.096362216384636,12.85973559424842,13.014452934265137
2015-10-19,12.87793614963569,12.932542622682044,12.668613216828959,12.80512809753418
2015-10-20,12.759623527198544,13.07815853344609,12.741421080472177,12.96894645690918
2015-10-21,12.95984672730657,12.98715040054316,12.759624997881428,12.823331832885742
2015-10-22,12.932544376038141,13.123665755701387,12.777827027361202,12.914341926574707
2015-10-23,12.923440083178324,13.132763862609863,12.777823993803526,13.132763862609863
2015-10-26,13.214674501466241,13.214674501466241,12.786926543575026,12.83243179321289
2015-10-27,12.668613494985921,12.805128378688515,12.532098611283327,12.641310691833496
2015-10-28,12.695916438145678,13.105461961710287,12.695916438145678,12.95074462890625
2015-10-29,12.887037550727666,13.105461710042263,12.796027918316812,12.93254280090332
2015-10-30,12.98714868745921,12.98714868745921,12.714118066691427,12.896138191223145
2015-11-02,12.33187636913136,12.73232067550611,12.095249754121493,12.577603340148926
2015-11-03,12.532099009057193,12.659512673106317,12.268168721091454,12.313673973083496
2015-11-04,12.31367374871549,12.386481803399919,11.913229447951124,12.004239082336426
2015-11-05,11.93143103862787,11.940532262456914,11.685704070826992,11.794916152954102
2015-11-06,11.6310991440262,11.776715272912195,11.476381790099683,11.62199878692627
2015-11-09,11.594692471471243,11.722106989202057,11.37626832788161,11.403571128845215
2015-11-10,11.36716845005738,11.449077730581397,11.239754785189351,11.394472122192383
2015-11-11,11.43087615043189,11.540088235150414,11.348966869907875,11.394472122192383
2015-11-12,11.267058994855233,11.403573900797356,11.176048478933415,11.248856544494629
2015-11-13,11.221552305767544,11.339865614200724,11.021329717039047,11.130541801452637
2015-11-16,11.130540288619054,11.294358826943906,10.994025418641929,11.121439933776855
2015-11-17,11.130541926292853,11.312562936964214,11.003128260351504,11.075936317443848
2015-11-18,11.13964444615281,11.303463027635841,11.057735155411294,11.248856544494629
2015-11-19,11.358065131318822,11.394470020784912,11.14874222453083,11.26705551147461
2015-11-20,11.26705557628606,11.376267641491538,10.957620957567036,10.975823402404785
2015-11-23,10.930318864817181,11.112338985259267,10.857510816640346,10.875712394714355
2015-11-24,10.857511818770378,11.121441234756743,10.848410594923147,11.057733535766602
2015-11-25,11.039531744175637,11.130541377080139,10.957622467003263,10.984925270080566
2015-11-27,10.930316848660897,11.021326458124525,10.848407592585465,11.012226104736328
2015-11-30,10.994025418641929,11.185146757374131,10.957621395452003,11.121439933776855
2015-12-01,11.103239936870128,11.394473054557142,11.103239936870128,11.367169380187988
2015-12-02,11.348967667884718,11.385371698683892,10.957623685838175,11.030431747436523
2015-12-03,11.13054198484803,11.13964320901758,10.793804502039322,10.812006950378418
2015-12-04,10.812005996301025,11.0759353983446,10.648187447466933,11.021328926086426
2015-12-07,10.875713334315776,10.875713334315776,10.557178313007562,10.639086723327637
2015-12-08,10.484369708037939,10.775601910614405,10.375156764131336,10.629985809326172
2015-12-09,10.739199531538327,11.003128972566937,10.620886214119906,10.8211088180542
2015-12-10,10.748300423240686,11.148744750761976,10.730097974383089,11.039532661437988
2015-12-11,10.793804497654765,10.848410974709363,10.557178744926189,10.575380325317383
2015-12-14,10.593580615669602,10.620883414664895,10.247741979281349,10.29324722290039
2015-12-15,10.38425853269297,10.73919844917518,10.302349254432423,10.639086723327637
2015-12-16,10.611785125144706,10.94852263228563,10.584482318603705,10.921219825744629
2015-12-17,10.912117424723675,10.912117424723675,10.566278730032773,10.611783981323242
2015-12-18,10.684592458286103,11.0304311666387,10.62998684893283,10.994027137756348
2015-12-21,11.039533479737731,11.103240319580493,10.848412092268843,10.939422607421875
2015-12-22,10.884814223149338,11.25795570779534,10.83020775000923,11.148743629455566
2015-12-23,11.303460280018399,11.439975152776821,11.203349431191583,11.403571128845215
2015-12-24,11.37626832788161,11.476379176708427,11.348965526918004,11.403571128845215
2015-12-28,11.358069795323889,11.358069795323889,11.057736277424313,11.13964557647705
2015-12-29,11.324573066741015,11.406967029023042,11.196404583960492,11.35203742980957
2015-12-30,11.196403698091821,11.278797653854769,11.10485553741455,11.10485553741455
2015-12-31,11.10485429546781,11.297106546388115,11.04992470674364,11.287951469421387
2016-01-04,10.940068126667619,11.077391683583915,10.720351483293145,11.031617164611816
2016-01-05,11.031616118921313,11.040771196463186,10.738659749115113,10.830208778381348
2016-01-06,10.61049166162687,10.711194890668255,10.418239407583348,10.509787559509277
2016-01-07,10.271763226580896,10.445705352819704,10.015426266861343,10.042891502380371
2016-01-08,10.161904526799352,10.601337801887864,10.116130009041889,10.473169326782227
2016-01-11,10.564717127809528,10.573872204906513,10.198522774692261,10.308381080627441
2016-01-12,10.436548182589982,10.619646223714431,10.125283433445983,10.482322692871094
2016-01-13,10.839365408455675,10.839365408455675,10.097820609800518,10.161905288696289
2016-01-14,10.253450299179455,10.409083099431356,10.070353143905486,10.344999313354492
2016-01-15,9.905567054033797,10.006271162402976,9.676695350396594,9.89641284942627
2016-01-19,10.21683329049594,10.244297652029703,9.814019453387619,9.978806495666504
2016-01-20,9.768245375763687,10.042891622710286,9.43867040327358,9.951342582702637
2016-01-21,10.024579469337818,10.381619606580555,9.814017941555095,10.244296073913574
2016-01-22,10.54640890633359,10.683731584280897,10.345001555344751,10.610492706298828
2016-01-25,10.518943127025128,10.564717641660238,10.19852327073187,10.235142707824707
2016-01-26,10.445703468378484,10.656265870656474,10.345000242204948,10.592181205749512
2016-01-27,10.500633303081871,10.784433707635428,10.372464843333558,10.555562019348145
2016-01-28,10.885139017115192,10.949222817562275,10.601337707993546,10.912603378295898
2016-01-29,11.004151548014061,11.123164061467532,10.894292365774158,11.114009857177734
2016-02-01,10.985842893485673,11.123165580423702,10.802745686542847,11.095701217651367
2016-02-02,10.77527921231834,10.793588492886682,10.583026964431761,10.738658905029297
2016-02-03,10.912601102545802,11.205556555582913,10.72034886822117,11.187247276306152
2016-02-04,11.361190795898438,11.48020418202349,11.233023205514712,11.361190795898438
2016-02-05,11.15978414728013,11.352036417773407,11.022461471103336,11.297107696533203
2016-02-08,10.683730532398096,10.747814326053867,10.491478278354576,10.509787559509277
2016-02-09,10.399929756599027,10.473168630914241,9.731624810203645,9.94218635559082
2016-02-10,9.960496817008213,10.11612964798305,9.740780187305951,9.759089469909668
2016-02-11,9.594302380311937,9.896413863293919,9.530218576112667,9.850639343261719
2016-02-12,10.052045224792861,10.592182607643812,10.00627158061333,10.464015007019043
2016-02-16,10.583026937064213,10.665420009022954,10.308380744639877,10.537252426147461
2016-02-17,10.692886631676105,11.141474976300717,10.692886631676105,11.10485553741455
2016-02-18,11.178094670177734,11.260488627820223,10.91260351392766,11.068236351013184
2016-02-19,10.802745995670612,11.049927013847588,10.75697147435595,11.013307571411133
2016-02-22,11.251334437109788,11.39781220754981,11.233025152342977,11.315418243408203
2016-02-23,11.095699298997815,11.29710662834601,10.921757200749054,10.994996070861816
2016-02-24,10.610492062188221,11.123164176940918,10.610492062188221,11.123164176940918
2016-02-25,11.095698850981243,11.196402075051095,10.81189845902249,11.022459983825684
2016-02-26,11.187248694939536,11.260487567486093,10.930911767950354,10.967531204223633
2016-02-29,11.022460244855552,11.168937982635503,10.958376452845869,11.086544036865234
2016-03-01,11.214710748942668,11.425272245968761,11.059077958499012,11.242175102233887
2016-03-02,11.187250378321881,11.35203742980957,10.985843011974305,11.35203742980957
2016-03-03,11.34288191409202,11.599217976970433,11.251332883668743,11.580907821655273
2016-03-04,11.654144603461669,11.709074186464509,11.36118915564946,11.425272941589355
2016-03-07,11.397810327354962,11.699920897320123,11.31541637680515,11.56259822845459
2016-03-08,11.480204917777584,11.480204917777584,10.903448104858398,10.903448104858398
2016-03-09,11.059080422753974,11.086544782164976,10.81189944190246,10.875983238220215
2016-03-10,10.903448417478366,10.99499745316708,10.592182743828307,10.720351219177246
2016-03-11,10.90344665649496,11.095698901930122,10.885137376160081,10.976685523986816
2016-03-14,10.85767239152522,10.967530695246795,10.738659010891134,10.94006633758545
2016-03-15,10.784434205940446,11.397810428738092,10.747814769045494,11.370346069335938
2016-03-16,11.342882003730546,11.965412447069168,11.31541677054076,11.883018493652344
2016-03-17,12.002032360218715,12.441466504818893,11.992878155202527,12.102736473083496
2016-03-18,12.14851023577382,12.331607420867646,12.029496847193771,12.212594032287598
2016-03-21,12.230903675679325,12.395691583671338,11.974567608973294,11.983722686767578
2016-03-22,11.947101905764004,12.084424564937542,11.873863037794626,11.965411186218262
2016-03-23,11.96541295791562,11.96541295791562,11.580908407605397,11.608373641967773
2016-03-24,11.443585592310432,11.709076743128984,11.37034671436575,11.654147148132324
2016-03-28,11.67245685207855,11.68161192973613,11.425274993781459,11.580907821655273
2016-03-29,11.439069962320408,11.807477659032324,11.411439604655323,11.733796119689941
2016-03-30,11.862739635999066,12.157465802891158,11.835109277441248,12.03773307800293
2016-03-31,12.102206326791507,12.194307824213166,11.77984888993232,11.825900077819824
2016-04-01,11.586434141344782,11.687746047973633,11.42065022290365,11.687746047973633
2016-04-04,11.641698373874956,11.678539155379003,11.264079265516566,11.273289680480957
2016-04-05,11.1259247746019,11.227236687942344,10.996981620788574,10.996981620788574
2016-04-06,11.070663957950229,11.356179746959663,11.00619194240506,11.3285493850708
2016-04-07,11.162763513194408,11.199604282082051,10.904878130980906,10.987770080566406
2016-04-08,11.218027960737622,11.264078274802262,11.061454433528217,11.098295211791992
2016-04-11,11.144345718301334,11.300919235874002,11.061453752721288,11.116714477539062
2016-04-12,11.208815826993087,11.531173246112033,11.153554228898614,11.448281288146973
2016-04-13,11.55880401535651,11.816689432773117,11.55880401535651,11.641695976257324
2016-04-14,11.604855635230384,11.696957134280975,11.503542844415357,11.614065170288086
2016-04-15,11.54959268240675,11.54959268240675,11.328548056512187,11.475911140441895
2016-04-18,11.291706054509559,11.632483368533833,11.282495643179754,11.402228355407715
2016-04-19,11.577223693010117,11.86274034296734,11.494331734043397,11.853529930114746
2016-04-20,11.881159827068918,12.019313379411239,11.761427978066834,11.770637512207031
2016-04-21,11.807479464009006,11.835110704251237,11.319338971656725,11.3285493850708
2016-04-22,11.328550301009697,12.203519443962755,11.319339886850939,12.065366744995117
2016-04-25,12.000893035621127,12.056154634444521,11.70616685083853,11.908791542053223
2016-04-26,12.000892639160156,12.04694382359942,11.807478367197874,12.000892639160156
2016-04-27,12.000894369360518,12.424563746247362,11.991684833827533,12.387722969055176
2016-04-28,12.341670292605635,12.433772663677905,12.05615452331755,12.07457447052002
2016-04-29,12.04694436185185,12.092995548348663,11.466701520039996,11.521963119506836
2016-05-02,11.558805078020308,11.56801549193457,11.273288395152106,11.36539077758789
2016-05-03,11.218027611651419,11.291709165886124,11.024613312196966,11.079874038696289
2016-05-04,10.987770080566406,11.181184336814836,10.886457307360477,10.987770080566406
2016-05-05,11.171975506031925,11.199605867019526,10.600943068285908,10.68383502960205
2016-05-06,10.674624887334774,10.89566953755081,10.64699452564611,10.702255249023438
2016-05-09,10.610155204841725,10.775938276049358,10.53647276631741,10.674626350402832
2016-05-10,10.757515862535142,10.87724858999148,10.702254265880955,10.868038177490234
2016-05-11,10.914089970822843,11.043032239624173,10.821987597376182,10.849617958068848
2016-05-12,10.950930808567593,11.273287360809263,10.766726060597115,10.794357299804688
2016-05-13,10.74830563989127,10.886458316437137,10.619362497656045,10.656203269958496
2016-05-16,10.775938276049358,10.877251080049364,10.665415935793108,10.674626350402832
2016-05-17,10.656202126800329,10.941718740280123,10.564100645101158,10.812775611877441
2016-05-18,10.720674079167276,10.794355615517302,10.471998235221037,10.527259826660156
2016-05-19,10.389109712627594,10.536472833914674,10.343058517637008,10.508842468261719
2016-05-20,10.56410380759845,10.619364537490306,10.416740690082213,10.490422248840332
2016-05-23,10.41673896755538,10.766725874605376,10.389107728825127,10.72988510131836
2016-05-24,10.637783842387156,10.858828486994645,10.47199991975487,10.68383502960205
2016-05-25,10.748306545309209,10.987772024623927,10.729885718429598,10.76672649383545
2016-05-26,10.978560992832112,11.015401766162958,10.757516352847032,10.785146713256836
2016-05-27,10.739095527004949,10.849617846997488,10.665413980343255,10.785146713256836
2016-05-31,10.794356839276537,10.886458330979043,10.702254469220733,10.711464881896973
2016-06-01,10.646993944823514,10.69304425234133,10.43515884115764,10.499629974365234
2016-06-02,10.435159145653621,10.68383502960205,10.435159145653621,10.68383502960205
2016-06-03,10.775936300335795,10.840408312429767,10.665413980343255,10.785146713256836
2016-06-06,10.840407730842033,11.107503542749313,10.83119731841513,11.089082717895508
2016-06-07,11.153554483496457,11.218026495803906,11.061452989041038,11.181185722351074
2016-06-08,11.356181658453444,11.448284051390322,11.20881853243725,11.273289680480957
2016-06-09,11.25486696677429,11.25486696677429,11.024611919294026,11.052242279052734
2016-06-10,11.015403538411967,11.015403538411967,10.729886840396633,10.775938034057617
2016-06-13,10.729885610712103,10.840408814173482,10.65620406064009,10.702255249023438
2016-06-14,10.646994350223528,10.720675899081543,10.324636915204696,10.4075288772583
2016-06-15,10.407529824845799,10.472000966378213,10.278586663427546,10.35226821899414
2016-06-16,10.232534357456135,10.389107865575237,10.085171262368355,10.343056678771973
2016-06-17,10.435158425892112,10.481209609930643,10.269374514694714,10.306215286254883
2016-06-20,10.518052679231097,10.591734238447673,10.30621753771834,10.324638366699219
2016-06-21,10.315425425182584,10.324635837416698,10.168062342849773,10.287795066833496
2016-06-22,10.398317991226966,10.425948351203969,10.223324540234874,10.26937484741211
2016-06-23,10.407527110503063,10.610151774642237,10.315424750888932,10.527259826660156
2016-06-24,10.011489422127646,10.204903698364015,9.956228702262,9.983859062194824
2016-06-27,9.919388587830237,10.039120448269127,9.772024608918214,9.8549165725708
2016-06-28,10.008898810080476,10.046003126300073,9.656407363675969,9.776996612548828
2016-06-29,9.897586730290206,10.083108327674367,9.832654392364937,10.008899688720703
2016-06-30,10.027452658363421,10.222250563916875,9.943967715320971,10.175869941711426
2016-07-01,10.138763427734375,10.250076366167011,10.046002203388879,10.138763427734375
2016-07-05,10.064557204036438,10.129489545792541,9.786274349223868,9.841930389404297
2016-07-06,9.81410208408195,9.879034423950893,9.721340840294792,9.804825782775879
2016-07-07,9.934689375300216,9.943965674765117,9.591474256828368,9.674959182739258
2016-07-08,9.795550366106589,9.906863327869111,9.721340840294792,9.804825782775879
2016-07-11,9.906863327869111,9.953243065125909,9.786274064800516,9.804825782775879
2016-07-12,9.92541474873864,10.101660929731162,9.87903412823341,10.008899688720703
2016-07-13,10.03672692463652,10.03672692463652,9.81410102513298,9.906862258911133
2016-07-14,10.008898743265153,10.175868607457055,9.97179442729325,10.129487991333008
2016-07-15,10.138765249207994,10.194421286104866,9.953242767187076,10.008899688720703
2016-07-18,9.953241708402842,10.018174924057544,9.906861977468052,9.990346908569336
2016-07-19,9.916137961074405,9.934690562220728,9.749168973941064,9.82337760925293
2016-07-20,9.76772174607252,9.925415334311749,9.749170027557978,9.841930389404297
2016-07-21,9.804825495648394,9.888310435684684,9.665684518679083,9.767721176147461
2016-07-22,9.739893816891959,9.776998138904169,9.53581960350639,9.600752830505371
2016-07-25,9.554372504013484,9.591476827179802,9.415230628662163,9.517268180847168
2016-07-26,9.480162169842833,9.786273002624512,9.461609569244338,9.786273002624512
2016-07-27,9.832653247000167,9.906861877309577,9.730615716847236,9.860481262207031
2016-07-28,9.647132118133365,9.665684720589764,8.710247810004626,8.812284469604492
2016-07-29,8.886492619505285,9.136947431017614,8.700971028368409,8.867940902709961
2016-08-01,8.858664391239028,8.932873025928295,8.413411698466726,8.478344917297363
2016-08-02,8.803007791588266,8.8679410127696,8.617486198148889,8.76590347290039
2016-08-03,8.76590176965485,8.793729782104492,8.580380212262964,8.793729782104492
2016-08-04,8.784454049207765,8.979251898565455,8.728797141689911,8.747349739074707
2016-08-05,8.747351361637252,8.840111711857922,8.626762110177353,8.830836296081543
2016-08-08,8.951423937638625,9.016357150632414,8.86793989459511,8.98852825164795
2016-08-09,9.02563329693596,9.04418589776211,8.803007394842314,8.830836296081543
2016-08-10,8.914320747651892,8.932873349314198,8.710247437186947,8.76590347290039
2016-08-11,8.830836238276085,9.081290155332823,8.803007337219022,9.072013854980469
2016-08-12,9.127669516160601,9.127669516160601,8.951423372270467,9.034908294677734
2016-08-15,9.109116827536901,9.15549743781768,8.96997588133113,9.136945724487305
2016-08-16,9.18332698326376,9.201879584328003,8.969977378845215,8.969977378845215
2016-08-17,8.951425265252128,8.960701566289414,8.821560589277171,8.914320945739746
2016-08-18,8.923596847718013,8.951424864948654,8.81228389415873,8.858664512634277
2016-08-19,8.803007791588266,8.8679410127696,8.747351755874822,8.76590347290039
2016-08-22,8.719520751808252,8.775177658744042,8.636036718359351,8.738073348999023
2016-08-23,8.76590384810027,8.877216808928337,8.710247810004626,8.812284469604492
2016-08-24,8.784455965539184,8.960701255960036,8.77517966482316,8.867940902709961
2016-08-25,8.858662576829467,8.867938875424853,8.71024533784939,8.738073348999023
2016-08-26,8.765904241500172,8.895769810612796,8.608210652090847,8.617486953735352
2016-08-29,8.626762765886804,8.700971405558525,8.580382144932788,8.67314338684082
2016-08-30,8.682417758457808,8.803007004571526,8.63603802772201,8.66386604309082
2016-08-31,8.636039071386433,8.645314487872529,8.431964869867281,8.5525541305542
2016-09-01,8.524723600390022,8.552552498447946,8.394858947999422,8.469067573547363
2016-09-02,8.571105470488757,8.645314106928222,8.515449435477521,8.626762390136719
2016-09-06,8.719523138591168,8.830836982932533,8.636039082290292,8.803008079528809
2016-09-07,8.821559808765052,8.895768441224,8.673142543847156,8.691694259643555
2016-09-08,8.728800206687225,8.747352810586511,8.5989355179396,8.65459156036377
2016-09-09,8.534002120963569,8.608210765826458,8.357756810573417,8.385584831237793
2016-09-12,8.311375152469324,8.441240707142978,8.283547135266655,8.376307487487793
2016-09-13,8.339202242250538,8.339202242250538,7.9496065061941135,8.01453971862793
2016-09-14,8.005263710298069,8.209337885332504,7.968159395258777,8.051644325256348
2016-09-15,8.051644534089085,8.255717829779847,8.051644534089085,8.200061798095703
2016-09-16,8.144402480353921,8.172231372627168,8.051642160019002,8.135127067565918
2016-09-19,8.264994417609913,8.264994417609913,8.079472831144397,8.1165771484375
2016-09-20,8.144405075244881,8.27427062665396,8.079472741858691,8.107300758361816
2016-09-21,8.181510056033666,8.311375617980957,8.162958338405064,8.311375617980957
2016-09-22,8.422688487427969,8.496897126420894,8.246443190978956,8.302099227905273
2016-09-23,8.24644241425694,8.34847906210232,8.116576865932812,8.200061798095703
2016-09-26,8.172233774038304,8.218613505516243,8.060919941508567,8.079472541809082
2016-09-27,8.014540571155019,8.04236858822301,7.884675017109874,7.940331935882568
2016-09-28,8.002101477730486,8.095692770254782,7.796199206079073,8.076974868774414
2016-09-29,8.161208366256638,8.264159064750778,8.067616173035564,8.123771667480469
2016-09-30,8.179925949560356,8.254799344185432,8.002101860466118,8.01146125793457
2016-10-03,8.011462910499546,8.067617521771014,7.833637892163172,7.889793395996094
2016-10-04,7.852354601659417,7.880431899824532,7.571578942324622,7.580938339233398
2016-10-05,7.693248732044204,7.7026072367659335,7.5715792450491985,7.609015941619873
2016-10-06,7.562219830947865,7.683889317672277,7.412473044998204,7.524783134460449
2016-10-07,7.552860322173497,7.562219719297479,7.356317891656678,7.375036239624023
2016-10-10,7.4124734652694,7.515424163306561,7.375036766659405,7.4499101638793945
2016-10-11,7.468629099620812,7.50606624745102,7.375037345747005,7.431192398071289
2016-10-12,7.384395832986346,7.421832532178418,7.244007987875749,7.262726783752441
2016-10-13,7.178494140422755,7.328240940382544,6.972591844197377,7.318881988525391
2016-10-14,7.403114722617466,7.552861530309334,7.3656780206944985,7.50606632232666
2016-10-17,7.45926936866938,7.543502612822965,7.375037017077126,7.403114318847656
2016-10-18,7.49670604669609,7.49670604669609,7.337599858996327,7.487346649169922
2016-10-19,7.552860950605991,7.5715797464114445,7.487346950409528,7.5154242515563965
2016-10-20,7.487348370773076,7.627735795700479,7.421833911867745,7.599658489227295
2016-10-21,7.534142531722615,7.571579228210031,7.487346437973034,7.524783134460449
2016-10-24,7.53414242048677,7.543501817610752,7.365676842500042,7.375036239624023
2016-10-25,7.421831886402078,7.496705724552078,7.309521798598006,7.375036239624023
2016-10-26,7.3282412456697585,7.580939650550067,7.3282412456697585,7.431192398071289
2016-10-27,7.449910309138202,7.524783707818079,7.375036910458326,7.42183256149292
2016-10-28,7.412473609798265,7.534143105793392,7.375036910458326,7.42183256149292
2016-10-31,7.421832831145408,7.431192229460771,7.197212626944805,7.206571578979492
2016-11-01,7.244008631178424,7.244008631178424,6.935155612275875,6.981951713562012
2016-11-02,7.187853623916503,7.814919510829583,7.112980218398731,7.805560111999512
2016-11-03,7.805559221952034,7.805559221952034,7.459269091497851,7.70260763168335
2016-11-04,7.637093594813549,8.030179373302007,7.599656896508043,7.7119669914245605
2016-11-07,7.861714716994439,7.9553069201382725,7.711967906013425,7.721327304840088
2016-11-08,7.78684006974106,8.076975139170154,7.702607278856444,7.936586856842041
2016-11-09,7.871074926211503,8.048899951981022,7.814920312592753,7.992744445800781
2016-11-10,8.086334519753951,8.5168569780581,8.039538425741515,8.367109298706055
2016-11-11,8.413904694492626,8.432623487568728,8.048897155120452,8.151847839355469
2016-11-14,8.189285592561298,8.310955085615278,8.142489496377259,8.301595687866211
2016-11-15,8.292237677930888,8.470062694679301,8.15185025844441,8.39518928527832
2016-11-16,8.348391943238537,8.704041031432979,8.329673147383472,8.610448837280273
2016-11-17,8.694683336159729,8.694683336159729,8.573013816959554,8.647887229919434
2016-11-18,8.732118991893648,8.732118991893648,8.470062078067683,8.498139381408691
2016-11-21,8.722758106090795,8.82570968839094,8.544934025166988,8.591730117797852
2016-11-22,8.563653395766181,8.694682299098192,8.479421485654226,8.666604995727539
2016-11-23,8.619809111557936,8.788274721135673,8.554295104527219,8.629168510437012
2016-11-25,8.722759602468843,8.732119001112855,8.573012794410191,8.666604995727539
2016-11-28,8.694682044020412,8.778914844222593,8.58237194127129,8.713400840759277
2016-11-29,8.629169293584777,8.694683306561275,8.488780975341797,8.488780975341797
2016-11-30,8.61044983022022,8.685323237152112,8.526217024281488,8.601090431213379
2016-12-01,8.69468293139246,9.115846082825566,8.69468293139246,8.881866455078125
2016-12-02,8.863148950419545,8.938022363284974,8.760197338308467,8.816352844238281
2016-12-05,8.863146230873749,9.171999187316338,8.853786833997013,9.134562492370605
2016-12-06,9.097126807201011,9.359183700909304,9.069048613454138,9.293669700622559
2016-12-07,9.359183892971132,9.705473589903704,9.312387794994011,9.59316349029541
2016-12-08,9.714832907622343,9.892657007390337,9.658677412002211,9.770987510681152
2016-12-09,10.014326702135257,10.079841597081206,9.855220502720062,9.911375999450684
2016-12-12,10.023685359252584,10.042403261737995,9.686755081463714,9.696113586425781
2016-12-13,9.780346870422363,9.845861763816254,9.555726673943845,9.780346870422363
2016-12-14,9.742909284644659,9.80842327951707,9.415338417721356,9.424696922302246
2016-12-15,9.34046644811308,9.71483439353142,9.321748541750965,9.68675708770752
2016-12-16,9.67739628312456,10.201510081024864,9.639959583274539,10.098559379577637
2016-12-19,10.098559500950518,10.15471499768114,9.86457990093539,9.911375999450684
2016-12-20,9.902016867878865,10.192151972437431,9.873939565038153,10.033045768737793
2016-12-21,10.0143272590266,10.033046056498197,9.808424949645996,9.808424949645996
2016-12-22,9.780346124011587,9.967529606791658,9.630599337787528,9.920734405517578
2016-12-23,10.10791738107248,10.154713472559537,9.80842293109204,9.836501121520996
2016-12-27,9.892657496086752,9.976890297397382,9.742910690450683,9.855220794677734
2016-12-28,9.821290199574104,9.934395160357425,9.585654639889272,9.651632308959961
2016-12-29,9.61392915231075,9.821288664100466,9.538525856910523,9.736459732055664
2016-12-30,9.783587846947757,9.972096101451148,9.745886196047078,9.868416786193848
2017-01-03,9.89669331758548,9.953246246335281,9.642206486528837,9.802438735961914
2017-01-04,9.887266897036621,10.094626420868268,9.858990884339017,10.075775146484375
2017-01-05,10.179456098559257,10.603599915399581,10.141754445926303,10.301986694335938
2017-01-06,10.358538911125061,10.377390187221513,10.056925684608354,10.151180267333984
2017-01-09,10.226583569808923,10.226583569808923,10.019224027223762,10.132328987121582
2017-01-10,10.198306432680319,11.244528861895585,10.179456055882023,11.1691255569458
2017-01-11,11.301081197978174,11.725225024555224,11.18797623748285,11.715800285339355
2017-01-12,12.045686836769002,12.592361139765156,11.781775321258682,11.932581901550293
2017-01-13,11.885457253862933,12.535811899062454,11.687523348655905,12.526386260986328
2017-01-17,12.535810994082691,12.592363020700223,12.196495238864477,12.507534980773926
2017-01-18,11.206825266793182,11.42360950622615,10.094625363258777,10.226581573486328
2017-01-19,10.236008434206209,11.26337962277855,10.21715805676511,11.235103607177734
2017-01-20,11.272804476990682,11.574417686099752,10.942914355368936,11.065444946289062
2017-01-23,11.103147186206426,11.423611687317567,11.046595155938762,11.385910034179688
2017-01-24,11.54614091815935,12.243621868096984,11.508439269483755,12.205920219421387
2017-01-25,12.271899393085528,12.564086960228563,11.885456351217824,12.102241516113281
2017-01-26,12.111667498398274,12.309601394210048,12.036264195125053,12.224772453308105
2017-01-27,12.187070274554097,12.300175224571891,12.055114050094216,12.234196662902832
2017-01-30,12.196493941475534,12.215345214261598,11.734648544754892,11.885455131530762
2017-01-31,11.932584196892076,12.08339080619272,11.83833051551832,12.017413139343262
2017-02-01,10.763831796380138,10.763831796380138,10.386815282920244,10.622450828552246
2017-02-02,10.631876616703272,10.660153532162683,9.896693893447406,10.122903823852539
2017-02-03,10.094626470019412,10.226582694714457,9.962670245324365,10.056924819946289
2017-02-06,10.094626686142549,10.11347706214357,9.745886190780176,9.849565505981445
2017-02-07,9.774161534747497,10.14175327981125,9.774161534747497,10.066349983215332
2017-02-08,10.104051899672726,10.386814718850987,9.990946951777067,10.264284133911133
2017-02-09,10.264283694542723,10.405664648640851,10.085200193881697,10.217156410217285
2017-02-10,10.273708622064227,10.67900201631944,10.245432610497971,10.490493774414062
2017-02-13,10.688427971403998,11.084295740632164,10.5847477611101,11.056018829345703
2017-02-14,11.319932050391127,11.659246919174436,11.187975818647361,11.649821281433105
2017-02-15,11.555567719533014,11.6215453866445,11.065445338481126,11.1691255569458
2017-02-16,11.225676144968824,11.404759645390982,11.06544391780297,11.159698486328125
2017-02-17,11.112573244190514,11.253954224081232,11.008893918862546,11.046595573425293
2017-02-21,11.093722617412654,11.093722617412654,10.773258111381132,10.82981014251709
2017-02-22,10.71670432463904,10.82980927674731,10.641301023233526,10.754405975341797
2017-02-23,10.782682172613997,10.848660736628183,10.613025190996181,10.622450828552246
2017-02-24,10.61302452083967,10.631874895883227,10.30198569215615,10.320836067199707
2017-02-27,10.452791962460543,10.697853122541751,10.283134097961524,10.641300201416016
2017-02-28,10.565898077250862,10.631875743480524,10.40566583165458,10.45279312133789
2017-03-01,10.53762065770984,10.631874325628637,10.367962797026575,10.405664443969727
2017-03-02,10.443366743359705,10.528195679001007,10.25485849686694,10.264284133911133
2017-03-03,10.283136417342137,10.339689351223491,10.170031448457816,10.245434761047363
2017-03-06,10.198305573479997,10.273708872077105,10.094626262628532,10.264284133911133
2017-03-07,10.226583298638642,10.433941936847118,10.179456008544609,10.377389907836914
2017-03-08,10.405665268108036,10.688428092015835,10.35853798097703,10.518770217895508
2017-03-09,10.452792863323609,10.669577132086182,10.1983060446424,10.25485897064209
2017-03-10,10.264285377873286,10.452793647211983,10.170030793764772,10.424517631530762
2017-03-13,10.537621667840126,10.537621667840126,10.339687777695211,10.367963790893555
2017-03-14,10.349112251036935,10.367963525271707,10.11347671637167,10.170029640197754
2017-03-15,10.25485897064209,10.283134984202803,10.104052366480602,10.25485897064209
2017-03-16,10.33968760545157,10.547046230622817,10.254858668391407,10.518770217895508
2017-03-17,10.53762259313398,10.650727554737198,10.386815977663023,10.424517631530762
2017-03-20,10.39624028454755,10.443367574641584,10.283135327648846,10.377389907836914
2017-03-21,10.386814486218396,10.50934416953574,10.009797102798666,10.028648376464844
2017-03-22,9.990948339074563,10.264285559162989,9.943821046187935,10.236008644104004
2017-03-23,10.245432727515151,10.443366608496031,10.179455066814262,10.358537673950195
2017-03-24,10.386814718850987,10.499919666746647,10.236007222778552,10.264284133911133
2017-03-27,10.141753376970989,10.443366566244169,10.113476466317973,10.396239280700684
2017-03-28,10.4150908627095,10.565897461809291,10.349112301444666,10.556471824645996
2017-03-29,10.551726297404267,10.7225279137002,10.53274884278138,10.694061279296875
2017-03-30,10.694061932592577,10.798440201739854,10.589682758507253,10.64661693572998
2017-03-31,10.561217134031473,10.703551233315503,10.50428295135498,10.50428295135498
2017-04-03,10.51377092531441,10.561215921273629,10.333481026595013,10.45683765411377
2017-04-04,10.409392549790798,10.542237451168036,10.248080108171566,10.53274917602539
2017-04-05,10.599173622448538,10.760486094441541,10.295527042197325,10.323993682861328
2017-04-06,10.361948206062108,10.589683112693828,10.29552575119571,10.551727294921875
2017-04-07,10.599172713768723,10.67508435232353,10.523261075213915,10.589683532714844
2017-04-10,10.627639240026856,11.13055406638862,10.599172602103236,11.007198333740234
2017-04-11,11.054641671930813,11.301354930215993,11.026175035955767,11.196976661682129
2017-04-12,11.092598982182999,11.102088163765382,10.665595765295516,10.750996589660645
2017-04-13,10.760484868875626,10.864863142714263,10.542238235473633,10.542238235473633
2017-04-17,10.58019368934016,10.618149506241526,10.48530459955577,10.57070541381836
2017-04-18,10.475816128731458,10.494794490936771,10.210125392423903,10.31450366973877
2017-04-19,10.314504153622241,10.37143833797101,10.039324223302538,10.077280044555664
2017-04-20,10.077277728714003,10.25756851693766,10.077277728714003,10.105744361877441
2017-04-21,10.105744259496982,10.238590054477093,10.05830017301789,10.181655883789062
2017-04-24,10.333481497571603,10.437859769488785,10.276547318838004,10.352458953857422
2017-04-25,10.371437386739617,10.589683112693828,10.314503207612647,10.551727294921875
2017-04-26,10.532750062408542,10.551727519228901,10.333481788635254,10.333481788635254
2017-04-27,10.352458676461191,10.352458676461191,9.849543881698732,9.963411331176758
2017-04-28,9.972901202920406,9.982390383935938,8.853203181354711,9.099916458129883
2017-05-01,9.118892851851308,9.308672830278901,9.109404576880332,9.175827026367188
2017-05-02,9.25173903898828,9.422540664672852,9.099915773907789,9.422540664672852
2017-05-03,9.365606418046658,9.422540594496835,9.12838234189065,9.289694786071777
2017-05-04,9.242250672760436,9.251739853898302,8.891159115102512,9.024004936218262
2017-05-05,9.02400499674167,9.242250734747605,9.014515815540161,9.223273277282715
2017-05-08,9.204294042416116,9.441518120338891,9.194804862114074,9.422540664672852
2017-05-09,9.507941063739752,9.593340967927483,9.375095260106608,9.451006889343262
2017-05-10,9.45100660030565,9.51742904762184,9.394072427650363,9.46998405456543
2017-05-11,9.441518476976263,9.479474294680102,9.261228569117545,9.327651023864746
2017-05-12,9.3466304633561,9.47947538817468,9.232762092171344,9.31816291809082
2017-05-15,9.5648747494513,9.5648747494513,9.337139851830566,9.422540664672852
2017-05-16,9.488963483134702,9.526919300869718,9.327651031526367,9.394073486328125
2017-05-17,9.30867336141728,9.384584995144515,9.05247091888432,9.071449279785156
2017-05-18,9.042982981653884,9.213784633490826,8.881670511571924,9.185317993164062
2017-05-19,9.242251031798656,9.365607676568636,9.22327357372382,9.337141036987305
2017-05-22,9.337139445488283,9.460496069232343,9.289694450980875,9.451006889343262
2017-05-23,9.441519985597793,9.536409997488512,9.327652514291861,9.356119155883789
2017-05-24,9.327649853276796,9.327649853276796,8.967069177872919,9.137870788574219
2017-05-25,9.137872639391095,9.185317641410908,8.872181894993549,8.938604354858398
2017-05-26,8.96707235600325,9.080939835181969,8.910139068883032,9.042984008789062
2017-05-30,8.967070451542181,8.97655963235963,8.881669634061327,8.910137176513672
2017-05-31,8.834225894148053,8.881669990261866,8.568534250232444,8.748825073242188
2017-06-01,8.75831352817074,8.97656017548662,8.72035770754252,8.938604354858398
2017-06-02,8.919625074868717,8.938603435700353,8.644445177376372,8.663423538208008
2017-06-05,8.644446010368132,8.786781015506852,8.549556911880456,8.739336013793945
2017-06-06,8.720357892518303,8.729847074111179,8.492622963918276,8.587512969970703
2017-06-07,8.578023910522461,8.71086973989985,8.511601448302855,8.578023910522461
2017-06-08,8.587513022618644,8.919626235961914,8.587513022618644,8.919626235961914
2017-06-09,8.986049237910265,9.090427517021453,8.843714233735227,9.01451587677002
2017-06-12,9.005025440691224,9.204293694818569,8.881668816237344,8.967069625854492
2017-06-13,9.02400654806175,9.128384844407671,8.929116529610344,9.042984008789062
2017-06-14,9.08093784242236,9.090427023172811,8.767802117162146,8.777291297912598
2017-06-15,8.701379233568606,8.758312505393315,8.57802260469768,8.67291259765625
2017-06-16,8.663423007924697,8.729845456893633,8.549555564718805,8.70137882232666
2017-06-19,8.758313474528101,8.957581757840325,8.701380196403546,8.805758476257324
2017-06-20,8.72984737155929,8.748825735391682,8.568534898736736,8.634958267211914
2017-06-21,8.65393609553536,8.758314386254753,8.530579440173405,8.606491088867188
2017-06-22,8.625468914467493,8.777292202366976,8.625468914467493,8.64444637298584
2017-06-23,8.653934433000497,8.929114332884334,8.61597861594542,8.862691879272461
2017-06-26,8.919625226494242,9.07144940091404,8.919625226494242,9.061960220336914
2017-06-27,9.090427517021453,9.185317519804812,8.96707087537834,9.01451587677002
2017-06-28,9.096780978611852,9.202001037542708,9.020257133528284,9.115911483764648
2017-06-29,9.192432843420004,9.230694755616621,9.001123282436913,9.02981948852539
2017-06-30,8.876773751646999,8.924601380253026,8.57067838814625,8.704595565795898
2017-07-03,8.723723724286016,8.8863370704818,8.723723724286016,8.790681838989258
2017-07-05,8.761988574675696,8.886340052449974,8.704596146309845,8.838512420654297
2017-07-06,8.838511263063875,8.962862724551693,8.800249345085785,8.819380760192871
2017-07-07,8.828945650210377,8.905470399223454,8.685463684312554,8.867208480834961
2017-07-10,8.886338767095815,9.278523649068072,8.81938063960867,9.173303604125977
2017-07-11,9.15417194366455,9.173303357996746,8.876772821500051,9.15417194366455
2017-07-12,9.192432403564453,9.383742867629332,9.163736198849081,9.192432403564453
2017-07-13,9.17330241596597,9.374177684645371,9.135040503466845,9.355046272277832
2017-07-14,9.422006996996078,9.536792755126953,9.383745077619121,9.536792755126953
2017-07-17,9.584619373821392,9.766363243678075,9.536791751574048,9.61331558227539
2017-07-18,9.527226611349588,9.584619943907317,9.135041727619342,9.29765510559082
2017-07-19,9.345481934546779,9.680273457198604,9.335916227896043,9.594183921813965
2017-07-20,9.60374877780387,9.708968804934027,9.498528750673714,9.642010688781738
2017-07-21,9.613313812267052,9.622879517402481,9.393307155331417,9.508092880249023
2017-07-24,9.508092880249023,9.584617609096613,9.431569063637285,9.508092880249023
2017-07-25,9.565488113083415,9.79505960886077,9.555922406033684,9.708970069885254
2017-07-26,9.718536281808282,9.756798199758862,9.517660984508712,9.670708656311035
2017-07-27,9.66114256761434,10.215940759742153,9.622880654786075,9.881148338317871
2017-07-28,9.957672420093443,10.139417194879284,9.862018091680458,10.101155281066895
2017-07-31,10.110720844968455,10.120286552208688,9.78549409668897,9.804625511169434
2017-08-01,9.833321571350098,9.862018692635072,9.632446283535462,9.833321571350098
2017-08-02,9.785494694762686,9.890715656364074,9.737667980110535,9.814191818237305
2017-08-03,9.804625825256108,9.823757240349439,9.62288194304987,9.670708656311035
2017-08-04,9.670708097675547,9.7089700134159,9.613315680183032,9.66114330291748
2017-08-07,9.67070815392236,9.862018645972856,9.661143359108664,9.708970069885254
2017-08-08,9.661142656664712,9.814190309388467,9.622880743483774,9.728100776672363
2017-08-09,9.680273860972093,9.77592910699734,9.62288144314577,9.708970069885254
2017-08-10,9.622882130760726,9.670708844954833,9.230696323821915,9.240262031555176
2017-08-11,9.202000206196884,9.37417929819765,9.163738287111835,9.288089752197266
2017-08-14,9.297655460027554,9.393309801622118,9.268958336536688,9.288089752197266
2017-08-15,9.26895662168219,9.297653739863787,9.135040385778492,9.182868003845215
2017-08-16,9.249826285003097,9.326350110365683,9.221130078551116,9.278522491455078
2017-08-17,9.278522389196485,9.39330812597531,9.221129976925045,9.230694770812988
2017-08-18,9.20200035633456,9.28808990373956,9.135042224902282,9.259393692016602
2017-08-21,9.288087700114593,9.412439137726185,9.268956288680853,9.316783905029297
2017-08-22,9.364612226302325,9.52722558678627,9.355046519865393,9.374177932739258
2017-08-23,9.307218302966884,9.469831653021073,9.297653509379398,9.364611625671387
2017-08-24,9.39330694868368,9.546354578540189,9.335914543605405,9.488962173461914
2017-08-25,9.565487260762822,9.594183467119043,9.479397729458205,9.55592155456543
2017-08-28,9.56548868138109,9.584620096617176,9.364613382582645,9.393309593200684
2017-08-29,9.31678437304636,9.565487260762822,9.230694841741743,9.55592155456543
2017-08-30,9.527225540211424,9.584618866316466,9.393308387456967,9.450701713562012
2017-08-31,9.469832472062375,9.613315335115438,9.460267677647634,9.594183921813965
2017-09-01,9.651578003412713,9.708970423328333,9.536792251345402,9.575054168701172
2017-09-05,9.594183614321933,9.689838853291574,9.431570255415124,9.527225494384766
2017-09-06,9.546355804479356,9.689838660072718,9.498529098184184,9.632445335388184
2017-09-07,9.642012690064115,9.775929862400265,9.584620267802983,9.689840316772461
2017-09-08,9.613316346767128,9.64201255750317,9.450702965536063,9.517661094665527
2017-09-11,9.536791999598277,9.823756828309442,9.536791999598277,9.756797790527344
2017-09-12,9.785494694762686,9.900281364188947,9.756798483524173,9.814191818237305
2017-09-13,9.833321623218849,9.88114924671005,9.71853587418159,9.756797790527344
2017-09-14,9.718535371565554,9.747231579281769,9.584619127399224,9.594183921813965
2017-09-15,9.632446630326427,9.728101880248085,9.575054210162289,9.699405670166016
2017-09-18,9.699404011366497,9.814189744300098,9.622880189410761,9.642010688781738
2017-09-19,9.68983976964871,9.699405476897486,9.565488312122788,9.603750228881836
2017-09-20,9.64201179072939,9.747231829884731,9.555922253131374,9.61331558227539
2017-09-21,9.594185178074332,9.64201280535456,9.517661339320416,9.536792755126953
2017-09-22,9.575052364283469,9.59418286323818,9.383742813556884,9.546355247497559
2017-09-25,9.60374810713162,9.60374810713162,9.488962382214014,9.508092880249023
2017-09-26,9.498527878386904,9.575051693315158,9.469830763611935,9.488962173461914
2017-09-27,9.508092814154233,9.546354722194128,9.383742297201461,9.46026611328125
2017-09-28,9.412049491940964,9.768858626492955,9.412049491940964,9.730284690856934
2017-09-29,9.720641339954746,9.720641339954746,9.24811038085248,9.325258255004883
2017-10-02,9.305971106562449,9.50848451222312,9.305971106562449,9.363832473754883
2017-10-03,9.267397854989355,9.277041570181845,8.447701376808936,8.505561828613281
2017-10-04,8.53449155250484,8.900943472022487,8.53449155250484,8.862369537353516
2017-10-05,8.862369682805305,9.103457008361952,8.823795747503247,9.0745267868042
2017-10-06,9.03595340026569,9.03595340026569,8.881657649686908,8.987735748291016
2017-10-09,9.016666195704543,9.016666195704543,8.843083029856603,8.862369537353516
2017-10-10,8.958804833863514,9.026308989615426,8.862369537353516,8.862369537353516
2017-10-11,8.881657994864824,8.949162158447729,8.746648748023764,8.804510116577148
2017-10-12,8.785222965400255,8.79486668041045,8.66950114430377,8.679144859313965
2017-10-13,8.717719116016633,8.872014883077497,8.630927517126068,8.823797225952148
2017-10-16,8.843084055720986,8.929875648713436,8.775579892138083,8.804510116577148
2017-10-17,8.785223362718819,8.87201496238522,8.746649420608787,8.765936851501465
2017-10-18,8.785223960876465,8.86237185034928,8.746650016140057,8.785223960876465
2017-10-19,8.737004756179095,8.785221483747614,8.63092574830805,8.708073616027832
2017-10-20,8.679144699169212,8.727362353655206,8.63092704468322,8.688788414001465
2017-10-23,8.708073877492241,8.746647812510336,8.582708358764648,8.582708358764648
2017-10-24,8.582710461460664,8.621284405929067,8.505562572523855,8.573067665100098
2017-10-25,8.640569721129367,8.650213434802678,8.505560488728461,8.582708358764648
2017-10-26,8.59235214121719,8.59235214121719,8.47663033523659,8.524847984313965
2017-10-27,8.110177944057927,8.110177944057927,7.406202895155464,8.00409984588623
2017-10-30,7.975169160854411,8.004099382375875,7.734081835600168,7.782298564910889
2017-10-31,7.772657467722327,7.8883792987468695,7.714796092372375,7.8498053550720215
2017-11-01,7.946239462925662,8.11017894744873,7.888379009373594,8.11017894744873
2017-11-02,8.148751225564196,8.331978103636104,8.119821004696314,8.206612586975098
2017-11-03,8.16803912851155,8.21625677921756,8.071603827099532,8.177681922912598
2017-11-06,8.216256914508666,8.409126600833355,8.196969486038592,8.389839172363281
2017-11-07,8.466988118141936,8.688788975234122,8.418770460541433,8.601997375488281
2017-11-08,8.640570600435991,8.785222641555551,8.621283171126585,8.698431968688965
2017-11-09,8.331977630775691,9.39276122592225,8.322333917808654,9.0070219039917
2017-11-10,9.016668124741457,9.296329440841362,8.997380693443024,9.026310920715332
2017-11-13,8.987734762781573,9.13238770284433,8.881656675808978,9.0455961227417
2017-11-14,8.99738103582283,9.026311264196028,8.717719709080896,8.737007141113281
2017-11-15,8.573066431594109,8.640570594782368,8.322335368787362,8.534492492675781
2017-11-16,8.592354237194428,8.83344162171582,8.55378029245802,8.785223960876465
2017-11-17,8.775580283591312,9.064884380237489,8.775580283591312,9.055241584777832
2017-11-20,8.9973788820469,9.209535985240468,8.978092374306662,9.1323881149292
2017-11-21,9.180606497050102,9.421693840947317,9.180606497050102,9.363832473754883
2017-11-22,9.39276286367522,9.547058619350954,9.344545210107741,9.518128395080566
2017-11-24,9.624206940534807,9.701355741601837,9.518128833539986,9.547059059143066
2017-11-27,9.566345851631818,9.58563236085646,8.85272753649069,8.872014045715332
2017-11-28,8.823795417607506,8.881656778234907,8.582708101064403,8.708073616027832
2017-11-29,8.746649535602415,8.881658794600177,8.669501650368076,8.814154624938965
2017-11-30,8.862369249263898,9.05523983601424,8.794865095706347,9.0455961227417
2017-12-01,9.122746111934138,9.20953771222841,9.016668000282989,9.142032623291016
2017-12-04,9.51812856870922,10.781426700780928,9.479554629086623,10.328182220458984
2017-12-05,10.270320451944999,10.521051509582726,9.981016375859404,10.241390228271484
2017-12-06,10.22210239009473,10.386041835723285,9.884579785641796,9.9327974319458
2017-12-07,9.932799380246857,10.096738858031852,9.865294294310202,10.038877487182617
2017-12-08,10.058165596865157,10.144957199164816,9.95208656308764,10.000304222106934
2017-12-11,10.019591132609854,10.270321291057678,9.990659986897361,10.1931734085083
2017-12-12,10.222104514393152,10.28960868144202,10.048521319495721,10.087095260620117
2017-12-13,10.164242416771852,10.193172640629653,10.019590377807617,10.019590377807617
2017-12-14,10.009946863543457,10.135312395668814,9.923155270558574,9.952085494995117
2017-12-15,9.990658526481287,10.038876175945106,9.710997263201339,9.730284690856934
2017-12-18,9.73028553556222,10.038877047439831,9.73028553556222,10.009946823120117
2017-12-19,9.99066019287599,10.009947623748639,9.788146767089806,9.85565185546875
2017-12-20,9.884582135989952,9.884582135989952,9.489198997698406,9.633851051330566
2017-12-21,9.653137031639128,9.710997476526618,9.489197571665922,9.498841285705566
2017-12-22,9.421693948339424,9.450624172427784,9.064883865990282,9.084171295166016
2017-12-26,9.084172294935295,9.12274623785682,8.910589091950753,9.026310920715332
2017-12-27,9.10345791982739,9.132389063956976,8.891301714261942,8.968449592590332
2017-12-28,9.006382064653884,9.123095324950459,8.899394213716118,9.11336898803711
2017-12-29,9.132820042142749,9.132820042142749,8.957749718969632,8.977201461791992
2018-01-02,9.035561126443518,9.444058045501409,8.977204026197544,9.424605369567871
2018-01-03,9.453782307309107,9.512138467184757,9.123094309498965,9.414877891540527
2018-01-04,9.473233951341623,9.551042782056815,9.337068961367251,9.512138366699219
2018-01-05,9.589947387388124,9.609400059229486,9.444056058795686,9.521864891052246
2018-01-08,9.512137208640713,9.570494288349616,9.278710744913726,9.298163414001465
2018-01-09,9.307890896886345,9.317617233599435,9.025833625088412,9.103642463684082
2018-01-10,9.074463667107125,9.405151668896963,9.045285586818155,9.268985748291016
2018-01-11,9.307892185163663,9.599675834059582,9.259262349976552,9.531593322753906
2018-01-12,9.580222291816717,9.706660952696021,9.434330030906445,9.589947700500488
2018-01-16,9.619126812202156,9.619126812202156,9.21062996136699,9.28843879699707
2018-01-17,9.366246916325958,9.54131724688205,9.337068837084747,9.453782081604004
2018-01-18,9.385699272155762,9.453782698231917,9.298165028722664,9.385699272155762
2018-01-19,9.385699688885198,9.434330444654687,9.239808349131248,9.356521606445312
2018-01-22,9.366247365412157,9.414878118182164,9.210629698591703,9.37597370147705
2018-01-23,9.366247714780204,9.414878469364176,9.2009037057274,9.395425796508789
2018-01-24,9.453782307309107,9.589947298721915,9.288438308404036,9.414877891540527
2018-01-25,9.531592471943634,9.531592471943634,9.191178090692068,9.230082511901855
2018-01-26,9.259259616928402,9.259259616928402,8.938297048592897,8.977201461791992
2018-01-29,8.977202752237083,9.025833507615067,8.831311413657643,8.84103775024414
2018-01-30,8.782681073395043,8.879942588748097,8.549254549613178,8.811860084533691
2018-01-31,8.889667637371197,8.986928211073247,8.734049049849965,8.948023796081543
2018-02-01,8.948023997725786,9.171725084635012,8.889667837700381,9.161998748779297
2018-02-02,9.01610942455704,9.045287511053166,8.83131271245407,8.860490798950195
2018-02-05,8.821583491618634,8.948023061855329,8.568705278699586,8.65623950958252
2018-02-06,8.520076277622998,9.0452864082954,8.510349940791864,9.00638198852539
2018-02-07,8.938299133761378,9.093917750415576,8.899394711486476,8.986929893493652
2018-02-08,8.948024630097832,9.093916895580678,8.675693699772827,8.685420036315918
2018-02-09,8.782682001371665,9.074465650706083,8.11158044270169,8.29637622833252
2018-02-12,8.306100450412238,8.568705946180382,8.111578376262361,8.53952693939209
2018-02-13,8.500623091276017,8.782680349485949,8.325553676646924,8.772954940795898
2018-02-14,8.685420253071355,9.084190785744838,8.665967579499709,9.055012702941895
2018-02-15,9.04528518928376,9.093915939331055,8.821584110087967,9.093915939331055
2018-02-16,9.04528488055619,9.22035427617493,8.957749718969632,8.977201461791992
2018-02-20,8.899393914654112,8.967477343205093,8.78268065827966,8.84103775024414
2018-02-21,8.80213222853585,8.948023548834948,8.734048808515796,8.782679557800293
2018-02-22,8.782679557800293,8.957749884202727,8.753501479251351,8.782679557800293
2018-02-23,8.850763035511129,8.957749942590867,8.792405950478472,8.938297271728516
2018-02-26,8.986929086638574,9.084190597370894,8.90912024907452,9.045286178588867
2018-02-27,9.055012517374562,9.161999437162518,8.84103775024414,8.84103775024414
2018-02-28,8.909120101060381,8.918846437482923,8.568706674261835,8.578432083129883
2018-03-01,8.558979664337446,8.714597324634678,8.490896242291592,8.695144653320312
2018-03-02,8.568707492648157,8.743776927202113,8.520076733445277,8.724325180053711
2018-03-05,8.64651577354266,8.918846708776151,8.627063100105865,8.899394035339355
2018-03-06,8.986927696588573,9.152271682726287,8.938296948744359,9.123093605041504
2018-03-07,9.03555969555818,9.259260795595008,9.025833359131688,9.191177368164062
2018-03-08,9.19117887108844,9.220356957584565,8.811860963974867,8.860490798950195
2018-03-09,8.928571511744385,8.967475924380455,8.782679268693354,8.918845176696777
2018-03-12,8.918846812154236,9.055012745126536,8.899394138491964,9.00638198852539
2018-03-13,8.99665569406211,9.03556011401533,8.928573191032605,8.957751274108887
2018-03-14,9.045286139109535,9.084190557721758,8.87021579157728,8.889668464660645
2018-03-15,8.870214557383076,8.996654132168729,8.821583808995612,8.977201461791992
2018-03-16,8.986928821278184,9.152272828108247,8.928572658605503,9.132821083068848
2018-03-19,9.084190212867426,9.113368293830309,8.792406620575203,8.821584701538086
2018-03-20,8.84103830051968,8.889669058924493,8.607611773242057,8.66596794128418
2018-03-21,8.66596780011138,9.035560259390724,8.66596780011138,9.016108512878418
2018-03-22,8.879942169035626,9.113368681784534,8.831311413657643,8.84103775024414
2018-03-23,8.90912095195916,8.90912095195916,8.656241746147844,8.724325180053711
2018-03-26,8.821586374437146,8.967478662027066,8.743777525411046,8.860490798950195
2018-03-27,8.870215101895523,9.006381020228309,8.772954526704476,8.802132606506348
2018-03-28,8.782680971707391,8.792407308640994,8.62706329098792,8.704872131347656
2018-03-29,8.734049902901676,8.850764086830639,8.656241065318705,8.84103775024414
2018-04-02,8.802134119576516,9.035560653225929,8.77295603475899,8.986929893493652
2018-04-03,9.045285994630873,9.512139010520587,9.035559658244548,9.444056510925293
2018-04-04,9.32734310986703,9.434330025766023,9.21062985773509,9.385699272155762
2018-04-05,9.375974130999888,9.794196397850431,9.36624779448942,9.706661224365234
2018-04-06,9.667755635191352,9.784469804074812,9.49268623697494,9.541316986083984
2018-04-09,9.628851612772007,9.794195609930394,9.463507615613617,9.512138366699219
2018-04-10,9.68720931733827,9.842826988692382,9.648304899499742,9.696935653686523
2018-04-11,9.64830407705986,9.86227882070939,9.638577741540699,9.755290985107422
2018-04-12,9.745565839319584,9.842826414464502,9.658030672401052,9.667756080627441
2018-04-13,9.716386831977118,9.803921998895648,9.580221841263343,9.667756080627441
2018-04-16,9.677482358992675,10.348584683016869,9.53159103336364,9.969265937805176
2018-04-17,10.027622889712983,10.144336134157248,9.87200430289955,10.115157127380371
2018-04-18,10.183241388261786,10.32913272395269,10.008171043389106,10.2610502243042
2018-04-19,10.290228266008324,10.368037101748863,10.183241348753706,10.309680938720703
2018-04-20,10.280502319335938,10.377763831475564,10.13461097868102,10.280502319335938
2018-04-23,10.183242251927032,10.27077743178744,9.930363049564647,9.949814796447754
2018-04-24,10.008170035249664,10.056800784766141,9.833099708012108,9.901183128356934
2018-04-25,9.842826392425186,9.969265974629458,9.842826392425186,9.920635223388672
2018-04-26,9.920635717345014,9.920635717345014,9.67748287658874,9.794196128845215
2018-04-27,10.00817081557912,10.144336739331129,9.638578389013215,10.09570598602295
2018-04-30,10.056802365135523,10.348585980532121,9.940089104487791,10.241598129272461
2018-05-01,10.2513242616136,10.951604739077952,10.212419842174166,10.844616889953613
2018-05-02,10.776534159442175,11.350375029678643,10.776534159442175,11.087769508361816
2018-05-03,11.126674311603374,11.13640064848196,10.747356448883936,10.902974128723145
2018-05-04,10.737628765356062,10.97105525583992,10.737628765356062,10.932150840759277
2018-05-07,10.941877515674282,11.233661101603154,10.932151179713948,11.000234603881836
2018-05-08,11.00023499341133,11.165578072819725,10.893247149168008,10.97105598449707
2018-05-09,11.068317762831592,11.243388110376143,11.048865089746862,11.087769508361816
2018-05-10,11.136399457618525,11.204482880933627,11.058590626019356,11.146125793457031
2018-05-11,11.13639942059097,11.233660923543766,11.068316925056676,11.194756507873535
2018-05-14,11.185030896983111,11.360101242622894,11.185030896983111,11.233661651611328
2018-05-15,11.194756545095123,11.194756545095123,10.980781794420187,11.146125793457031
2018-05-16,11.194756896921318,11.214208641655215,11.068317309710343,11.16557788848877
2018-05-17,11.175304452583696,11.253113288215346,11.097495616952047,11.126673698425293
2018-05-18,11.04886531829834,11.107222411205173,10.902973977363047,11.04886531829834
2018-05-21,11.068317413330078,11.09749549448132,10.98078224232188,11.068317413330078
2018-05-22,10.902972905785981,10.902972905785981,10.251323248885985,10.329132080078125
2018-05-23,10.212418982333094,10.455571815245786,10.202692646403518,10.387489318847656
2018-05-24,10.299955324820994,10.436120333140538,10.290228987782582,10.348586082458496
2018-05-25,10.251323248885985,10.475024334229213,10.173514417693845,10.329132080078125
2018-05-29,10.183241962725868,10.309681560316212,10.12488486862473,10.241598129272461
2018-05-30,10.270776459306251,10.611189881742673,10.251323786710437,10.562559127807617
2018-05-31,10.45557112444019,10.562558029933488,10.027622574912614,10.047074317932129
2018-06-01,10.115158040673297,10.261050305066982,10.07625362234588,10.163788795471191
2018-06-04,10.261050964926477,10.698725931144192,10.23187288119318,10.659821510314941
2018-06-05,10.640367193793901,11.27256509413337,10.620915450158911,11.029412269592285
2018-06-06,11.223934998066039,11.788049509684694,11.107221746788504,11.77832317352295
2018-06-07,11.78804964987718,11.826954067432375,11.25311321282742,11.428183555603027
2018-06-08,11.428182283736392,11.74914392473485,11.360099792480469,11.360099792480469
2018-06-11,11.321196104780958,11.603253350629794,11.321196104780958,11.399004936218262
2018-06-12,11.399004614050767,11.739418010079335,11.389278278507389,11.53516960144043
2018-06-13,11.622704282982319,11.72969211440241,11.574073534841766,11.661608695983887
2018-06-14,11.690789717099799,11.856132805198756,11.651884369835889,11.768598556518555
2018-06-15,11.671335744359766,11.690788415826491,11.272565254836183,11.496265411376953
2018-06-18,11.457361133489332,11.544896301031185,11.233660974264101,11.350374221801758
2018-06-19,11.155853167368445,11.262840088884026,11.000235489689592,11.04886531829834
2018-06-20,11.155852479899053,11.301743811843926,11.107221726732607,11.16557788848877
2018-06-21,11.165577666110439,11.165577666110439,10.747355423339213,10.79598617553711
2018-06-22,11.087768428051673,11.087768428051673,10.883520018334986,11.029412269592285
2018-06-25,11.000233752406853,11.000233752406853,10.795985350821972,10.854341506958008
2018-06-26,10.504202038482036,10.815437352123034,10.436118617957268,10.766806602478027
2018-06-27,10.776534685627944,10.980783125217922,10.75708293914795,10.75708293914795
2018-06-28,10.766806602478027,10.864068101768039,10.650093359862653,10.766806602478027
2018-06-29,10.873794869435692,11.078043284019966,10.854342197782696,10.941877365112305
2018-07-02,10.776535105001612,10.922426455719929,10.766808767605834,10.883522033691406
2018-07-03,10.990506867614545,11.058589355553554,10.737627730192042,10.825162887573242
2018-07-05,10.89324757132909,11.009960828845832,10.387490122089869,10.533381462097168
2018-07-06,10.494477674086468,10.67927344438005,10.465299589841075,10.669548034667969
2018-07-09,10.786260416976491,10.795986753447613,10.650094489044294,10.776534080505371
2018-07-10,10.659820600533315,10.825164606834688,10.650094264267475,10.815438270568848
2018-07-11,10.669546971975635,10.844616387565557,10.552833719064193,10.562559127807617
2018-07-12,10.669546389633906,10.698724469380611,10.543106807325602,10.582011222839355
2018-07-13,10.562559994464534,10.718178605336098,10.55283458492314,10.659821510314941
2018-07-16,10.630643015819071,10.64036842498468,10.329133070376647,10.484750747680664
2018-07-17,10.46529716185013,10.737628049252601,10.406940079343848,10.640366554260254
2018-07-18,10.708451580089962,10.834891171548362,10.231872223669102,10.572285652160645
2018-07-19,10.358310765392673,10.572285527456398,10.241597511781865,10.309680938720703
2018-07-20,10.270775307825758,10.893245920233491,10.231870894550275,10.854341506958008
2018-07-23,10.854342029950285,10.902972780776397,10.640367282848041,10.679271697998047
2018-07-24,10.727903325477293,10.825164835077448,10.484750479031407,10.572285652160645
2018-07-25,10.494476775599503,10.8057121210494,10.455572357418268,10.620916366577148
2018-07-26,10.436118818294029,11.81722694041997,10.436118818294029,10.980781555175781
2018-07-27,10.834891406347976,10.854343152156842,10.348585702917621,10.533381462097168
2018-07-30,10.572286269014636,10.620917026652139,10.270777241260312,10.348586082458496
2018-07-31,10.338858837792836,10.513929178896959,10.163788496688714,10.504202842712402
2018-08-01,10.406941642373083,10.611190070489807,10.241597632585519,10.572285652160645
2018-08-02,10.475025591412612,10.873796131020267,10.387490413927118,10.805712699890137
2018-08-03,10.815439180792199,10.902974359442734,10.650095160575532,10.864069938659668
2018-08-06,10.854343064927447,10.980782658109767,10.795986900415304,10.834891319274902
2018-08-07,10.864070097262166,10.873796434488565,10.688999737405277,10.718178749084473
2018-08-08,10.766808279624867,10.805712699890137,10.591738852208422,10.805712699890137
2018-08-09,10.795985065239979,10.854341219832342,10.718176240747258,10.737627983093262
2018-08-10,10.679272679648317,10.776534190240927,10.445846167291466,10.475025177001953
2018-08-13,10.436118154146087,10.494475236637415,10.173513601820998,10.183239936828613
2018-08-14,10.299954273476443,10.533380773244511,10.270776192894049,10.445845603942871
2018-08-15,10.192966248601598,10.3388585039963,9.930361672978238,10.027623176574707
2018-08-16,10.037348671649271,10.290227841142313,10.037348671649271,10.134610176086426
2018-08-17,10.10543194474461,10.154061768681935,9.978992361887814,10.076252937316895
2018-08-20,10.085979564752508,10.124883981559911,9.978992650420764,9.98871898651123
2018-08-21,10.027623099034054,10.076252922901807,9.852552764935954,9.872004508972168
2018-08-22,9.891457342547987,10.192966336705158,9.891457342547987,10.134610176086426
2018-08-23,10.0665283203125,10.15406256681272,9.978993146257773,10.0665283203125
2018-08-24,10.124882598262174,10.212417756008078,9.98871762181684,10.017895698547363
2018-08-27,10.047073810781626,10.280500280559352,10.017895733947993,10.22214412689209
2018-08-28,10.338858785371935,10.397214947074445,10.047075194195978,10.144336700439453
2018-08-29,10.19296534428187,10.2902268392493,10.134609189344898,10.183239936828613
2018-08-30,10.134610403158598,10.192966565084838,10.03734889654224,10.09570598602295
2018-08-31,10.017897684483941,10.163789024612226,10.017897684483941,10.124884605407715
2018-09-04,10.04707507354206,10.04707507354206,9.80392223840783,9.833100318908691
2018-09-05,9.7941962345056,9.7941962345056,9.424603801262343,9.696935653686523
2018-09-06,9.696934676628409,9.813647918384026,9.434329187012475,9.49268627166748
2018-09-07,9.414877666764252,9.482960160845215,9.132820427287442,9.453782081604004
2018-09-10,9.482960411582345,9.54131749916219,9.132820668766595,9.161998748779297
2018-09-11,9.142547332291192,9.366248449913396,9.13282192265467,9.230082511901855
2018-09-12,9.239809585972463,9.444058045501409,9.230083248005695,9.424605369567871
2018-09-13,9.434329446540463,9.512138276517977,9.317616201574193,9.4051513671875
2018-09-14,9.375973287834537,9.5024128684366,9.33706887284578,9.4051513671875
2018-09-17,9.414878118182164,9.638578282347956,9.356521029347265,9.37597370147705
2018-09-18,9.453782307309107,9.463507715585424,9.327342724172615,9.414877891540527
2018-09-19,9.434329635647599,9.512138467184757,9.385698884048265,9.414877891540527
2018-09-20,9.473234713441048,9.765018315873533,9.424603958443216,9.706661224365234
2018-09-21,9.73583914932953,9.823374313063358,9.60939957144227,9.648303985595703
2018-09-24,9.687208079645536,9.696934414751098,9.521864093068459,9.580221176147461
2018-09-25,9.63857755674768,9.687208305856725,9.521864315418611,9.541316986083984
2018-09-26,9.589948117218196,9.716387711146231,9.220355672094984,9.560770034790039
2018-09-27,11.155851849660179,11.632431163147645,10.71817695099711,11.029412269592285
2018-09-28,11.029413344216636,11.282292528991098,10.97105625251695,11.087769508361816
2018-10-01,11.1753036669019,11.253112497063187,10.912699096996166,10.932150840759277
2018-10-02,10.93215160934617,11.136400034767872,10.864069110057097,11.126673698425293
2018-10-03,11.10722195615994,11.564349561279673,11.078043874679166,11.33092212677002
2018-10-04,11.350374845611036,12.002024542509693,11.282292346027575,11.895036697387695
2018-10-05,11.788048969447736,12.040928132737045,11.73941821842219,11.749144554138184
2018-10-08,11.690788619822989,11.729693035880867,11.437909451669558,11.710240364074707
2018-10-09,11.700514939754905,11.875585289432253,11.525445517632074,11.758872032165527
2018-10-10,11.642160307623985,11.739420904373647,11.36010300020708,11.379554748535156
2018-10-11,11.223934326429582,11.496265229780976,10.98078150226295,11.282291412353516
2018-10-12,11.418458420761137,11.428184758061947,11.136401131919664,11.18503189086914
2018-10-15,11.243387384608672,11.321196216815975,11.048864376535969,11.25311279296875
2018-10-16,11.253113925459523,11.622706379416478,11.243388516120698,11.46708869934082
2018-10-17,11.4087306186201,11.554622876736486,11.369826201966621,11.515718460083008
2018-10-18,11.428183933574772,11.535170853501379,11.233661839365253,11.243388175964355
2018-10-19,11.175304412841797,11.399005510153124,11.087769241178863,11.175304412841797
2018-10-22,11.185030560777134,11.262839394821661,11.039139228832264,11.16557788848877
2018-10-23,10.951604345420396,10.951604345420396,10.718177837174348,10.873795509338379
2018-10-24,10.805712710018152,10.902974224549762,10.591738862135886,10.60146427154541
2018-10-25,10.659820330181901,10.71817741874243,10.494476328073935,10.698724746704102
2018-10-26,10.416668019378038,10.591738366317763,10.085979998516116,10.319406509399414
2018-10-29,10.426394549908562,10.572285890036847,10.017897684483941,10.124884605407715
2018-10-30,10.027622286924212,10.19296534428187,9.910908121941553,10.183239936828613
2018-10-31,10.27077584763035,10.688998080433846,10.212418760872843,10.426393508911133
2018-11-01,10.533381825523424,10.79598735966249,10.52365548850615,10.75708293914795
2018-11-02,11.087769578085034,11.107222251292088,10.465298876331467,10.834891319274902
2018-11-05,11.029413654485838,11.88531181564669,11.000235571592436,11.768598556518555
2018-11-06,11.758871843355008,12.361890793327765,11.729693761395465,12.157642364501953
2018-11-07,12.254903495130584,12.429972909023668,12.070106817479392,12.138189315795898
2018-11-08,12.099285590413865,12.206273439662843,11.778323897775985,11.817228317260742
2018-11-09,11.681062926498804,11.846406935729023,11.525445253706714,11.642158508300781
2018-11-12,11.700514054102712,11.719966725951984,11.447635812943286,11.457361221313477
2018-11-13,11.447634954126299,11.603252607028052,11.262838295639686,11.360099792480469
2018-11-14,11.437910272726775,11.554623529278537,10.941878236715905,11.039139747619629
2018-11-15,11.058591564609882,11.65188418779747,11.039139818836356,11.5546236038208
2018-11-16,11.515718957218303,11.729693721826983,11.476814538885314,11.593527793884277
2018-11-19,11.904764175415039,12.2743566454839,11.875586091017507,11.904764175415039
2018-11-20,11.74914457511781,11.856131485521514,11.467087331731292,11.496265411376953
2018-11-21,11.642158359861469,11.758871612967425,11.535170515515148,11.58380126953125
2018-11-23,11.476814579548195,11.476814579548195,11.185030977239736,11.340648651123047
2018-11-26,11.535170053601677,11.681062309807885,11.408730469244741,11.457361221313477
2018-11-27,11.399005660814568,11.447636415442785,11.146126478791436,11.233661651611328
2018-11-28,11.214208625078696,11.933941730258383,11.155852463408793,11.826953887939453
2018-11-29,11.826954333975312,11.885599864668864,11.523949318212285,11.66079044342041
2018-11-30,11.543498353446319,11.719435876211115,11.416431795133251,11.611918449401855
2018-12-03,11.914922039935158,12.012665829122238,11.699887195169756,11.856276512145996
2018-12-04,11.817179669422364,11.934471661983528,11.563046552796232,11.611918449401855
2018-12-06,11.377334271769078,11.514174461364746,11.025457367885636,11.514174461364746
2018-12-07,11.621692109036717,11.81717874806367,11.2013951360134,11.250267028808594
2018-12-10,11.142749748224077,11.553272195678494,11.084104216961396,11.4262056350708
2018-12-11,11.602143873022648,11.670563968915515,11.29913979222233,11.406657218933105
2018-12-12,11.592368644593185,11.90514820541007,11.484851224028725,11.758532524108887
2018-12-13,11.817178983060128,11.963793732207469,11.582595011562846,11.758532524108887
2018-12-14,11.6998876333425,11.875825155452882,11.602143840494815,11.690113067626953
2018-12-17,11.611916962147786,11.631465158993967,11.074328032648081,11.162297248840332
2018-12-18,11.240493363038583,11.260042494582088,11.054781274144792,11.123201370239258
2018-12-19,11.250268235603372,11.396882997562217,10.751776553497024,10.781099319458008
2018-12-20,10.722452418195168,10.87884172622018,10.42922199957137,10.663805961608887
2018-12-21,10.614935203547715,10.829970991126045,10.487868644167515,10.556289672851562
2018-12-24,10.517193199138239,10.654033403355136,10.370577496136447,10.507418632507324
2018-12-26,10.507417956205117,11.08410430015542,10.478095190353688,11.064555168151855
2018-12-27,10.63448488460133,10.849520683288574,10.487869185978862,10.849520683288574
2018-12-28,10.937489057096409,11.054781989641159,10.829971623110007,10.898391723632812
2018-12-31,10.976585819589209,11.18184704263448,10.92771485441731,11.093878746032715
2019-01-02,10.83974606820992,11.240493964765628,10.7029049365417,11.132976531982422
2019-01-03,11.113426248223451,11.172072707764718,10.898390472777274,11.035231590270996
2019-01-04,11.26004226733135,11.43597978690261,11.201395806038343,11.308913230895996
2019-01-07,11.348010262344202,11.484851380323443,11.152523616769466,11.445754051208496
2019-01-08,11.5044020100622,11.84650345135774,11.455530109261701,11.738986015319824
2019-01-09,11.846501906830273,12.022440353911913,11.778081813922459,11.934471130371094
2019-01-10,11.75853392833837,12.051764393805108,11.631467362230985,12.00289249420166
2019-01-11,11.905148765788896,12.012666191414233,11.807404973653945,11.846502304077148
2019-01-14,11.748759444096084,11.934471530567826,11.709661181518994,11.846502304077148
2019-01-15,11.817179510156693,12.129958152770996,11.807404944536525,12.129958152770996
2019-01-16,12.12995851061067,12.188604973907893,12.041989281741792,12.120183944702148
2019-01-17,12.071312684353678,12.071312684353678,11.523949124858957,11.5630464553833
2019-01-18,11.670563739689813,11.670563739689813,11.40665699489089,11.592369079589844
2019-01-22,11.445754352477092,11.53372357833966,11.269815900751952,11.308913230895996
2019-01-23,11.406657669999454,11.406657669999454,11.201396442050084,11.240493774414062
2019-01-24,11.25026824873429,11.40665757691397,11.24049368268458,11.396883010864258
2019-01-25,11.494626677509212,11.8367280960083,11.494626677509212,11.8367280960083
2019-01-28,11.729210948877439,11.797631047789965,11.641241717616229,11.778082847595215
2019-01-29,11.875825081379018,12.149507326783919,11.875825081379018,12.051763534545898
2019-01-30,12.15928099150007,12.169055557179743,11.445754475653962,11.76830768585205
2019-01-31,11.826954104942489,12.051763521837435,11.787856774519286,11.846502304077148
2019-02-01,11.944246457035542,11.944246457035542,11.748759799014076,11.8367280960083
2019-02-04,11.758533878859131,12.491609573364258,11.670564646373883,12.491609573364258
2019-02-05,12.511157667766506,12.745741646824621,12.32544465189676,12.647997856140137
2019-02-06,12.687095678807056,12.687095678807056,12.374317027913172,12.403639793395996
2019-02-07,12.325445130672525,12.491609021998379,12.247250467949053,12.403639793395996
2019-02-08,12.384091921599865,12.432963820134155,12.00289223161713,12.061538696289062
2019-02-11,12.208153218923574,12.530706437871787,11.954020097281372,12.04198932647705
2019-02-12,12.090860852260638,12.21792740917452,11.836727738432876,11.846502304077148
2019-02-13,11.9246964651371,11.96379379392166,11.807404478783418,11.885599136352539
2019-02-14,11.836727835901039,11.993118091035514,11.787856871585028,11.895374298095703
2019-02-15,11.983344172971249,12.051764272434662,11.94424684011302,12.03221607208252
2019-02-19,11.993118270230086,11.993118270230086,11.572821259324506,11.582595825195312
2019-02-20,11.582595011562846,11.797629852691767,11.553271316010305,11.758532524108887
2019-02-21,11.690112531382926,11.817179083394613,11.602143308286076,11.807404518127441
2019-02-22,11.895374255113058,12.051763577528543,11.826954159594754,11.9735689163208
2019-02-25,11.993117630577135,12.110409618309316,11.797630052202978,11.856276512145996
2019-02-26,11.866051885224376,11.934471983020412,11.660790659682347,11.680338859558105
2019-02-27,11.699887075848935,11.738984404694262,11.563045958813364,11.602143287658691
2019-02-28,11.602144894195998,11.602144894195998,11.2600434524674,11.328463554382324
2019-03-01,11.396881995813718,11.42620475919733,11.181846222641617,11.269815444946289
2019-03-04,11.328463005271498,11.426205870104479,11.07432987882867,11.240493774414062
2019-03-05,11.240493963817269,11.357785962885584,11.211171197088676,11.338237762451172
2019-03-06,11.338237219500074,11.592369405901557,11.30891352202175,11.45552921295166
2019-03-07,11.514175659074537,11.514175659074537,11.240494319260865,11.328463554382324
2019-03-08,11.220944550585157,11.40665757691397,11.035232456410268,11.396883010864258
2019-03-11,11.406657229381347,11.67056397960549,11.396882663629443,11.611918449401855
2019-03-12,11.631465911865234,11.690112370507343,11.45552840024658,11.631465911865234
2019-03-13,11.680338005555313,11.748759030502697,11.582595149015106,11.729209899902344
2019-03-14,11.729210505182813,12.032215520047753,11.63146671144473,11.944246292114258
2019-03-15,11.934471149631293,12.188604255347377,11.914922018966736,12.139732360839844
2019-03-18,12.178830234026062,12.305896792559986,12.002891778801567,12.022440910339355
2019-03-19,12.11041018217666,12.198378477956254,11.905148961049804,11.944246292114258
2019-03-20,11.92469706311609,11.993118091035514,11.748759540839881,11.895374298095703
2019-03-21,11.875825427612593,11.993118354579387,11.807405330343558,11.8367280960083
2019-03-22,11.758532887011121,11.778082017982825,11.465302447512661,11.543498039245605
2019-03-25,11.543498493865997,11.768307915971087,11.367560036807118,11.582595825195312
2019-03-26,11.660790801485266,11.758533666360519,11.533724238208901,11.651016235351562
2019-03-27,11.651015780255577,11.836727868772277,11.514174656190606,11.611918449401855
2019-03-28,11.611919260133613,11.699888493734877,11.523950026532349,11.641242027282715
2019-03-29,11.699888084151276,11.71943628418169,11.484852290893155,11.52394962310791
2019-04-01,11.621693156524628,11.621693156524628,11.475077464924262,11.582595825195312
2019-04-02,11.602145665169685,11.62169479967528,11.387109846378332,11.435981750488281
2019-04-03,11.49462588513289,11.592368741328812,11.26004191167806,11.318687438964844
2019-04-04,11.377334257763483,11.484851682621136,11.220944005033427,11.308913230895996
2019-04-05,11.308913921781869,11.377334952829345,11.250268389059961,11.367560386657715
2019-04-08,11.406657368136436,11.719436018770965,11.406657368136436,11.582595825195312
2019-04-09,11.53372392799519,11.670564121570843,11.504401162536679,11.582595825195312
2019-04-10,11.631466051254225,11.729209839444469,11.494625866372502,11.602143287658691
2019-04-11,11.504400979801025,11.6998876333425,11.279590629112908,11.690113067626953
2019-04-12,11.778081550970937,11.846501642351237,11.484851123099336,11.504400253295898
2019-04-15,11.504401012054824,11.51417464564388,11.348010756629295,11.406657218933105
2019-04-16,11.445755412599272,11.445755412599272,11.299140644017907,11.357786178588867
2019-04-17,11.416431031719034,11.54349758153519,11.396881901522471,11.504400253295898
2019-04-18,11.465303158708812,11.602144287537422,11.328462962034132,11.52394962310791
2019-04-22,11.533724379174378,11.651016377750585,11.435980580950567,11.62169361114502
2019-04-23,11.57282088064179,11.670563739689813,11.514174419489876,11.592369079589844
2019-04-24,11.572820727756357,11.582595293178192,11.191621065689532,11.211170196533203
2019-04-25,11.162298182953778,11.191620946753803,10.839744984691945,10.957036972045898
2019-04-26,10.966811992977375,11.103652184498383,10.94726286152929,10.996134757995605
2019-04-29,10.976585472507804,11.025457368288276,10.810422518300408,10.820196151733398
2019-04-30,10.829970858229153,10.957037416050092,10.65403240399187,10.790873527526855
2019-05-01,10.614935753797782,10.859294319391088,10.116444988424442,10.644259452819824
2019-05-02,10.634483713437486,10.722452936492223,10.204412163426296,10.341253280639648
2019-05-03,10.390126320885837,10.693130420215324,10.341254421336386,10.644259452819824
2019-05-06,10.458546374944088,10.55629017361291,10.263059709760395,10.517192840576172
2019-05-07,10.360803653065954,10.419449187362778,10.126218719416768,10.282608985900879
2019-05-08,10.184863018412004,10.331477755106734,9.979601827747127,10.057796478271484
2019-05-09,9.999151874036576,10.175090336339979,9.92095720904705,10.135993003845215
2019-05-10,10.243509612631026,10.282607874140202,9.969828307143825,10.106669425964355
2019-05-13,9.891633728927019,10.008925717947434,9.745018975689966,9.95028018951416
2019-05-14,9.99915141380011,10.008925979512384,9.81343932603634,9.891633987426758
2019-05-15,9.862312224247821,9.881860425504167,9.754793854798967,9.813440322875977
2019-05-16,9.803665069864346,9.979603529624802,9.784116869976474,9.960054397583008
2019-05-17,9.920957492864476,9.989378525803144,9.82321462490832,9.872086524963379
2019-05-20,9.823213245063812,10.048022648723068,9.823213245063812,10.038249015808105
2019-05-21,10.067571819753983,10.214186567766088,10.038249056582329,10.165314674377441
2019-05-22,10.126218071032687,10.155541768457457,9.89163408455793,9.940505981445312
2019-05-23,9.823212558491514,9.989376424432008,9.784115233102796,9.979601860046387
2019-05-24,10.087120072052087,10.10666920237419,9.784116009290234,9.803664207458496
2019-05-28,9.803664307327782,10.018700082292254,9.793890674221007,9.85253620147705
2019-05-29,9.784117291295066,9.881860159251222,9.735245391240008,9.872086524963379
2019-05-30,9.852536101109909,9.950279888412737,9.745018680799872,9.803664207458496
2019-05-31,9.715695671904944,9.901408694473506,9.686372906503452,9.862311363220215
2019-06-03,9.940506247395847,10.126218341951805,9.93073168132608,10.08712100982666
2019-06-04,10.106668967596782,10.39012482560571,10.008925182564537,10.067571640014648
2019-06-05,10.0773476139662,10.16531591421039,9.852537249820516,9.901409149169922
2019-06-06,9.920957111468127,9.940506243600197,9.803665115137477,9.88185977935791
2019-06-07,9.969827992480385,10.048022648723068,9.88185877116891,10.038249015808105
2019-06-10,10.038249414317939,10.116444073664882,9.911182859840688,9.95028018951416
2019-06-11,10.048023266703723,10.135992493425544,9.950280406465833,9.969828605651855
2019-06-12,9.91118177365457,10.028473749820726,9.862309883880233,9.979601860046387
2019-06-13,10.018699926365336,10.272833026263232,10.018699926365336,10.165314674377441
2019-06-14,10.08712100982666,10.184864806216485,10.057798243771282,10.08712100982666
2019-06-17,10.067572856135923,10.11644475455557,9.979603625411347,10.008926391601562
2019-06-18,10.106669385789653,10.184864044189453,9.999151031374536,10.184864044189453
2019-06-19,10.135993455557777,10.233737257227626,10.04802422048571,10.175090789794922
2019-06-20,10.282607753372389,10.468319832590506,10.263058622847405,10.341253280639648
2019-06-21,10.351027945386315,10.468319933201979,10.24350959077323,10.390125274658203
2019-06-24,10.448770943384211,10.536740168470635,10.33147895398694,10.36080265045166
2019-06-25,10.331480126743497,10.331480126743497,10.165316223197141,10.175090789794922
2019-06-26,10.223962377727634,10.360803509446631,10.116444944904531,10.311931610107422
2019-06-27,10.302156852819257,10.331479619017594,10.057798292807268,10.214187622070312
2019-06-28,10.204412433970534,10.497642874542636,10.126217774105156,10.487868309020996
2019-07-01,10.517192840576172,10.536741041017567,10.351028942131544,10.517192840576172
2019-07-02,10.526967168994544,10.556289935071,10.409674240380863,10.49764347076416
2019-07-03,10.556290030948286,10.556290030948286,10.429223467257659,10.546515464782715
2019-07-05,10.487868289050057,10.575837514269566,10.429222760339634,10.56606388092041
2019-07-08,10.56606388092041,10.614934844127806,10.429222760339634,10.56606388092041
2019-07-09,10.507417635736564,10.59538686276177,10.419448408711355,10.585612297058105
2019-07-10,10.605162340186567,10.712679775708441,10.44877207194479,10.45854663848877
2019-07-11,10.429224158361569,10.497644261746634,10.282609384778146,10.399901390075684
2019-07-12,10.399900885390126,10.93748898387731,10.351028985849304,10.849520683288574
2019-07-15,10.742001839093618,10.742001839093618,9.68637295753896,9.989377975463867
2019-07-16,9.9796044681744,10.204413914874099,9.784117790141181,9.832989692687988
2019-07-17,9.862311363220215,9.989377922831887,9.74501936946034,9.862311363220215
2019-07-18,9.842762729450016,10.038250327759856,9.81343996256512,10.028475761413574
2019-07-19,9.989378549221959,10.116445116801419,9.930732082587607,9.999152183532715
2019-07-22,9.97960322567884,10.126217982911202,9.823213902723284,10.096895217895508
2019-07-23,10.077348273268013,10.077348273268013,9.803665991867499,9.832989692687988
2019-07-24,9.7841167899901,9.891634218879231,9.70592212677002,9.70592212677002
2019-07-25,9.715694886432068,9.735244016555203,8.894650996490885,8.982619285583496
2019-07-26,8.992394685201244,9.099913046549265,8.787133460627835,9.011943817138672
2019-07-29,9.070588182199932,9.080362746911675,8.806681460059474,8.914198875427246
2019-07-30,8.826229973213747,9.00216841570663,8.81645634030601,8.982619285583496
2019-07-31,8.94352195749106,9.099912202014638,8.875101866367752,8.982619285583496
2019-08-01,8.943521568755793,8.982618895148843,8.718712175034204,8.787132263183594
2019-08-02,8.718713305890418,8.816457100627746,8.591646745593456,8.67961597442627
2019-08-05,8.591646738249711,8.601421304145871,8.327739984130758,8.47435474395752
2019-08-06,8.493903703436379,8.630744841762308,8.357063497264441,8.581872940063477
2019-08-07,8.454803816043455,8.532998462293401,8.34728641048821,8.523224830627441
2019-08-08,8.533000326667882,8.640518687868518,8.454805663333191,8.601421356201172
2019-08-09,8.581870493636925,8.660065141202576,8.347286550939971,8.415706634521484
2019-08-12,8.415707369580065,8.42548193441795,8.200672536069462,8.396159172058105
2019-08-13,8.357063343651152,8.366837910242047,8.161576672603108,8.278868675231934
2019-08-14,8.161575025343055,8.239769677980156,7.917216502813668,7.9758620262146
2019-08-15,7.995411773560038,8.054057301494739,7.878119785536778,7.946539878845215
2019-08-16,8.014960741855447,8.102929974359316,7.848796843160123,8.054058074951172
2019-08-19,8.122478667866586,8.43525731572295,8.122478667866586,8.425482749938965
2019-08-20,8.513452387504183,8.5720988528773,8.366837622302304,8.54277515411377
2019-08-21,8.601420545275703,8.777358055114746,8.562323217294377,8.777358055114746
2019-08-22,8.767584640837564,8.845779298749845,8.552548865501867,8.591646194458008
2019-08-23,8.581872685114291,8.581872685114291,8.220222114733195,8.229996681213379
2019-08-26,8.259318947601379,8.317965410771812,8.200673416584854,8.26909351348877
2019-08-27,8.288641615568963,8.347288078049244,8.11270409243591,8.220221519470215
2019-08-28,8.288641904772504,8.445032166125323,8.132252575573617,8.366837501525879
2019-08-29,8.454804696777796,8.513451153651292,8.376610042382337,8.396159172058105
2019-08-30,8.493902190240398,8.611195106283358,8.435256664372744,8.572097778320312
2019-09-03,8.454803816043455,8.611194040697058,8.435255620557825,8.523224830627441
2019-09-04,8.640518784155487,8.767585346528824,8.601421452052454,8.650293350219727
2019-09-05,8.757810095879904,8.96307130641435,8.660066307185843,8.796907424926758
2019-09-06,8.738259882960945,8.963070196250795,8.611194278412372,8.826229095458984
2019-09-09,8.855555032523126,8.914200567618725,8.74803666459124,8.894652366638184
2019-09-10,8.914198875427246,9.021716290795018,8.865326984022333,8.914198875427246
2019-09-11,8.953297707234446,9.266076373360171,8.923974940323648,9.207430839538574
2019-09-12,9.139010063269165,9.383368611141027,9.099912732895822,9.354044914245605
2019-09-13,9.393143600064427,9.500661973221604,9.256303390088412,9.471338272094727
2019-09-16,9.569079967336036,9.588629097108216,9.295398675602206,9.3735933303833
2019-09-17,9.266076724249572,9.481112531430997,9.256303089678498,9.402917861938477
2019-09-18,9.334497550826487,9.402917652066819,9.109687181937732,9.178108215332031
2019-09-19,9.217205139703616,9.236753339694951,9.051041245084596,9.060815811157227
2019-09-20,9.07058845283814,9.187880436417283,9.002168362122095,9.139009475708008
2019-09-23,9.099913219495221,9.324722648124697,9.099913219495221,9.314948081970215
2019-09-24,9.295400118323458,9.344272018185409,9.158558985140786,9.334497451782227
2019-09-25,9.246528563005436,9.559307242330341,9.236753996238035,9.529984474182129
2019-09-26,9.500660559431015,9.500660559431015,9.344271238642666,9.432239532470703
2019-09-27,9.3735933303833,9.432238855392214,9.305173240488296,9.3735933303833
2019-09-30,9.32472183313621,9.383368292783416,9.217204411295825,9.285624504089355
2019-10-01,9.217205262515119,9.32472269428486,8.904425669100888,9.031492233276367
2019-10-02,8.963071286737538,9.10968603730291,8.884876628815492,9.080363273620605
2019-10-03,9.04126568998181,9.197655001420667,9.02171655997504,9.139009475708008
2019-10-04,9.11945974960038,9.246526289877103,9.090136988660758,9.129234313964844
2019-10-07,9.139010288125872,9.246527716259457,9.031491927838381,9.168333053588867
2019-10-08,9.119460602581627,9.139009733139064,8.923973957776514,9.080363273620605
2019-10-09,9.119461464794309,9.129236030997177,8.99239490061883,9.031492233276367
2019-10-10,9.099912173330809,9.432238994992085,9.07058847823854,9.344270706176758
2019-10-11,9.432239807063635,9.50066083601583,9.148783921844267,9.168333053588867
2019-10-14,9.070588708341887,9.148783366263931,8.972845852016256,9.080363273620605
2019-10-15,9.148784109349126,9.266076105758918,9.051041245084596,9.060815811157227
2019-10-16,9.080363273620605,9.129235167860346,8.992394050419842,9.080363273620605
2019-10-17,9.197656599378902,9.24652850073278,8.855555154209739,8.865328788757324
2019-10-18,8.875101866367752,9.070588506829937,8.81645634030601,8.982619285583496
2019-10-21,9.070589108700066,9.139010136517214,8.963071682350106,8.99239444732666
2019-10-22,9.02171858460858,9.10968782507325,8.894652939664095,8.904426574707031
2019-10-23,8.963071149506552,9.148783226189563,8.943522019248427,9.109685897827148
2019-10-24,9.041267136531154,9.119461804761267,8.845780465955869,8.894652366638184
2019-10-25,8.88487765735767,9.041266991305896,8.88487765735767,8.923974990844727
2019-10-28,8.992393528813588,9.051039984930245,8.894650678157559,8.914198875427246
2019-10-29,8.894652366638184,8.972847034868298,8.738262098023982,8.894652366638184
2019-10-30,8.894650678157559,9.129234638316587,8.777357765924249,8.914198875427246
2019-10-31,8.904425495904682,8.904425495904682,8.611195972753611,8.728487968444824
2019-11-01,8.52322704340849,9.07058970926317,8.513452477051167,9.002169609069824
2019-11-04,9.10968694612602,9.784117103180142,9.099913312026091,9.77434253692627
2019-11-05,9.813439136717209,9.862311032181864,9.500660497189608,9.588629722595215
2019-11-06,9.55930688613166,9.55930688613166,9.334497451782227,9.334497451782227
2019-11-07,9.412691116333008,9.520208538856497,9.305173693809518,9.412691116333008
2019-11-08,9.36381876549721,9.598402729840492,9.305173240488296,9.3735933303833
2019-11-11,9.285624110716116,9.422465222659937,9.246526783325569,9.3735933303833
2019-11-12,9.402916491229917,9.432239254976594,9.236752609742325,9.285624504089355
2019-11-13,9.256302041266531,9.256302041266531,9.090138154376925,9.148783683776855
2019-11-14,9.12923702953241,9.197657136128251,9.090139692598497,9.158559799194336
2019-11-15,9.187880462146136,9.383368034145956,9.187880462146136,9.344270706176758
2019-11-18,9.383369405471273,9.383369405471273,9.011944269405332,9.051041603088379
2019-11-19,9.090138251313064,9.217204809239778,9.011943589843378,9.19765567779541
2019-11-20,9.187880425371759,9.471336285052379,9.158557662550681,9.422465324401855
2019-11-21,9.432240629959674,9.49088709815606,9.217205754932237,9.402917861938477
2019-11-22,9.44201432755079,9.471337092872838,9.217204906491917,9.246527671813965
2019-11-25,9.246527716259457,9.275850481722452,9.139010288125872,9.168333053588867
2019-11-26,9.197844933116125,9.237193963217113,9.069960350749193,9.158495903015137
2019-11-27,9.099471985386337,9.237194061279297,9.099471985386337,9.237194061279297
2019-11-29,9.197844127942517,9.197844127942517,9.089633601021323,9.099471092224121
2019-12-02,9.020774317573336,9.069960842404546,8.883052235676937,8.981425285339355
2019-12-03,8.951913319045506,9.050285425864482,8.883051812301849,9.020773887634277
2019-12-04,9.089633973949221,9.247030087032437,9.060122437284827,9.197844505310059
2019-12-05,9.247031208193608,9.29621773403447,9.01093700994342,9.138821601867676
2019-12-06,9.217519298646147,9.670033629572917,9.148658728120848,9.611010551452637
2019-12-09,9.551985055218836,9.640520596836714,8.951912183810112,8.971586227416992
2019-12-10,8.971587949930926,9.001099490084743,8.705982212236677,8.814191818237305
2019-12-11,8.873215768377317,9.109309964099856,8.853540782989636,8.951913833618164
2019-12-12,8.981425219828367,9.178170379563204,8.971587727302893,9.119147300720215
2019-12-13,9.099470794403397,9.119145776165043,8.89288817667994,8.971586227416992
2019-12-16,9.09947199907455,9.266705613569393,8.755167277901666,8.774842262268066
2019-12-17,8.833865212470773,8.843702704513005,8.509235480316137,8.587933540344238
2019-12-18,8.627284392464244,8.725656508501134,8.50923635217202,8.617446899414062
2019-12-19,8.5584224524234,8.705982026351776,8.53874840545924,8.656795501708984
2019-12-20,8.607608786474868,8.656795310028562,8.469886708155505,8.499399185180664
2019-12-23,8.479724565429722,8.735493748392264,8.479724565429722,8.705982208251953
2019-12-24,8.725655897512706,8.794516467732267,8.656795327293146,8.715818405151367
2019-12-26,8.755167277901666,8.863377815607087,8.715818247323755,8.774842262268066
2019-12-27,8.75516656310652,8.774841545866602,8.66663195515059,8.68630599975586
2019-12-30,8.686305494427296,8.824027551271408,8.666631450966571,8.755166053771973
2019-12-31,8.74532950111899,8.814190060463666,8.65679396015883,8.755166053771973
2020-01-02,8.755166582289643,8.814190592544403,8.705981001591297,8.794515609741211
2020-01-03,8.774841599148258,8.912563664840654,8.70598103537947,8.902726173400879
2020-01-06,8.951913233476803,9.188007413371453,8.883051727391374,9.050285339355469
2020-01-07,8.991262151495123,9.050285226656358,8.804353557789856,8.863377571105957
2020-01-08,8.863376576347617,8.971586160768503,8.755166053771973,8.755166053771973
2020-01-09,8.755166507227562,8.755166507227562,8.420700245834183,8.46988582611084
2020-01-10,8.509235518482743,8.8928892664567,8.509235518482743,8.804353713989258
2020-01-13,8.824029243063054,8.951913833618164,8.765005225054951,8.951913833618164
2020-01-14,8.961749401144193,9.030610904261994,8.75516676810046,8.84370231628418
2020-01-15,8.843702281973105,8.873214756689736,8.627283096313477,8.627283096313477
2020-01-16,8.696142985235038,8.824027551271408,8.646956469351087,8.755166053771973
2020-01-17,8.833865772163454,8.853540757494478,8.656795594958922,8.735493659973145
2020-01-21,8.705981842372733,8.725655888921132,8.509235747959298,8.607608795166016
2020-01-22,8.637120325345123,8.646957817686843,8.401026138073275,8.499399185180664
2020-01-23,8.410864218798947,8.430538266703785,8.332166150869657,8.401026725769043
2020-01-24,8.371514565949633,8.40102610470266,8.174769410671272,8.282979011535645
2020-01-27,8.125583723230152,8.174770251648518,7.987861631289726,8.096071243286133
2020-01-28,8.115744962372696,8.24362954102503,8.096069978816251,8.214118003845215
2020-01-29,8.214118868952765,8.263304456714378,8.155094850221898,8.243630409240723
2020-01-30,8.16493277177732,8.214119300276671,8.007536631103395,8.2042818069458
2020-01-31,8.155094104431601,8.204280625850014,7.9189999274090495,7.938673973083496
2020-02-03,7.9386736823262645,8.1747687888566,7.8698131177554504,8.164931297302246
2020-02-04,8.302652921876673,8.58793362689228,8.302652921876673,8.558422088623047
2020-02-05,8.627283096313477,8.646957141303064,8.381351435937217,8.627283096313477
2020-02-06,8.656794946545403,8.656794946545403,8.391188293400738,8.509235382080078
2020-02-07,8.686307364631316,9.099472685965386,8.312491076845495,8.430538177490234
2020-02-10,8.371514784566703,8.68630704123269,8.282979227840661,8.656795501708984
2020-02-11,8.715818032656905,9.19784481805781,8.686306494989052,9.07979679107666
2020-02-12,9.14865851844795,9.433939224570885,9.10930948788461,9.345403671264648
2020-02-13,9.28637954722719,9.296217039291157,9.099471888786214,9.158495903015137
2020-02-14,9.158496405394922,9.247031024362462,9.089634895324707,9.089634895324707
2020-02-18,9.060123283722302,9.158496332667182,9.001099266724388,9.119147300720215
2020-02-19,9.158496494284355,9.217519574168907,9.060123443603516,9.060123443603516
2020-02-20,9.040448527045593,9.12898408570153,8.912564873603621,8.922401428222656
2020-02-21,8.883052483629642,8.932239009833795,8.74533133604396,8.892889976501465
2020-02-24,8.597772178384117,8.784680799480077,8.499400059314404,8.745331764221191
2020-02-25,8.725656322493819,8.73549381533429,8.45021309004527,8.460050582885742
2020-02-26,8.54858413759923,8.578096612439138,8.351838996107357,8.381351470947266
2020-02-27,8.223955946111168,8.322329004194309,8.007536719376278,8.17477035522461
2020-02-28,7.978022948177559,8.538747787475586,7.869813352318923,8.538747787475586
2020-03-02,8.568258862973767,8.607607890087978,8.19444263631137,8.46988582611084
2020-03-03,8.479724113850752,8.725655790951372,8.253467421232534,8.528910636901855
2020-03-04,8.656795133727002,8.725655702406838,8.528910550353816,8.558422088623047
2020-03-05,8.401026324090406,8.696144533792232,8.351839799447614,8.656795501708984
2020-03-06,8.469885529484918,8.479723020457651,8.214117331277278,8.342000961303711
2020-03-09,7.771441283542874,7.800952822845804,7.013971717990772,7.043483257293701
2020-03-10,7.348438693532936,7.377950702737976,6.797551764017797,7.309089660644531
2020-03-11,7.181204917393702,7.181204917393702,6.699178602571555,6.905761241912842
2020-03-12,6.394223858310061,6.57129450397999,5.902360484593903,6.335200309753418
2020-03-13,6.600805547269718,6.679503600500417,6.266338351961851,6.620480060577393
2020-03-16,5.912197874540725,6.246664643885924,5.725289739485561,6.148292064666748
2020-03-17,6.197478709211617,6.463084912801974,6.000733077873687,6.443410396575928
2020-03-18,5.990895600003237,6.266338806280724,5.213751564389895,5.410496711730957
2020-03-19,5.4793577136870155,5.990895562662868,5.272775075727783,5.941709041595459
2020-03-20,6.040081706022337,6.374548928554441,6.000732676204142,6.197478294372559
2020-03-23,6.108942985534668,6.364711689518128,6.030244922770526,6.108942985534668
2020-03-24,6.551620052931054,6.64999310391429,6.040082157943607,6.590969085693359
2020-03-25,6.669666909076894,6.669666909076894,6.148291576956884,6.325362205505371
2020-03-26,6.3548745894949485,6.551619744030184,5.971221303612515,6.53194522857666
2020-03-27,6.325362902657958,6.8565753159286436,6.246664836851556,6.807389259338379
2020-03-30,6.836900633859924,7.289414970362497,6.610643465608637,7.259903430938721
2020-03-31,7.358276077648993,7.741929377185043,7.082832382419608,7.515672206878662
2020-04-01,7.417299639184362,7.791115915841205,7.240228993488868,7.623882293701172
2020-04-02,7.751765934290588,8.115744673746711,7.427136222393105,7.9091620445251465
2020-04-03,7.869813085415197,8.420700414182384,7.673067945910783,8.410862922668457
2020-04-06,8.26330277124198,8.774841035387457,8.22395374616577,8.755166053771973
2020-04-07,8.892889722380492,9.384753094056746,8.755167640575365,8.873215675354004
2020-04-08,8.90272694383283,9.069960560161942,8.4698866645734,8.853540420532227
2020-04-09,8.9420761878814,9.227356904035645,8.85354063146199,9.119147300720215
2020-04-13,9.040447761467899,9.19784481805781,8.951913148464339,9.07979679107666
2020-04-14,9.148657610083319,9.414263305475313,8.912563450144926,9.099471092224121
2020-04-15,8.81419119718808,9.335566081225785,8.735493136886348,9.266705513000488
2020-04-16,9.38475374668613,9.68970947112064,9.325729725192193,9.532312393188477
2020-04-17,9.53231067303963,9.679870231069177,9.286379014478543,9.581497192382812
2020-04-20,9.58149823388781,9.73889436237103,9.433939597973524,9.551986694335938
2020-04-21,9.394590715491223,9.502800321008284,9.266706124522909,9.276543617248535
2020-04-22,9.414263810596609,9.53231089689961,9.237193650219533,9.38475227355957
2020-04-23,9.492962347422937,9.89629108534878,9.365078701087427,9.67003345489502
2020-04-24,9.807754906833564,10.171733652663768,9.788079923632282,10.014337539672852
2020-04-27,10.043850812438894,10.10287483409044,9.847105637192074,9.856943130493164
2020-04-28,9.945476375638137,10.240594566633321,9.689708152386855,10.004500389099121
2020-04-29,10.102872553281776,10.240593675785346,9.925801466457429,9.974987983703613
2020-04-30,9.847103885629188,10.102873037032374,9.73889335487524,9.797917366027832
2020-05-01,9.650358809899783,10.181571161205424,9.50279925010915,10.122547149658203
2020-05-04,10.23075735666563,10.870180277804039,10.191408325992104,10.702946662902832
2020-05-05,10.771807328871457,11.076763022948725,10.73245829784422,10.781644821166992
2020-05-06,10.811155682006683,10.870179693924007,10.437339441609879,10.447176933288574
2020-05-07,10.584899088852882,10.74229520437927,10.378316452685786,10.417665481567383
2020-05-08,10.624248662950793,10.683271740224717,10.437340062555275,10.565224647521973
2020-05-11,10.486527100758744,10.683272264926321,10.437340575178114,10.49636459350586
2020-05-12,10.476688385009766,10.702946001006381,10.44717684836841,10.476688385009766
2020-05-13,10.55538754733212,10.604574072323995,10.004501094256941,10.093036651611328
2020-05-14,9.935639574257337,9.955313619484135,9.58149737862652,9.630683898925781
2020-05-15,9.837267692112068,9.89629171105292,9.630685033051515,9.679871559143066
2020-05-18,9.984826778570046,10.034013306860315,9.620847970270038,9.640522956848145
2020-05-19,9.640521390616604,9.817591550277168,9.551985841708898,9.630683898925781
2020-05-20,9.80775487479265,9.935639450718693,9.670032807298103,9.906126976013184
2020-05-21,9.965151214884068,9.994662752108821,9.630683999154034,9.709382057189941
2020-05-22,9.620846605876642,9.817591752981047,9.58149757645576,9.788080215454102
2020-05-26,9.935639499709206,10.122547149658203,9.896290471396004,10.122547149658203
2020-05-27,10.220921449960212,10.48652718929005,9.98482631281097,10.466853141784668
2020-05-28,10.47668898644248,10.555387047440451,10.270106341784084,10.378316879272461
2020-05-29,10.388154749405022,10.722621051738384,10.329130732431533,10.693109512329102
2020-06-01,10.693108076290342,10.801317665028908,10.43733893401213,10.516036987304688
2020-06-02,10.55538657429575,10.70294613566876,10.437339488090247,10.663597106933594
2020-06-03,10.712783929791081,10.712783929791081,10.348805169177703,10.437339782714844
2020-06-04,10.338968598143307,10.427504157721815,10.07336191940778,10.112710952758789
2020-06-05,10.319293353157043,10.38815486340764,10.053687619248816,10.093036651611328
2020-06-08,10.201245153795542,10.319292238127751,10.043849041352594,10.260269165039062
2020-06-09,10.083199367966763,10.614411784948082,9.97498976126583,10.57506275177002
2020-06-10,10.624249159967041,10.624249159967041,10.211083847101577,10.27994441986084
2020-06-11,10.01433817761187,10.11271028542033,9.640521916367971,9.67003345489502
2020-06-12,9.73889365235254,10.18157140413163,9.640521548299853,10.034011840820312
2020-06-15,9.709382435332667,10.083198694639346,9.630684374231775,9.91596508026123
2020-06-16,10.152058132373174,10.181570605613755,9.807754387959461,9.974987983703613
2020-06-17,9.965151174309298,10.230756884560316,9.935639637204709,9.955313682556152
2020-06-18,9.866777582898965,10.23075631407567,9.856941029849171,10.161895751953125
2020-06-19,10.319292567553543,10.35864159692043,9.807755185784007,10.14222240447998
2020-06-22,10.152059539924402,10.152059539924402,9.876616318573136,9.935640335083008
2020-06-23,10.014337506957052,10.063523088489903,9.837266411343325,9.906126976013184
2020-06-24,9.650358866243701,9.837266517283966,9.492961813917091,9.52247428894043
2020-06-25,9.55198672162087,9.807755900214161,9.492962704193598,9.768406867980957
2020-06-26,9.807756679207797,9.807756679207797,9.502800951562769,9.719221115112305
2020-06-29,9.965151260031186,10.043849318423636,9.748731130374521,9.925802230834961
2020-06-30,9.866777480214251,10.122546619943023,9.788079427706135,10.083197593688965
2020-07-01,10.073361300391346,10.18157183907321,9.82742962252151,9.99466323852539
2020-07-02,10.093035752635659,10.211082839208872,9.955313682556152,9.955313682556152
2020-07-06,10.063524179175799,10.4865269809182,10.063524179175799,10.20124626159668
2020-07-07,10.161897934826394,10.653761342855377,10.112711406392496,10.614412307739258
2020-07-08,10.624248163410996,10.811155816863435,10.575061642558822,10.634085655212402
2020-07-09,10.643922423944584,10.693108945790689,10.329130185177313,10.437339782714844
2020-07-10,10.417665109826315,10.68327081076058,10.417665109826315,10.673434257507324
2020-07-13,10.732457537647738,10.870179605565454,10.46685183156587,10.476688385009766
2020-07-14,10.545550540208728,10.880017770011143,10.427503448188151,10.702946662902832
2020-07-15,10.820993192366085,11.371880531311035,10.693108614786814,11.371880531311035
2020-07-16,11.312857875775736,11.450579961564442,11.11611270904541,11.11611270904541
2020-07-17,11.273508210081314,11.765371568395237,11.125949577849099,11.676836013793945
2020-07-20,11.814557845066766,12.129350087602505,11.637486739562972,11.765371322631836
2020-07-21,11.853906030910924,11.942441577355545,11.470252309035837,11.489927291870117
2020-07-22,11.617812356503029,11.952278635418493,11.539113359996904,11.775208473205566
2020-07-23,11.804719924926758,12.090000618919627,11.676835346494801,11.804719924926758
2020-07-24,11.745696153824127,11.814557659412895,11.657161540618347,11.716184616088867
2020-07-27,11.814557700230143,12.040814387240266,11.814557700230143,11.932604789733887
2020-07-28,11.90309461866707,11.981792687372723,11.745697543100787,11.785046577453613
2020-07-29,11.558788829138194,11.578463813629801,10.053687227261442,10.34880542755127
2020-07-30,10.171734716336355,10.25043278106138,9.915965536902554,10.093036651611328
2020-07-31,10.093036284935286,10.152059362257303,9.935640161203374,9.99466323852539
2020-08-03,10.053687691670534,10.11271077156201,9.886454068386454,10.06352424621582
2020-08-04,10.063524270703944,10.299619405309167,9.984826205220516,10.27994441986084
2020-08-05,10.348806109577298,10.506202243263575,10.112710970892923,10.220921516418457
2020-08-06,10.260269492580642,10.289781030067092,10.053686853865768,10.14222240447998
2020-08-07,10.112710704194322,10.240595293980512,10.024175146791967,10.20124626159668
2020-08-10,10.220919761025876,10.309454367402806,10.073360207421397,10.161895751953125
2020-08-11,10.181572187504445,10.299619284343157,9.96515204088934,9.98482608795166
2020-08-12,10.152059491340564,10.417666157131524,10.142222937098422,10.28978157043457
2020-08-13,10.289780276174303,10.447176382110042,10.240593758530686,10.299617767333984
2020-08-14,10.299618193149799,10.319292238127751,10.18157110881759,10.260269165039062
2020-08-17,10.338968616683166,10.368480157210604,10.142223449575319,10.220921516418457
2020-08-18,10.279944597473332,10.289782090367465,10.132385956681187,10.220921516418457
2020-08-19,10.260269968706991,10.525875694720161,10.260269968706991,10.42750358581543
2020-08-20,10.427503541921855,10.811156359898696,10.378317018599082,10.781644821166992
2020-08-21,10.850505245260287,10.998064813247648,10.338967848773477,10.378316879272461
2020-08-24,10.397991630128454,10.525876222455764,10.32913105662719,10.466853141784668
2020-08-25,10.486525709890667,11.027575543206199,10.486525709890667,10.889853477478027
2020-08-26,10.919367003775955,10.988227574196651,10.693109369578805,10.968552589416504
2020-08-27,10.968552104518558,11.234158758379149,10.89969153714205,11.145623207092285
2020-08-28,11.312856786584078,11.607974977343332,11.204647189839461,11.499764442443848
2020-08-31,11.470253235480342,11.578463773499335,11.371881127827951,11.381717681884766
2020-09-01,11.440741440355781,11.499764515992203,11.184972277518296,11.362043380737305
2020-09-02,11.342370116022536,11.401394138760644,11.017740336350483,11.09643840789795
2020-09-03,11.066925431171668,11.214484061658666,10.663597632229306,10.702946662902832
2020-09-04,10.712784497371905,10.850505640051841,10.545550877127763,10.693109512329102
2020-09-08,10.289781326111022,10.673435077092297,10.2307573112851,10.378316879272461
2020-09-09,10.565225190078639,10.781645340224955,10.52587615715703,10.712784767150879
2020-09-10,10.75213368573653,10.820994258078358,10.50620199805293,10.52587604522705
2020-09-11,10.555385988732787,10.870179139305733,10.53571194453405,10.761968612670898
2020-09-14,10.870181686737736,11.165299924118242,10.820995157481816,11.09643840789795
2020-09-15,11.253833228200387,11.342368782823439,10.939040979011676,10.998064994812012
2020-09-16,11.184973095936982,11.184973095936982,10.899692374406934,10.95871639251709
2020-09-17,10.850505987352289,10.889855020542448,10.65376082140149,10.683272361755371
2020-09-18,10.702947133784015,10.702947133784015,10.260270284692352,10.309455871582031
2020-09-21,10.132385781618149,10.39799151808598,10.02417523796223,10.27994441986084
2020-09-22,10.329129763648154,10.516037413249851,10.309454780450695,10.476688385009766
2020-09-23,10.476689913474948,10.48652740650889,9.925803437743827,9.945477485656738
2020-09-24,9.876615439462507,10.053686535076233,9.77824240008714,9.906126976013184
2020-09-25,9.847103376114289,9.925801428142481,9.748730342001656,9.866777420043945
2020-09-28,9.906128451675944,10.004501505705415,9.827430383714356,9.945477485656738
2020-09-29,9.925801991576751,10.073360612967027,9.876615471728382,10.014337539672852
2020-09-30,10.024174952615443,10.132385493191055,9.896291303461398,9.935640335083008
2020-10-01,9.935638437573907,9.955312480549903,9.650357778261434,9.689706802368164
2020-10-02,9.58149875719895,9.6601968257388,9.384753585849328,9.591336250305176
2020-10-05,9.640521759714336,9.797917880174182,9.620846775579416,9.729057312011719
2020-10-06,9.738893987689035,9.768406464260408,9.45361328125,9.45361328125
2020-10-07,9.561823418246984,9.640521476162197,9.374914827082211,9.60117244720459
2020-10-08,9.660196991296175,9.670034484570996,9.502800851519007,9.532312393188477
2020-10-09,9.542148504413953,9.611010009209066,9.433938908528575,9.571660041809082
2020-10-12,9.601172157185433,9.620846201992522,9.325728024647574,9.473287582397461
2020-10-13,9.483125908462894,9.551986478580181,9.247030782915942,9.28637981414795
2020-10-14,9.296217148521752,9.483125747313784,9.22735657957463,9.345403671264648
2020-10-15,9.197844505310059,9.286379115303241,9.089633973949221,9.197844505310059
2020-10-16,9.227357250418724,9.256868790948044,9.099472657251725,9.109310150146484
2020-10-19,9.148657901214104,9.414263605058265,9.128982918182404,9.22735595703125
2020-10-20,9.296217089049224,9.51263722484049,9.276543042970863,9.483125686645508
2020-10-21,9.483125941186527,9.670033605644804,9.443776909818737,9.502799987792969
2020-10-22,9.522475851844494,9.699546040272471,9.46345183026517,9.640522956848145
2020-10-23,9.738893303757136,9.768405778255941,9.453612617352467,9.581497192382812
2020-10-26,9.453613025796935,9.532311084884256,9.335565937165955,9.433938980102539
2020-10-27,9.355240921015218,9.522474531114492,9.335565937165955,9.433938980102539
2020-10-28,9.227356569110894,9.335566168498648,9.188007538592176,9.237194061279297
2020-10-29,9.197844538097296,9.453612753691832,9.158495509686226,9.414263725280762
2020-10-30,9.40442830147363,9.443777334611388,9.20768219762989,9.355241775512695
2020-11-02,9.394590377807617,9.492962487063119,9.355241346474436,9.394590377807617
2020-11-03,9.561823844909668,9.699544983329186,9.473288291265753,9.561823844909668
2020-11-04,9.483126320325283,9.640522452089197,8.863378347888663,8.922401428222656
2020-11-05,8.922400003192928,9.296216225506116,8.922400003192928,9.099471092224121
2020-11-06,9.148659006335448,9.325729184235982,9.08963498826531,9.168333053588867
2020-11-09,9.433938536335639,9.571659664182697,9.345402989488345,9.36507797241211
2020-11-10,9.424101672100658,9.542148763035472,9.325728627244205,9.483125686645508
2020-11-11,9.542149910160628,10.152060422389328,9.542149910160628,9.965152740478516
2020-11-12,9.974990759851703,10.063525389749238,9.44377828969126,9.463452339172363
2020-11-13,9.502799732723867,9.670033346086907,9.394590133905677,9.483125686645508
2020-11-16,9.571659838925042,9.679870370671614,9.404427171794124,9.414263725280762
2020-11-17,9.394590133905677,9.591335285463698,9.168332505997787,9.483125686645508
2020-11-18,9.54214833413448,9.689707894786645,9.443776231854544,9.52247428894043
2020-11-19,9.492961928513768,9.738893594414694,9.453612899495814,9.709382057189941
2020-11-20,9.70938215661234,9.797917707348038,9.571660084561824,9.788080215454102
2020-11-23,9.837266823266654,9.876615853033526,9.699544750005167,9.75856876373291
2020-11-24,9.827429148527843,10.20124539343879,9.75856858225512,10.171733856201172
2020-11-25,10.17173469489582,10.191408741958139,9.98482608795166,9.98482608795166
2020-11-27,10.07488789602119,10.20354570940026,10.005610031077222,10.02540397644043
2020-11-30,10.045197015911697,10.074887934068638,9.787882332009083,9.916540145874023
2020-12-01,10.084782298869309,10.104576241041068,9.718602863135755,9.817570686340332
2020-12-02,9.758191018210493,10.104577498712572,9.679017127323258,10.084783554077148
2020-12-03,10.183750716018228,10.401479373470561,9.95612603072996,9.98581600189209
2020-12-04,10.03529948855234,10.965593077198198,10.03529948855234,10.955696105957031
2020-12-07,11.46043055673361,12.519381962523825,11.262495846842048,12.024544715881348
2020-12-08,12.192789455245963,12.321447252632264,11.787023064011475,12.024544715881348
2020-12-09,12.054235662732598,12.10371863246853,11.381256703459849,11.440637588500977
2020-12-10,11.490120881718282,12.420415462647917,11.381257023876378,12.331344604492188
2020-12-11,12.37093112668501,13.380399559659535,12.103718561311585,13.192360877990723
2020-12-14,13.410090156592574,14.271106889976087,13.132981550680304,13.142877578735352
2020-12-15,13.390295139435382,13.944513250659881,13.03401267467992,13.796061515808105
2020-12-16,13.608024561532496,13.796062303826083,13.172568190847409,13.350708961486816
2020-12-17,13.15277450151073,13.321019247571822,12.479795517266362,12.994426727294922
2020-12-18,13.093393568032369,13.489263946001222,12.96473670980671,13.21215534210205
2020-12-21,12.806388009933206,13.132981473333167,12.727214122995997,13.103290557861328
2020-12-22,13.152775017520137,13.330916742415363,12.836079456663926,13.014220237731934
2020-12-23,13.103289309768629,13.924719016371096,12.964735492739402,13.4199857711792
2020-12-24,13.647611583907036,13.657508555618929,13.281432125011529,13.39029598236084
2020-12-28,13.657507827592111,14.01379029578374,13.42988220948823,13.509056091308594
2020-12-29,13.558540911348043,13.598127854909155,13.152774503889843,13.36060619354248
2020-12-30,13.360606222044575,13.479367052981265,13.202258447462324,13.251742362976074
2020-12-31,13.231948669019587,13.330916501915308,13.083497863503212,13.261638641357422
2021-01-04,13.321019278399014,13.528850968495016,13.04391067288007,13.251742362976074
2021-01-05,13.321020066092338,14.538319363044659,13.311123093638926,14.41955852508545
2021-01-06,14.459143498117184,14.706562112728664,14.201828856229849,14.271105766296387
2021-01-07,14.409661525693457,14.716460100462527,14.24141678062893,14.528422355651855
2021-01-08,14.508628407380675,14.61749320934434,13.944514229304142,14.162242889404297
2021-01-11,13.706993263550407,14.182036607285134,13.608025428358726,14.043481826782227
2021-01-12,14.063275449744534,14.172139310904043,13.578335144815082,13.627819061279297
2021-01-13,13.627818645629059,13.716888559955356,13.202258298374547,13.538747787475586
2021-01-14,13.65750987779321,13.904928531579944,13.34081335914365,13.697096824645996
2021-01-15,13.61792220403875,13.61792220403875,12.697524559056644,12.82618236541748
2021-01-19,12.905355215523473,13.01421906883316,12.370931032665412,12.78659439086914
2021-01-20,12.954839271140195,13.053806154195533,12.301654256431807,12.499588966369629
2021-01-21,12.519382004223514,12.598555888443851,12.083925641011655,12.2818603515625
2021-01-22,12.113616477353256,12.341242118624658,12.034442587474649,12.242274284362793
2021-01-25,12.291757007362728,12.667833419664294,12.172996184082306,12.598555564880371
2021-01-26,12.875664800825618,13.15277338211944,12.717317040086291,12.806386947631836
2021-01-27,12.638144436549824,12.826182185468475,12.182894106516716,12.489692687988281
2021-01-28,12.450105363293249,12.697523992840138,12.380828449044815,12.657937049865723
2021-01-29,12.657937041856604,12.935045642502176,12.232376697280529,12.291757583618164
2021-02-01,12.469899945783038,15.003466313646582,12.361035139153639,14.478939056396484
2021-02-02,14.241416463110538,14.657079830611133,13.40019275654334,13.528850555419922
2021-02-03,13.518953583853918,13.855443066480795,13.231948015229902,13.528850555419922
2021-02-04,13.538747568187823,13.568437539149032,12.964736429192927,13.311121940612793
2021-02-05,13.528850491280926,14.063274683558443,13.30122486547777,13.855443000793457
2021-02-08,14.211726016174556,14.775841144250919,14.013791297475477,14.607596397399902
2021-02-09,14.70656354087283,15.33005862350019,14.70656354087283,14.983673095703125
2021-02-10,15.923863846360987,16.57704890597201,15.359749648301872,16.27025032043457
2021-02-11,16.309836248199794,16.4285980256214,15.181607857139376,15.498303413391113
2021-02-12,15.429025532778383,15.78530801130951,15.161812966009675,15.60716724395752
2021-02-16,16.369217691777404,16.883847014630806,16.24055894532328,16.765087127685547
2021-02-17,16.992712921555945,17.00260989405355,16.082212215976046,16.586946487426758
2021-02-18,16.705705331266433,16.705705331266433,15.80510259866111,15.814998626708984
2021-02-19,16.022830116943105,16.596841231138725,15.844688411217872,16.42859649658203
2021-02-22,16.290041174805943,16.636427623315416,16.08221043829283,16.151487350463867
2021-02-23,15.854586601257324,16.012934376818958,14.904499004060325,15.854586601257324
2021-02-24,15.577475914509149,16.102004062599917,15.468612062704128,15.993139266967773
2021-02-25,16.181178681968817,16.59684205336881,15.993139995759353,16.240558624267578
2021-02-26,15.993140691948057,16.161385442163596,15.29047171864411,15.498303413391113
2021-03-01,15.894173297034545,15.963450215918327,15.567580759686386,15.844690322875977
2021-03-02,15.834791584340701,17.4083741490469,15.795204643132935,17.091678619384766
2021-03-03,17.269821010795773,17.804244266355717,16.963020552585654,17.19064712524414
2021-03-04,16.666119183162483,17.022402616877795,15.64675468477883,16.102005004882812
2021-03-05,16.408803866621245,16.458286838767354,14.350280890280315,15.636857986450195
2021-03-08,15.894172652528555,16.12179923232936,15.26078154824135,15.270678520202637
2021-03-09,15.409232017398436,15.904069278780039,15.379542045987147,15.587373733520508
2021-03-10,15.706135945615959,16.003038517346916,15.527994213811933,15.933761596679688
2021-03-11,16.171280492555972,16.51766692391424,16.032726675074336,16.33952522277832
2021-03-12,16.28014692612017,17.091679746300205,16.09210823511487,17.061988830566406
2021-03-15,17.31930382187782,18.45742912407036,17.20054205081705,18.4277400970459
2021-03-16,18.516809222783127,19.506483735282178,17.982385967613894,18.506914138793945
2021-03-17,18.734538536201782,19.110614014613674,18.23970128754417,19.08092498779297
2021-03-18,18.922580015221932,19.150204730201068,17.507344972922354,17.645898818969727
2021-03-19,17.586517333984375,17.794348084916386,17.05209216703735,17.586517333984375
2021-03-22,17.794347507384174,18.04176613864698,17.37868413135648,17.418272018432617
2021-03-23,17.259923802404114,17.319303743839786,16.438494043202454,16.59684181213379
2021-03-24,16.814569522500797,17.012505177492116,16.52756489918312,16.59684181213379
2021-03-25,16.17128257408804,16.62653196878593,15.814999125956168,16.56715202331543
2021-03-26,16.90364110466725,17.042194936520907,16.062417366296362,16.47808074951172
2021-03-29,16.537460645245368,16.537460645245368,15.429026218341527,16.32962989807129
2021-03-30,16.111902012703197,16.18117892771292,15.587373832744174,15.884275436401367
2021-03-31,16.280145962736484,17.052090849591327,16.16138419448344,16.438493728637695
2021-04-01,16.84426325007487,17.3489975557056,16.537462744836535,17.071887969970703
2021-04-05,17.299510006631902,18.308978461320105,17.13126526418387,18.14073371887207
2021-04-06,18.210010935464286,18.35846173711544,17.408375096424567,17.566722869873047
2021-04-07,17.487549341705535,17.61620620239996,16.9036412072717,17.141162872314453
2021-04-08,17.022403581916908,17.517240873395256,17.022403581916908,17.45785903930664
2021-04-09,17.467754440270237,17.537031352820396,17.02240205059593,17.032297134399414
2021-04-12,16.96301978670318,17.032296697476205,16.210866964095292,16.57704734802246
2021-04-13,16.577048388943695,16.75519010649137,16.41870061504673,16.616636276245117
2021-04-14,16.7353959342466,16.89374370598064,16.369217419982004,16.389009475708008
2021-04-15,16.72549975824842,16.77498461905344,16.25045642044678,16.418701171875
2021-04-16,16.438494282135892,16.497874224434653,15.884275195166348,16.240558624267578
2021-04-19,16.28014707259614,16.42859787729202,15.77541188267944,16.04262351989746
2021-04-20,15.814998626708984,15.864483486084293,15.330058330757199,15.814998626708984
2021-04-21,15.656652240848375,16.389011235677877,15.607169264738026,16.309837341308594
2021-04-22,16.458286499419827,16.48797741468794,15.844689351780323,15.953554153442383
2021-04-23,16.042622966399264,16.290041594907493,15.913966110142894,16.240558624267578
2021-04-26,16.369217001966334,16.68591253734706,16.181178319963667,16.299938201904297
2021-04-27,16.40880475777892,16.61663740491956,16.260353945623883,16.586946487426758
2021-04-28,16.418699675025604,17.250026384215833,16.32962882135135,17.091678619384766
2021-04-29,17.200541306387823,17.26982010430661,16.68591202114215,16.86405372619629
2021-04-30,16.725501612023248,16.963023307249838,16.586947761721394,16.636430740356445
2021-05-03,16.844259409946186,18.546498765989018,16.794774555388603,18.308977127075195
2021-05-04,18.200113608152694,18.2495984661727,17.546928583523204,17.99228286743164
2021-05-05,18.358461655963925,19.18978840672083,18.170424855609024,18.734539031982422
2021-05-06,18.813714085360033,18.882991004277923,17.903213391751056,17.972490310668945
2021-05-07,17.952696199802283,20.040910158654743,17.665691554419144,19.872665405273438
2021-05-10,19.803386923552633,20.060702519447904,19.140304934652516,19.44710350036621
2021-05-11,18.625673493179676,19.51638015155126,18.18032110782102,19.437206268310547
2021-05-12,19.44710464376008,19.595555449597835,18.932473421711762,19.05123519897461
2021-05-13,18.774124558237958,19.20958186615012,17.982385714447023,18.49701690673828
2021-05-14,18.803815706269084,19.60545153151945,18.774124791387838,19.457000732421875
2021-05-17,19.46689832834674,20.169566347514976,19.34813655266743,20.139877319335938
2021-05-18,20.22894728531701,20.327915112734235,19.76379906275232,19.813283920288086
2021-05-19,19.288756232525166,19.367930118882693,18.8236098861315,19.100717544555664
2021-05-20,19.10071755999405,19.546071850899057,18.87309287248898,19.46689796447754
2021-05-21,19.724212183484568,19.823180006481845,19.21947798508726,19.26896095275879
2021-05-24,19.338241726228084,19.367930754802988,19.021544282745296,19.05123519897461
2021-05-25,19.031440390088143,19.318446904300874,18.92257747750256,19.090822219848633
2021-05-26,19.249169991216135,19.70441936013594,19.160099134226723,19.457000732421875
2021-05-27,19.625246047578177,20.624817559236146,19.417415300306455,20.35760498046875
2021-05-28,20.585227464415425,20.654506260398943,19.605450001641508,19.763797760009766
2021-06-01,19.941942874244177,21.278003965913854,19.93204590169498,20.921720504760742
2021-06-02,20.931615067224083,21.060273807895264,20.525848677699805,20.901926040649414
2021-06-03,20.27843023643992,21.050377024395058,20.268533264941922,20.763370513916016
2021-06-04,21.05037884090719,21.248312624984656,20.59512755098553,21.198829650878906
2021-06-07,21.16913928950301,21.62439059137481,21.060276366081865,21.367074966430664
2021-06-08,21.40665968636071,21.545215406968477,21.00089327186494,21.317590713500977
2021-06-09,21.327486626286163,21.475939324678986,21.080067979170757,21.129552841186523
2021-06-10,21.28789829208951,21.614490794995167,20.95140881786498,21.406658172607422
2021-06-11,21.565009548413535,21.723357326853883,21.169138214658254,21.179035186767578
2021-06-14,20.862337757525957,20.941511639640403,18.70484711033951,19.06113052368164
2021-06-15,19.120511317301037,20.11018583175889,18.972060517663227,19.97163200378418
2021-06-16,19.73410913699603,20.32791418679727,19.73410913699603,20.070598602294922
2021-06-17,19.486691892246153,19.79349046592477,18.59598519881041,19.100717544555664
2021-06-18,18.576190325441274,19.031439677295094,18.398048618140475,18.625673294067383
2021-06-21,18.665261071702272,19.318446069610978,18.219906806012588,19.278858184814453
2021-06-22,19.199684929198746,19.674728236328217,18.892886362634417,19.59555435180664
2021-06-23,19.694519587373975,20.11018289832034,19.358030150529107,19.496585845947266
2021-06-24,19.605451551633227,19.941941036681918,19.44710378074612,19.82318115234375
2021-06-25,20.021116697745565,20.288329292686317,19.635144207934143,19.744009017944336
2021-06-28,19.793491115817776,19.793491115817776,19.021544282745296,19.05123519897461
2021-06-29,19.05123426088544,19.21947900259164,18.863195576001026,18.94236946105957
2021-06-30,18.962162539657882,19.189787212865866,18.71474392417419,18.981956481933594
2021-07-01,19.308552252604148,19.536176964405584,18.50691633106391,19.179893493652344
2021-07-02,19.179891379830075,19.447103953445417,18.427740405264018,18.952266693115234
2021-07-06,19.011649481802532,19.03144342821588,18.299084399813623,18.5465030670166
2021-07-07,18.67515851471726,19.031440048615988,18.16052732528608,18.566293716430664
2021-07-08,18.021973394801925,18.200115123194443,17.645897880815642,17.903213500976562
2021-07-09,17.982385948056784,18.398049318360496,17.804244233976004,18.14073371887207
2021-07-12,18.04176771302982,18.091252576193202,17.73496911203492,17.843833923339844
2021-07-13,17.705276699726877,17.863624473175356,17.47765201135148,17.566722869873047
2021-07-14,17.665692170474543,18.031870719180123,17.21044086817968,17.32920265197754
2021-07-15,17.210439421740418,17.60631074269288,16.834363932020807,17.200542449951172
2021-07-16,17.329198352443616,17.398475255948078,16.438491801742977,16.656219482421875
2021-07-19,16.082211881958198,16.280147552490234,15.83479323762038,16.280147552490234
2021-07-20,16.200973490650505,16.685913801910864,15.983243877834616,16.56715202331543
2021-07-21,16.784878684965694,17.299509880180835,16.72549874325758,17.111473083496094
2021-07-22,17.180749473059024,17.22033547043966,16.834363029620718,17.091678619384766
2021-07-23,17.16095828549139,17.2698230991598,16.86405665068333,16.903642654418945
2021-07-26,16.99271146753789,17.4479608375462,16.90364061033551,17.19064712524414
2021-07-27,17.071884456989963,17.111472341514983,16.68591202114215,16.86405372619629
2021-07-28,16.923434906064074,17.923006411753274,16.864054962577356,17.497446060180664
2021-07-29,17.734967713980218,18.210011036973725,17.47765210877848,17.863624572753906
2021-07-30,17.695377183445,17.784448029158735,17.418269563583685,17.61620330810547
2021-08-02,17.942799698849836,18.22980623942654,17.180751690132908,17.250028610229492
2021-08-03,17.230233993918187,17.309407883466257,16.864055462628773,17.151060104370117
2021-08-04,17.071885812571747,17.170853644088545,16.67601637415893,16.695810317993164
2021-08-05,16.685914512011507,17.180751816518093,16.626532676359467,16.814571380615234
2021-08-06,16.933334120930564,17.151061867658587,16.685915454699106,17.071887969970703
2021-08-09,16.943228739439935,17.071885597432377,16.73539610710832,16.83436393737793
2021-08-10,16.92343424954733,17.546928351106363,16.814569450999606,17.39847755432129
2021-08-11,17.40837394401998,17.45785691207656,16.982813623178178,17.23023223876953
2021-08-12,17.111472401642803,17.339097075498838,16.873948868966504,17.01250457763672
2021-08-13,16.972918976560745,17.12136978871578,16.557255569933954,16.586946487426758
2021-08-16,16.260353847538045,16.398907686359692,15.933761307705247,16.290042877197266
2021-08-17,16.151486603854615,16.280145338500052,15.775410202345723,15.904067993164062
2021-08-18,15.814998780341787,16.18117919265879,15.725928864082531,15.894172668457031
2021-08-19,15.626961404578323,15.7457222395825,15.181608037355854,15.468613624572754
2021-08-20,15.438924542962317,16.09210964510282,15.211298888194621,15.943658828735352
2021-08-23,16.270250556779263,16.85415870758841,16.270250556779263,16.646326065063477
2021-08-24,16.834363211571603,17.1213678305596,16.70570447147187,16.953123092651367
2021-08-25,17.002607606470686,17.250026222658782,16.844259843122643,17.01250457763672
2021-08-26,16.972916270778065,17.240128822651418,16.814568511368858,16.923433303833008
2021-08-27,16.982812305389217,17.923003726743477,16.982812305389217,17.61620330810547
2021-08-30,17.824038261759586,17.942798146607025,17.54692871769167,17.705276489257812
2021-08-31,17.87352221452887,18.437636417684175,17.76465929537985,18.328773498535156
2021-09-01,18.457431542765008,19.051236700573536,18.37825764756751,18.96216583251953
2021-09-02,19.288756598213528,20.525849775787414,19.259065682396177,20.50605583190918
2021-09-03,20.951411555006203,22.14891692622042,20.69409593006206,21.367074966430664
2021-09-07,21.51552418420588,22.82189426958487,21.3967642969829,22.623960494995117
2021-09-08,22.881275837598395,22.881275837598395,21.44624702197462,22.614063262939453
2021-09-09,22.46561313030496,22.930759491117843,21.78273715951865,22.713031768798828
2021-09-10,22.881274692724734,24.82103575766399,22.485403392598613,24.17774772644043
2021-09-13,25.37525573394711,26.295653399245488,24.039196555447617,24.207439422607422
2021-09-14,24.464753324229648,24.741862867905752,23.405801895507977,24.068883895874023
2021-09-15,24.6231021426593,25.078353420368394,23.9897110303556,24.474651336669922
2021-09-16,24.22723182701602,24.266819713939867,23.623531652662138,23.781879425048828
2021-09-17,23.613634189963463,24.08867749724658,21.990566725264692,22.22808837890625
2021-09-20,21.25820866022303,21.475938267060997,20.416984923927206,21.089963912963867
2021-09-21,21.466041087208172,21.782736634827216,20.773268161050737,20.86233901977539
2021-09-22,21.248311590179288,21.82232274506185,20.793062210083008,20.793062210083008
2021-09-23,21.089963411908094,21.179034269379407,20.337810553069396,21.070171356201172
2021-09-24,20.644611983897857,20.773268846492915,19.70442039418335,19.862768173217773
2021-09-27,20.06070363464013,20.862339493718924,19.773697108306276,20.73368263244629
2021-09-28,21.010789138403066,21.525420330373155,20.426881033601287,20.763370513916016
2021-09-29,20.822751538219233,20.931614445181655,20.129978661365637,20.36750030517578
2021-09-30,20.515952167122858,21.91139307710547,20.238844512045322,21.505626678466797
2021-10-01,21.624390612596304,21.960880131110827,20.951411575567256,21.88170623779297
2021-10-04,22.346851628707615,22.99013971918997,21.456144896681707,21.6243896484375
2021-10-05,21.772839979694286,22.21819427979524,21.426453511577364,21.7530460357666
2021-10-06,21.179036408772376,21.644184686477,20.743579049108856,21.44624900817871
2021-10-07,21.713459684472078,22.386438665896577,21.426453165124542,22.178606033325195
2021-10-08,22.307265031441062,22.55468366637193,21.050377912955206,21.089963912963867
2021-10-11,21.376970397076548,21.614492059664087,20.941513071838873,21.307693481445312
2021-10-12,21.406657743821036,24.286612159680296,21.24830998119943,24.23712730407715
2021-10-13,24.049089691055528,25.612775331798954,23.682911181678428,25.375253677368164
2021-10-14,25.434636032910163,25.563292890518134,24.6033092813767,25.02886962890625
2021-10-15,25.236702196473395,25.296082143686547,24.425169329827206,24.73196792602539
2021-10-18,25.83050536809032,26.859765888049598,25.592983709638183,26.196683883666992
2021-10-19,26.741006074269862,27.136875506083665,25.969059266492177,26.345136642456055
2021-10-20,26.097716852700504,26.642037061316195,25.5434977851179,26.592554092407227
2021-10-21,26.4243122586609,26.592557014152543,25.65236540034846,25.751333236694336
2021-10-22,25.711743025419565,26.038335534512726,24.929901152958973,25.662260055541992
2021-10-25,25.919575112784376,26.750901825490594,25.899781170183214,26.22637367248535
2021-10-26,26.19668552505307,26.800387624561935,25.691951261347135,26.552968978881836
2021-10-27,25.216904830805678,26.810281318174763,24.741861542231845,25.18721580505371
2021-10-28,24.870520769013897,25.335669018569284,24.642896074104126,25.20701026916504
2021-10-29,24.37568193904056,24.900210100037132,23.16827973678846,24.049089431762695
2021-11-01,24.326199666538955,25.08824950124299,24.22723183684354,24.880416870117188
2021-11-02,24.741863145641705,24.821037032201584,24.157955024392212,24.811140060424805
2021-11-03,25.355461592044026,27.31501665453091,25.226802849594932,26.909250259399414
2021-11-04,27.225946675052885,27.36450050585608,26.4441028865963,26.86966323852539
2021-11-05,26.929042870580826,27.01811372868244,26.137304007071307,26.711315155029297
2021-11-08,27.156669218217115,28.19582670383168,26.731108874772605,27.799957275390625
2021-11-09,27.74057731399753,27.839543255299116,26.72121188476394,27.43377685546875
2021-11-10,27.12697949158699,27.700990659886273,25.879989321629015,26.08782196044922
2021-11-11,26.325343745295267,27.7801646729056,26.176892938421464,27.265533447265625
2021-11-12,26.998321377021142,27.68119543144563,26.67172886344507,27.28532600402832
2021-11-15,27.364499975500884,27.67129854675658,26.52327625981172,26.849868774414062
2021-11-16,26.86966280730658,26.99832155183422,25.87009131682173,26.048233032226562
2021-11-17,25.939368440546087,26.67172925149111,25.61277592221843,25.909679412841797
2021-11-18,25.92947375977743,26.473794002906274,25.69195020852204,26.36492919921875
2021-11-19,25.721640663414572,25.889885408073827,24.92000482716957,25.02886962890625
2021-11-22,25.187216367909226,25.266390251107488,24.375681705559206,24.405372619628906
2021-11-23,24.93979742839385,25.90967795709752,24.8903125722431,25.197111129760742
2021-11-24,24.98928234797944,25.17732104072529,24.66268982250212,24.979385375976562
2021-11-26,23.801670856216194,24.05898645150528,23.158382811820623,23.831361770629883
2021-11-29,24.409858530726417,24.91591679270194,24.102255157112072,24.78692054748535
2021-11-30,24.44954772302511,24.68769244716556,22.62376961200897,23.00083351135254
2021-12-01,23.51681396301034,23.67557710750713,22.226861048216445,22.236783981323242
2021-12-02,22.226861474581774,23.020679104899056,21.998639686565536,22.94129753112793
2021-12-03,22.941294851006,23.44735114179804,21.492578933171973,21.780338287353516
2021-12-06,21.571963116942943,22.048252561758286,20.778147375584037,21.939104080200195
2021-12-07,22.782532768199765,23.4175872587022,22.643615485561433,23.209209442138672
2021-12-08,23.407663675584963,23.655731326328674,22.951218214061427,23.07029151916504
2021-12-09,22.971062901209947,23.14967190339413,22.17724721662012,22.41539192199707
2021-12-10,22.584076864464993,22.61384566087867,21.750569490939835,21.780338287353516
2021-12-13,21.82995336968931,22.107789821187147,21.13536318724771,21.254436492919922
2021-12-14,20.897216368224175,21.393351622216432,20.807911871097108,21.006366729736328
2021-12-15,20.847606184206075,22.10779033978843,20.440775376908785,21.97879409790039
2021-12-16,22.435237558377096,22.782530733963355,21.462810988917987,21.56203842163086
2021-12-17,20.936909901926615,21.750571485801245,20.847605397100768,20.986522674560547
2021-12-20,20.381239046753752,20.668996536800584,19.86525788016622,20.609460830688477
2021-12-21,20.98652390764177,22.1276347787228,20.867452489281806,22.078022003173828
2021-12-22,22.02840704824987,22.177247252777395,21.700957841246968,22.018484115600586
2021-12-23,22.197094210169304,22.31616562260726,21.968870533218926,22.04825210571289
2021-12-27,22.19709323595859,22.861914586144366,22.02840716523665,22.851991653442383
2021-12-28,22.822223772539576,23.030599689837985,21.939103545236083,22.02840805053711
2021-12-29,22.028408216221194,22.375701414330667,21.641421392804094,21.859722137451172
2021-12-30,21.829955138808614,22.058176942852505,21.542195730800643,21.631500244140625
2021-12-31,21.61165345887419,21.82002936783762,21.41319859000873,21.641420364379883
2022-01-03,22.435238338887274,23.229054042994957,22.246706399434476,22.53446388244629
2022-01-04,22.732918337351727,23.75495769365375,22.61384693022494,23.457275390625
2022-01-05,24.767072871705846,26.33486221155016,23.92364438927084,23.99310302734375
2022-01-06,24.439622483516604,24.608308550441492,22.455081410332426,22.54438591003418
2022-01-07,22.93137241718073,23.62596064847499,22.266551090341213,23.487043380737305
2022-01-10,23.16951895798372,23.21913173109007,22.484851712001404,23.07029151916504
2022-01-11,23.169518262287472,23.516813341421855,22.524542768241286,23.32828140258789
2022-01-12,23.81449626554901,24.449548893663028,23.358052662243594,23.655733108520508
2022-01-13,23.834341069526666,24.151867369411466,22.71307419387668,22.812301635742188
2022-01-14,22.52454401258129,22.87183721829553,21.839876749333463,22.375701904296875
2022-01-18,22.326089444752075,22.345935311817307,21.36358760336094,21.41320037841797
2022-01-19,21.829951387958914,22.23678214878059,21.145284200861482,21.651342391967773
2022-01-20,21.998639349100657,22.405470145012544,21.20482362356672,21.234590530395508
2022-01-21,20.6789194983762,21.05598149441305,19.825566174969147,20.004175186157227
2022-01-24,18.773758481118858,19.9843278449502,18.386773580510038,19.895023345947266
2022-01-25,19.468350301334155,20.073634089583194,18.932523260720313,19.855335235595703
2022-01-26,20.35147000043601,20.510233143212407,19.0317501932285,19.130977630615234
2022-01-27,19.31950748055041,19.68664842731339,18.14862978780069,18.277624130249023
2022-01-28,18.2577792193408,18.922600617358494,17.8906401459823,18.892833709716797
2022-01-31,18.892832662438018,19.32943035290011,18.436387213638287,19.279817581176758
2022-02-01,19.5278861114362,20.37131651726057,19.071440641917007,20.08355712890625
2022-02-02,20.470544016507294,20.728534629504964,19.527887972876083,19.666805267333984
2022-02-03,19.339352788687663,19.44850315480066,18.912676149452345,18.972213745117188
2022-02-04,18.902755750190707,19.756109143027842,18.892834708856157,19.736263275146484
2022-02-07,19.567576474212025,20.053788864047554,19.488194898169613,19.785877227783203
2022-02-08,19.656878618000825,19.77595191403622,19.200435083844457,19.686647415161133
2022-02-09,21.03613818025133,22.603925704956055,20.956756605301955,22.603925704956055
2022-02-10,22.11771157234355,23.625961377081826,21.978792407715872,22.22686004638672
2022-02-11,21.67119118733282,22.425317109834854,21.601732544521827,22.078022003173828
2022-02-14,21.96886919240836,22.29631839553673,21.472733921449862,21.56203842163086
2022-02-15,21.601731266814138,22.00856205859176,21.413199324188472,21.80018424987793
2022-02-16,21.770417215163377,22.087943500280552,21.294125894881663,21.36358642578125
2022-02-17,21.214744916966442,21.433045663544707,20.76822427575872,20.87737464904785
2022-02-18,20.68884271407817,21.006369008257767,20.03394425918125,20.063711166381836
2022-02-22,19.994252840152527,20.7880704806759,19.904948331936072,20.540002822875977
2022-02-23,20.827758545413264,21.115517912369683,20.351469137284578,20.371315002441406
2022-02-24,20.143090909395127,22.603923250867425,20.06370934306414,22.087942123413086
2022-02-25,22.048251984079197,22.64361472080248,21.58188548482571,22.633691787719727
2022-02-28,23.3084357477795,24.538851042542753,23.19928537810822,24.390010833740234
2022-03-01,24.80676491683102,24.89606942194009,23.854186052475573,24.261016845703125
2022-03-02,24.60830910532726,25.034985748499807,24.191555394857087,24.876222610473633
2022-03-03,25.31282560021112,25.451742891567893,23.99310565450334,24.360244750976562
2022-03-04,23.03059989419524,23.57634986394476,22.117712752095073,23.298513412475586
2022-03-07,24.35032111007168,25.04490938531229,23.645808009243776,23.8045711517334
2022-03-08,24.21140226253436,26.076872050475032,23.675577122666105,25.094524383544922
2022-03-09,24.509083311747297,27.426357362465097,24.21140101155173,26.840917587280273
2022-03-10,26.830997785028913,27.96218565717973,26.39439819349812,27.307287216186523
2022-03-11,27.128677249323065,27.743883936380627,26.60277317142698,26.900455474853516
2022-03-14,26.334861926339713,26.37455176512041,25.034986112516712,25.560890197753906
2022-03-15,24.8067626953125,25.163980683758854,23.824415119690823,24.8067626953125
2022-03-16,25.213596385276986,25.62042718939944,23.397741220440714,24.60831069946289
2022-03-17,24.945680422246973,26.98975906883067,24.905990585355255,26.910377502441406
2022-03-18,26.930221779104887,27.416434115312818,26.275323375836585,27.17828941345215
2022-03-21,27.545433307327585,29.807811057213673,27.456128797950104,29.04376220703125
2022-03-22,29.1231434139185,29.27198363012675,28.339248706559125,28.964380264282227
2022-03-23,29.391055264166262,30.254329604554584,28.756000809195967,28.81553840637207
2022-03-24,28.884998764055943,29.16283333033388,28.289636005079455,28.775848388671875
2022-03-25,28.884997647452924,29.242213774945135,28.190407473396682,28.537702560424805
2022-03-28,28.111026562851222,28.259866777192123,27.327133757932618,27.862958908081055
2022-03-29,26.99968286479635,27.71411892783701,25.95779946300342,27.297365188598633
2022-03-30,27.68434889826276,28.904841261615978,27.624813193188583,27.85303497314453
2022-03-31,28.47816653132989,29.768117534098447,28.37893909436171,28.87507438659668
2022-04-01,29.26205801160495,30.165024052032123,28.517855106245904,28.805614471435547
2022-04-04,29.152910644004077,29.3215967289339,27.932418207950313,28.210254669189453
2022-04-05,28.775847232278316,29.976493742829412,28.051490152725705,28.120948791503906
2022-04-06,28.09117952385028,28.329324235377875,27.29736381875828,28.02172088623047
2022-04-07,28.279711896206315,30.73061957920605,28.24994309708269,30.353557586669922
2022-04-08,30.313864538204335,30.542088203030193,29.599430423713397,30.075719833374023
2022-04-11,30.621471280443664,31.177142285766536,29.649044655371178,30.393247604370117
2022-04-12,31.028301659879265,31.673277161872146,30.44286186308109,30.71077537536621
2022-04-13,31.425208671657757,32.238872119630535,31.127528261071884,31.345827102661133
2022-04-14,31.33590614907388,31.564127937777474,30.80008099765649,31.157297134399414
2022-04-18,31.167220198405488,31.37559801393473,30.11541386520869,30.363481521606445
2022-04-19,30.43293837537295,30.492474079482427,29.678812517097924,29.98641586303711
2022-04-20,29.996340178540358,31.5244378311017,29.123142871795302,31.306137084960938
2022-04-21,31.286293327670027,31.325983168312025,27.763731491361796,28.07133674621582
2022-04-22,28.031643388510073,28.82545908140782,26.979837122269082,27.525585174560547
2022-04-25,26.434086540058804,27.108830809057086,25.719652433675485,26.781381607055664
2022-04-26,27.039374049581802,27.307287567784744,26.00741170951386,26.156253814697266
2022-04-27,26.444011655590888,26.682156377378238,25.808959064157957,26.027257919311523
2022-04-28,25.987568810699518,26.364630824332863,25.015142136917824,26.18602180480957
2022-04-29,26.27532554092689,26.940146931463158,25.441818069430497,25.610504150390625
2022-05-02,25.124290129787703,25.471585202282483,24.479314648072187,25.253286361694336
2022-05-03,25.27313171843382,26.066949340837525,25.27313171843382,25.550968170166016
2022-05-04,25.739500163968895,26.453934322126045,24.836534059904142,26.176097869873047
2022-05-05,26.265403184159457,27.39659300179524,23.89387695796342,24.29078483581543
2022-05-06,24.280862802744476,24.310631604414617,22.782533852257615,23.655733108520508
2022-05-09,22.980987187317574,22.980987187317574,20.559846367815723,20.857528686523438
2022-05-10,21.53227149099398,22.127632301350353,20.817835490396963,21.353662490844727
2022-05-11,21.621578348133767,22.207016289791298,20.559847164014215,20.619384765625
2022-05-12,20.172862293206066,21.26436038967127,19.865258920806095,20.43085289001465
2022-05-13,20.996445784790755,22.65353776566762,20.996445784790755,21.839876174926758
2022-05-16,21.99863989840455,22.92145188525901,21.71088050783444,22.375701904296875
2022-05-17,23.020678326266104,23.546580524984876,22.474928369018354,23.3878173828125
2022-05-18,23.33820454501422,23.75495826519683,22.336011029989233,22.76268768310547
2022-05-19,22.42531537577777,23.49696752118137,22.385623644322934,22.931373596191406
2022-05-20,23.41758662141498,23.625962539701725,22.683306601928486,23.278667449951172
2022-05-23,23.526734371100268,23.93356704711914,23.11990358768732,23.93356704711914
2022-05-24,23.695420473801722,23.834339641130395,23.070290844943408,23.536657333374023
2022-05-25,23.457275543676342,24.04271532825288,23.288589471974525,23.893875122070312
2022-05-26,23.874031992991704,24.677772605192896,23.764883505337043,24.489240646362305
2022-05-27,24.65792549150932,25.193750646630388,24.49916234239152,25.044910430908203
2022-05-31,25.45174051170633,25.77918973400502,24.01294927725705,24.280860900878906
2022-06-01,24.399934289750796,24.796842152601577,23.735112909748494,24.092330932617188
2022-06-02,24.10225456785324,25.99749132420344,24.09233163441717,25.27313232421875
2022-06-03,25.08459911883809,25.154057751568036,24.538849203977733,24.8067626953125
2022-06-06,25.09452479961636,25.1143687735657,24.48923911792032,24.776996612548828
2022-06-07,24.439623445004045,27.674425748668405,24.419779471871962,26.791305541992188
2022-06-08,27.2477495885528,28.06141306499669,26.553161308679286,27.098909378051758
2022-06-09,26.69207696924451,26.781381468656654,25.918107164480382,25.947874069213867
2022-06-10,25.302899506039303,25.699807355063832,24.95560442841562,25.33266830444336
2022-06-13,24.052638902616515,24.132020474205113,22.802377730641638,23.01075553894043
2022-06-14,23.02067799169352,23.10005956162601,21.859721348552135,22.09786605834961
2022-06-15,22.594000545567997,22.812299382020644,21.571961212755017,22.336009979248047
2022-06-16,21.67119049296108,21.958947988615947,20.718609713572874,21.1055965423584
2022-06-17,21.036135056900942,21.39335114483229,20.391157727018786,20.510231018066406
2022-06-21,21.284204711025737,22.17724785504931,21.065903972024778,21.74064826965332
2022-06-22,20.837681661896795,21.2048226001149,20.311777586234612,21.01629066467285
2022-06-23,21.02621440675246,21.254436189038085,20.26216559551176,20.986522674560547
2022-06-24,21.323896264891662,22.951219542314355,21.23459175404714,22.32608985900879
2022-06-27,22.65353739489219,23.328281695957305,22.4650054536873,22.78253173828125
2022-06-28,23.199284673953787,23.3183579729452,22.13755548608769,22.41539192199707
2022-06-29,22.564233045479394,22.73291912190222,21.512426747399054,21.591808319091797
2022-06-30,21.15520911262516,21.204823778712775,20.182784368579807,20.857528686523438
2022-07-01,20.688840671200406,21.929178818243525,20.540000472076393,21.651342391967773
2022-07-05,21.006368899574298,21.08575047270849,20.391160288329814,20.857528686523438
2022-07-06,21.184976314336375,21.532271380329924,20.192705778701,20.728530883789062
2022-07-07,21.39335296916857,22.316164902512483,21.363586063322586,22.09786605834961
2022-07-08,22.08794312553231,22.465005109560163,21.72080218171584,22.09786605834961
2022-07-11,21.7406476181677,22.078019756872195,21.313970978476373,21.601730346679688
2022-07-12,21.20482435207909,21.591809294996377,20.827760450041588,21.184978485107422
2022-07-13,20.708686733475552,21.700957260582836,20.708686733475552,21.294124603271484
2022-07-14,20.877374032719015,22.127633305276063,20.55984585548868,21.968870162963867
2022-07-15,22.62376686910848,22.77260895968095,21.6215753195835,22.216936111450195
2022-07-18,22.663460752526603,23.000832909380797,22.336011528827648,22.46500587463379
2022-07-19,22.703149726973226,23.596194750837142,22.574155386085053,23.496967315673828
2022-07-20,23.526734063421575,23.883952070568498,23.29851228890255,23.665653228759766
2022-07-21,23.238977060200778,23.42750900033771,22.61384742752327,23.159595489501953
2022-07-22,23.278665953945545,23.53665652139171,22.177246941801588,22.35585594177246
2022-07-25,22.603924622651615,22.792454671250557,21.919257388617194,22.78253173828125
2022-07-26,22.84207009076252,23.28859073349786,22.465006195895157,22.94129753112793
2022-07-27,23.715265383280265,25.273129818790874,23.625960883814805,24.945680618286133
2022-07-28,25.312823439798663,25.55096815863046,24.439624244809416,25.342592239379883
2022-07-29,25.402126158132333,25.679960697579084,24.955603658870263,25.570812225341797
2022-08-01,25.203671598085293,25.421972330410274,24.469391618005524,24.628154754638672
2022-08-02,24.39993551979768,25.332670463972434,24.380089652503177,24.975452423095703
2022-08-03,25.43189457447231,25.481509239897807,24.12209768893464,24.469392776489258
2022-08-04,24.44954801073015,24.82661191451074,24.191557416723974,24.707538604736328
2022-08-05,24.211400755170718,25.689883630074448,24.13201918781367,25.570812225341797
2022-08-08,25.937953751490106,26.39439922701009,25.521200009757095,25.68988609313965
2022-08-09,25.650195460008675,25.83872740446379,24.5785432847262,24.90599250793457
2022-08-10,25.560890800244042,25.560890800244042,24.519005538058263,25.28305435180664
2022-08-11,25.33266836731478,25.92802919602621,25.12429056318105,25.144136428833008
2022-08-12,25.074678339288866,25.31282305449571,24.618232882354615,25.263208389282227
2022-08-15,24.469392642957715,24.96552793886944,24.211402061970904,24.84645652770996
2022-08-16,25.025064054998165,25.46166365249279,24.528928750947088,25.342592239379883
2022-08-17,25.243362712852388,25.868492311522544,24.211400457300975,24.300704956054688
2022-08-18,24.558695618677824,24.588464415917354,23.93356601749441,24.3205509185791
2022-08-19,23.84426282008006,23.874029726338776,22.236783640901407,22.365779876708984
2022-08-22,22.07802094460938,22.584079179890672,21.80018449408064,22.46500587463379
2022-08-23,22.842068258278967,23.526733567401052,22.76268669087615,23.358049392700195
2022-08-24,24.66784803808211,27.1187557701851,24.509084891453913,26.80122947692871
2022-08-25,26.950066992862965,27.73396160690928,26.324937402159925,27.039371490478516
2022-08-26,27.039373513952906,27.108832152272715,26.106638631615326,26.453933715820312
2022-08-29,26.305095318982264,29.301753154476906,26.186022007509663,28.914766311645508
2022-08-30,29.013990563118277,29.718503635545012,27.81334410986665,29.450590133666992
2022-08-31,28.676618792001353,29.68873521695109,28.38886131389166,28.924686431884766
2022-09-01,28.4285521602835,28.636929969330364,27.67442628118155,28.32932472229004
2022-09-02,28.79569341874293,29.25213698870963,28.03164459847068,28.597238540649414
2022-09-06,29.381131527653658,30.512319346575758,28.10110161246844,28.448396682739258
2022-09-07,28.289634182793627,29.46051375841673,27.902649266059385,29.19260025024414
2022-09-08,29.113219396359987,30.452785077563,29.05368369061491,29.956649780273438
2022-09-09,30.522243799518098,31.048147897415895,29.629200640485166,29.97649383544922
2022-09-12,30.274176538410142,30.403170884964346,29.440669074596226,30.055877685546875
2022-09-13,28.964380125091427,30.17494960840202,28.82546095037275,29.549819946289062
2022-09-14,29.54982024940852,30.621472461599375,29.4009781397827,30.234485626220703
2022-09-15,29.778039494471706,30.16502440414172,28.32932350430718,28.676618576049805
2022-09-16,28.051489290265092,28.21025242904998,27.138600295949022,27.733963012695312
2022-09-19,26.989762567608334,28.30948246278838,26.940147899304677,28.08125877380371
2022-09-20,27.773652095732384,28.785768497414093,27.346975462125044,28.180482864379883
2022-09-21,28.29955846631935,28.3789400400179,27.148524701387405,27.237829208374023
2022-09-22,27.43628206344149,27.664503850143767,26.543238890506398,26.80122947692871
2022-09-23,26.136407756547957,26.146330689661106,24.469392845658323,25.094524383544922
2022-09-26,24.866302774179626,25.749424968600213,24.776998261343767,24.925840377807617
2022-09-27,25.630348114325155,26.573005889583836,25.412049275655274,26.215787887573242
2022-09-28,26.40432012161167,27.34697601499135,26.007410384814026,27.088985443115234
2022-09-29,27.059218772644876,27.088985678339053,26.40432035089028,26.731769561767578
2022-09-30,26.444011043266542,27.376745934790225,26.027257316637318,26.30509376525879
2022-10-03,27.049297531733075,27.872882076822485,26.96991595724034,27.297365188598633
2022-10-04,28.13087094305752,28.210252512685308,27.386668018069788,27.753807067871094
2022-10-05,27.386667374159217,27.823266943149758,26.7714588045541,27.61488914489746
2022-10-06,27.307285831987116,27.65458090099581,26.59284982885932,26.612695693969727
2022-10-07,26.50354668132489,27.208059787858907,26.285247831785064,26.49362564086914
2022-10-10,26.622620601097292,26.811152548417667,25.173906407493376,25.193750381469727
2022-10-11,25.312824711293853,26.17609912384674,24.806766448629087,25.62042808532715
2022-10-12,22.256628370334003,22.534462908460142,21.254434904336225,22.12763214111328
2022-10-13,21.631499098287144,22.544388158711715,21.41320023980089,22.207015991210938
2022-10-14,22.286397318691478,22.42531649309901,20.85752898203188,21.125442504882812
2022-10-17,21.700958073357917,22.871835749408984,21.64142047682539,22.47492790222168
2022-10-18,22.842071716768935,23.298515325293224,22.405472083645506,23.090139389038086
2022-10-19,23.229052481368605,23.229052481368605,22.52454132791116,22.613845825195312
2022-10-20,22.59400279829107,23.52673583190026,22.474929489422856,23.020679473876953
2022-10-21,22.971063771385516,23.695420847589112,22.77261078902333,23.616039276123047
2022-10-24,23.526734159874515,23.76488076068606,23.020677837816216,23.68549919128418
2022-10-25,23.69542331110235,24.479318066858188,23.596197755908168,24.360244750976562
2022-10-26,24.390012663369085,25.034988211633777,24.310631086545833,24.78692054748535
2022-10-27,25.481509650300396,25.73950023685025,23.705344344186145,23.7351131439209
2022-10-28,23.82441722483106,24.24117095064116,22.971063907075628,24.05263900756836
2022-10-31,23.76488100376902,24.012948647263034,22.871835973105828,23.536657333374023
2022-11-01,24.16178940379982,24.360242387540378,23.397740590253463,23.44735336303711
2022-11-02,23.487045417463843,23.933567949064408,22.851992832615036,22.9016056060791
2022-11-03,22.663460086689025,23.58627202434883,22.643614220961606,22.931373596191406
2022-11-04,23.556502702591622,23.804570340857254,22.167324306825268,22.623767852783203
2022-11-07,23.08021619114065,23.824419199439056,22.792456786147664,23.655733108520508
2022-11-08,23.735112827916417,24.519005617768318,23.496968111027005,24.280860900878906
2022-11-09,23.993103312266147,24.2213250951033,23.139749994137354,23.238977432250977
2022-11-10,24.280860858946248,24.41978002967964,23.348127859225023,23.864107131958008
2022-11-11,24.14194254400784,24.856376662759843,24.032792177249075,24.2510929107666
2022-11-14,24.132019865921762,24.290783005097097,23.725189085209227,24.102252960205078
2022-11-15,24.469392243611058,24.94568166568772,24.141943029357613,24.558696746826172
2022-11-16,24.35032111007168,24.548774091880734,23.735112513469932,23.8045711517334
2022-11-17,23.457275487677542,23.586271720638813,23.139749210551184,23.477121353149414
2022-11-18,23.328283860573453,23.6755789763006,23.040524455580464,23.655733108520508
2022-11-21,23.139750325397404,23.298513471609606,22.39554736780046,22.9016056060791
2022-11-22,23.2489006764099,23.804571687633103,23.04052286432245,23.715267181396484
2022-11-23,23.774802383222937,24.102253494208636,23.586272334153893,24.012948989868164
2022-11-25,24.19155610594316,24.19155610594316,23.78472531621698,24.012948989868164
2022-11-28,23.675578299956143,23.675578299956143,22.89168357849121,22.89168357849121
2022-11-29,23.050064856383898,23.408666309962737,22.850843304345606,23.219404220581055
2022-11-30,23.558081658068957,24.30516671212993,23.299091944668888,24.28524398803711
2022-12-01,24.434662536025925,24.643845439341426,23.617847947064156,23.677616119384766
2022-12-02,23.43854912990896,23.91668310886057,23.269209774871655,23.677616119384766
2022-12-05,23.697540406928457,23.817072959584706,22.552008394369444,22.561969757080078
2022-12-06,22.512163335161876,22.581890969528928,21.565854840346244,21.695350646972656
2022-12-07,21.565855945548815,21.854729759799927,21.247099943572167,21.44632339477539
2022-12-08,22.0639120470354,22.223290043497602,21.625621606796557,21.755117416381836
2022-12-09,21.735193911542122,22.063911254936336,21.565854558888404,21.585777282714844
2022-12-12,21.396515864771573,22.183446380716315,21.35667231582791,22.12367820739746
2022-12-13,22.701426786267355,22.791075250203992,21.914496236707386,22.08383560180664
2022-12-14,22.024069075766747,22.332863714522627,21.80492289992946,22.053951263427734
2022-12-15,21.725234720565897,21.874651364323924,21.535974525109054,21.615663528442383
2022-12-16,21.366635858599434,21.785003614849664,21.276985489407544,21.62562370300293
2022-12-19,21.625621211529133,21.75511701874752,21.167409955059266,21.3267879486084
2022-12-20,21.336748504866108,21.775038920540958,21.137525070486046,21.685388565063477
2022-12-21,22.063912382150377,22.10375783183891,21.555894298235298,22.02406883239746
2022-12-22,21.83480790239787,22.113720365179113,21.426401521143447,21.934419631958008
2022-12-23,22.063913660183047,22.4125537654099,21.944381104064867,22.33286476135254
2022-12-27,22.30298007378109,22.970376177325615,22.213329709130655,22.72134780883789
2022-12-28,22.72134818763698,22.81099855378202,22.203370616498162,22.38266944885254
2022-12-29,22.5022029876709,22.781115437649905,22.3428249876645,22.5022029876709
2022-12-30,22.402591288353246,22.631696926133014,22.253174650667994,22.581892013549805
2023-01-03,22.63169725120607,23.169599434521963,22.482280611374655,22.85084342956543
2023-01-04,22.771154779169546,22.900648695702426,22.312941590032935,22.432476043701172
2023-01-05,22.382668860622413,22.870764230175915,22.073874218646864,22.771154403686523
2023-01-06,23.030143246390463,24.47450657421057,23.000259159631966,24.345012664794922
2023-01-09,24.653807210498343,25.31124191745012,24.444624303711674,24.793262481689453
2023-01-10,24.813186299429315,25.25147675668736,24.643846934120685,25.23155403137207
2023-01-11,25.380970444622964,25.49054353294251,24.89287507837279,25.28135871887207
2023-01-12,25.40089325257948,25.58019397952857,24.932720609940144,25.520427703857422
2023-01-13,25.211631354816838,25.470621084609498,24.962602987701082,25.390932083129883
2023-01-17,25.510465313738592,25.56027022480255,25.201668785348225,25.321203231811523
2023-01-18,25.580193894058407,25.580193894058407,24.504391435894068,24.514352798461914
2023-01-19,24.374895147065235,25.281358223768724,24.295206148012255,25.22159194946289
2023-01-20,25.30128264923648,26.725725265501385,25.251477733956396,26.197784423828125
2023-01-23,26.197783414910077,26.76556968688965,26.008523224185883,26.76556968688965
2023-01-24,26.735686332008388,26.885102976127136,25.99856257441163,26.8552188873291
2023-01-25,26.496618038351823,27.35327430978634,26.47669531345121,27.233741760253906
2023-01-26,27.562458756529104,27.632186392822646,26.71576195881694,26.885101318359375
2023-01-27,26.795451169800998,28.060515695236507,26.745646257749613,27.522613525390625
2023-01-30,27.2237798453205,28.130242910610665,27.114206760526443,27.701913833618164
2023-01-31,27.70191485323945,28.0405935823999,27.383158849308593,27.901138305664062
2023-02-01,27.851330527858195,28.90721212922444,27.642147620000248,28.54861068725586
2023-02-02,28.72791109736917,29.245890530177377,28.010710121128582,28.35934829711914
2023-02-03,28.01071059021158,28.558572218744878,27.472808424071456,27.652109146118164
2023-02-06,27.413043184090373,27.592343912900542,27.00463681288307,27.16401481628418
2023-02-07,27.114206979978043,27.75172086947029,26.964790344917652,27.652109146118164
2023-02-08,27.632187234220297,27.8513315120923,27.17397595323275,27.21381950378418
2023-02-09,28.787677151566736,29.42519102553656,27.901136825183382,28.409154891967773
2023-02-10,28.76775632308303,29.534764154845714,28.598416956329395,29.096473693847656
2023-02-13,29.0765510992434,29.14627873426393,28.409155035576735,28.807600021362305
2023-02-14,28.58845771623045,29.235931100060963,28.229856254444336,29.046669006347656
2023-02-15,28.68806814360486,29.61445400593932,28.628301865371075,29.5048828125
2023-02-16,29.086513609201496,29.465035885651268,28.61833906998458,28.638261795043945
2023-02-17,28.35935030340563,28.707990403996348,27.94098256268391,28.67810821533203
2023-02-21,28.279659048349284,28.558571486597728,27.02455592613461,27.034517288208008
2023-02-22,27.054441201180815,27.273585476618518,26.36712238739872,27.02455711364746
2023-02-23,27.353273500790745,27.363234862946438,26.755606970933812,26.984712600708008
2023-02-24,26.775528808656226,27.313430985807585,26.5464231702113,27.183937072753906
2023-02-27,27.243702790316483,27.81148714350733,27.07436343059855,27.652109146118164
2023-02-28,27.741759845605802,27.841371570173244,27.203857672902988,27.233741760253906
2023-03-01,27.273584324787574,27.901136836935496,27.223779414270997,27.801525115966797
2023-03-02,27.542537267531685,27.911100090106707,27.33335434926649,27.721837997436523
2023-03-03,27.97086461590648,28.4689213233834,27.771641172941486,28.199970245361328
2023-03-06,27.99078892140332,28.09040064851293,27.12416936546607,27.16401481628418
2023-03-07,26.89506441156052,27.014598867139167,26.028444833438517,26.247591018676758
2023-03-08,26.118094184700936,26.406967999489137,25.729610544061565,26.04836654663086
2023-03-09,26.108134056375388,26.387046521776764,25.65988411904743,26.197784423828125
2023-03-10,26.038404469390013,26.18782300393701,25.22159176024111,25.35108757019043
2023-03-13,24.902835739396792,26.118093439502545,24.57411838363418,25.271398544311523
2023-03-14,25.59015553679675,25.789377090527957,25.14190371601413,25.390932083129883
2023-03-15,24.51435319550733,24.633885748386238,23.597928723714467,24.25536346435547
2023-03-16,24.08602370772262,24.892875076361968,23.75730634272617,24.514352798461914
2023-03-17,24.345012369550194,24.912796711526703,24.125866202516765,24.843069076538086
2023-03-20,25.04229131789277,25.141903042055993,24.623923596355716,24.77334213256836
2023-03-21,25.102059427465925,25.450697611232602,24.872951892502044,25.301280975341797
2023-03-22,25.30128069923104,25.361046972948017,24.484467992001882,24.504390716552734
2023-03-23,24.65380751450023,25.21163050607867,24.056139073555528,24.29520606994629
2023-03-24,23.876838000035203,24.0760614440646,23.63777100716127,23.94656753540039
2023-03-27,24.554197069015498,24.6438474348201,24.295207334461725,24.524314880371094
2023-03-28,24.564156531235085,25.22159122964299,24.55419516914581,25.21162986755371
2023-03-29,25.61007576890221,26.09817302908464,25.301281132814555,25.779415130615234
2023-03-30,25.958716922882207,26.287434297387662,25.769456728425155,26.138017654418945
2023-03-31,26.157939164703357,26.307355800729436,25.829221805471736,26.068288803100586
2023-04-03,26.536462899722757,26.56634698855063,25.898950870880512,26.088212966918945
2023-04-04,26.0085225051305,26.138016416253034,24.99248634117605,25.301280975341797
2023-04-05,25.25147548236272,25.769454914806243,24.90283540668206,25.0024471282959
2023-04-06,24.902836639102144,25.171787730789006,24.544235183519664,25.151865005493164
2023-04-10,25.002447185083795,25.221591453183535,24.80322374140362,25.16182518005371
2023-04-11,25.3610472228217,25.440738121810284,25.022370401798245,25.22159194946289
2023-04-12,25.480582398006195,25.550310036674045,25.08213739137873,25.23155403137207
2023-04-13,25.410854614677408,26.60618962775491,25.410854614677408,26.287433624267578
2023-04-14,26.167900778967095,26.38704505391894,25.669844054129207,26.098173141479492
2023-04-17,26.237628364053336,26.317317363870817,25.73957164021016,25.93879508972168
2023-04-18,25.998561583018486,26.098173308611095,25.460659404779765,25.888988494873047
2023-04-19,25.560270751214595,25.709687387419265,25.321203753299997,25.46065902709961
2023-04-20,25.161825754690266,25.500504476719847,25.012409118485596,25.46065902709961
2023-04-21,25.361047995099156,25.629999087568727,25.12198099066031,25.390932083129883
2023-04-24,25.28135806136121,25.61007541783502,25.25147587436806,25.430776596069336
2023-04-25,25.40089339916341,26.08821222312276,25.32120439783013,25.99856185913086
2023-04-26,26.02844456293856,27.02455804931094,25.928834734249882,26.138017654418945
2023-04-27,26.416929987446284,26.75560872317783,26.237629256772447,26.506580352783203
2023-04-28,26.8054120216076,27.572419812176825,25.620036517994766,27.38315773010254
2023-05-01,27.36323391323746,28.04059131683055,27.29350628050326,27.632184982299805
2023-05-02,27.393120104226824,27.652109831386337,26.556384647230136,26.81537437438965
2023-05-03,26.81537290505489,27.23374061062899,26.576305916146197,26.715761184692383
2023-05-04,26.616151543800573,26.815375000090544,26.416929987446284,26.506580352783203
2023-05-05,26.79545184608462,27.60230322128175,26.79545184608462,27.4528865814209
2023-05-08,27.672032007544185,27.811487280965057,27.28354647454437,27.363235473632812
2023-05-09,27.38315739631276,28.528687437131424,27.21381804071796,28.409154891967773
2023-05-10,28.63826199558644,28.947056636426435,28.080438989567433,28.50876808166504
2023-05-11,28.110321366893636,28.568534549877914,27.413043079654138,27.61226463317871
2023-05-12,27.622225276083554,27.901137723673035,27.22378027948116,27.60230255126953
2023-05-15,27.77164331378802,27.90113913167844,27.423005111626974,27.462848663330078
2023-05-16,27.223780538006675,27.662070988399254,26.67591889996767,26.944868087768555
2023-05-17,27.193895815447107,27.452885534633864,26.885101184851024,27.173974990844727
2023-05-18,27.0743632680905,27.223779902254048,26.67591827700917,27.173974990844727
2023-05-19,27.333353828708674,27.432965554529353,26.7257240111446,26.81537437438965
2023-05-22,26.785489917036212,28.4988062576892,26.785489917036212,27.841371536254883
2023-05-23,27.53257488382965,28.458960687362847,27.413042334949267,28.209932327270508
2023-05-24,27.950943168634556,28.16012798329851,27.42300425054751,27.74176025390625
2023-05-25,27.67203115041736,28.23981548882764,27.393118712279175,27.642147064208984
2023-05-26,27.89117721904668,27.931022669900152,26.81537474516659,27.243703842163086
2023-05-30,27.104245478282458,27.17397501422532,26.13801613658694,26.56634521484375
2023-05-31,26.287434739821887,27.911100813900187,26.04836772706115,27.731800079345703
2023-06-01,27.8812142608578,30.899438592609368,27.8812142608578,30.182235717773438
2023-06-02,30.570722622598414,30.85959453806227,29.773830714553185,29.963092803955078
2023-06-05,30.02286002602352,31.32777006785061,30.02286002602352,30.76994514465332
2023-06-06,30.510953659240737,30.69025438141973,29.82363675746872,30.48107147216797
2023-06-07,30.580683649661868,30.92932183692479,29.604491025518808,29.694141387939453
2023-06-08,29.81367609872036,30.86955583210472,29.644336734881165,30.49103355407715
2023-06-09,30.46114880142932,30.74006124752777,29.843557635045475,30.64044952392578
2023-06-12,30.500993956263805,31.875629648901004,30.4611485072336,31.825824737548828
2023-06-13,32.13461757554785,32.87174318559233,31.098660596453264,31.45726203918457
2023-06-14,31.87562986508365,31.87562986508365,30.740061159119435,31.088699340820312
2023-06-15,30.80978917423646,31.805902619766584,30.789866449341307,31.51702880859375
2023-06-16,31.606680166476497,31.86566989846625,31.357651797248156,31.636564254760742
2023-06-20,31.855706924385903,32.15454019237011,31.267999850739443,31.825824737548828
2023-06-21,31.616640681051898,31.716252406058064,31.208234318468673,31.22815704345703
2023-06-22,30.77990507557972,31.058817524202453,30.481071802004774,30.750022888183594
2023-06-23,30.311731379821726,30.36153629036317,29.76386786418811,29.783790588378906
2023-06-26,29.7339863962073,30.17227683931613,29.614451948110126,29.793752670288086
2023-06-27,29.923247639766746,30.002936636280104,29.206044771210983,29.46503448486328
2023-06-28,29.435151500068656,30.062704033536054,29.13631822694602,29.9033260345459
2023-06-29,29.95313168546577,30.979129241711952,29.893365409354395,30.75998306274414
2023-06-30,30.86955605684324,31.297885150845183,30.779905692985363,31.208234786987305
2023-07-03,31.10862263064041,31.23811844328388,30.331655354522127,30.620527267456055
2023-07-05,30.481071914691114,30.62052718955023,29.983015190267846,30.381460189819336
2023-07-06,30.162314768609676,30.33165412447459,29.05662827443669,29.176162719726562
2023-07-07,29.25585229599256,29.893364283669058,29.176163297532998,29.47499656677246
2023-07-10,29.385345535839583,30.301769947192003,29.265811090908596,30.23204231262207
2023-07-11,30.251965804802612,31.13850615244586,30.212120355502172,31.088699340820312
2023-07-12,31.327768325805664,31.75609550738941,31.287922876391956,31.327768325805664
2023-07-13,31.706291595942858,32.62271606208119,31.626602594536728,32.21430969238281
2023-07-14,32.244191629282376,32.244191629282376,31.258039532087327,31.41741943359375
2023-07-17,31.317806544309235,31.676406084555264,31.058816826393137,31.50706672668457
2023-07-18,31.576795100880997,32.90162392852555,31.467222020425304,32.811973571777344
2023-07-19,33.14069135772244,33.349874247658,32.30395599810933,32.792049407958984
2023-07-20,32.62271527383396,33.120771995571886,32.453377812381255,32.7322883605957
2023-07-21,32.871743073589535,32.98131615848089,32.24419055094799,32.51314163208008
2023-07-24,32.44341482414802,33.22038210066535,32.34380499890728,32.841861724853516
2023-07-25,32.961396327831814,33.78816856845786,32.64264030736497,33.39968490600586
2023-07-26,33.54909947356382,33.73835965080677,32.66255915930682,33.60886764526367
2023-07-27,33.82801264744074,33.91766301204887,32.80201698571429,32.85182189941406
2023-07-28,32.97135312538015,33.847934010730455,32.97135312538015,33.837974548339844
2023-07-31,34.24638246447215,35.10304066420366,33.927626455251776,35.02334976196289
2023-08-01,34.7145544764704,34.73447720275421,34.037196982306654,34.40576171875
2023-08-02,33.200465888389054,33.42957154506044,31.45726530520128,33.09089279174805
2023-08-03,33.339918929593175,33.87781731343769,32.79205348328743,33.58894729614258
2023-08-04,33.52917856759689,33.997353104952246,33.06100403024153,33.36980056762695
2023-08-07,33.608869845765845,34.37587386684186,33.539138407614914,33.79813003540039
2023-08-08,33.23034685683053,33.94754979039049,32.762172297437615,33.86785888671875
2023-08-09,34.09696031353772,34.35595191853457,33.8578952318632,34.1268424987793
2023-08-10,34.44560489926045,34.75439763661266,33.77820691232492,34.0571174621582
2023-08-11,33.867855376054074,34.95361912686947,33.828009928348486,34.66474533081055
2023-08-14,34.52529006371204,35.05322894626239,34.03719282899624,34.66474533081055
2023-08-15,34.48544791319285,34.56513881622334,33.67859841930185,33.75828552246094
2023-08-16,33.78816468098286,34.49540808240179,33.738359770991096,33.9276237487793
2023-08-17,34.20653522842727,34.35595376239627,33.81805159995329,33.887779235839844
2023-08-18,33.52917870109165,34.72451560556097,33.49929651343808,34.53525161743164
2023-08-21,34.96358068085356,36.06926722167884,34.814165942824175,35.909889221191406
2023-08-22,36.05930709838867,36.13899419723668,35.53136439405196,36.05930709838867
2023-08-23,35.800317295060644,36.33821948911179,35.69074800356553,35.82024002075195
2023-08-24,35.80031603023701,36.13899475528096,35.44171838007687,35.59113311767578
2023-08-25,35.850125666378005,36.38802405541367,35.01339019470199,36.238609313964844
2023-08-28,36.23860605204556,36.63704912658235,36.049342076759906,36.45774841308594
2023-08-29,36.427867385669266,36.686859002230165,36.09915193372182,36.368099212646484
2023-08-30,36.547400323297744,37.254643745426826,36.3083352283883,36.79642868041992
2023-08-31,37.00561972360152,37.19487992923304,36.39798985305872,36.856201171875
2023-09-01,37.224756708367195,37.74273613255114,36.98569162020296,37.204833984375
2023-09-05,36.58724490115701,37.27456178249358,35.760472751132234,36.99565124511719
2023-09-06,36.87612002872603,37.21479875054076,36.16888039783595,36.69681930541992
2023-09-07,36.33822122050398,37.135111286768456,36.298375767222865,36.955810546875
2023-09-08,37.254644027208506,37.42398148739424,36.617128236261976,36.906002044677734
2023-09-11,36.89604368216165,37.48375077893009,36.766547867654346,37.344295501708984
2023-09-12,37.27456121218491,38.47986130141529,37.25464228828086,37.991764068603516
2023-09-13,38.32048668003199,39.29667743160635,38.151145412991724,38.7786979675293
2023-09-14,39.4460886687151,39.85449500604733,38.838462693559165,39.734962463378906
2023-09-15,39.9740341181744,41.48812702973832,39.924229205267764,40.14337158203125
2023-09-18,40.27286767156255,40.37247749805868,39.55566476120224,40.25294494628906
2023-09-19,40.492014178233134,40.701197095495004,38.66912469956769,38.98788070678711
2023-09-20,38.84842459763153,40.13341186167614,38.84842459763153,39.34648132324219
2023-09-21,38.88827101024309,39.157222104714684,38.121263177832525,38.619319915771484
2023-09-22,39.0874936496769,40.38244038131971,39.0874936496769,39.824615478515625
2023-09-25,40.013877300088105,41.6674293508993,39.89434474456285,41.32875061035156
2023-09-26,41.04983477900434,41.42835895780863,40.21309932052034,40.462127685546875
2023-09-27,40.751001170622665,41.28890334668889,39.39628626788013,40.19317626953125
2023-09-28,40.77092416615779,42.00610272694446,40.551777989298,40.99007034301758
2023-09-29,40.940263842099284,41.05980019950179,39.3664064683479,39.485939025878906
2023-10-02,39.4958984408775,39.625390448973334,36.915964542975814,37.423980712890625
2023-10-03,37.19487803436474,38.00173133281443,36.77650839076703,36.935890197753906
2023-10-04,36.5972102165699,36.5972102165699,35.04327184998756,36.01946258544922
2023-10-05,35.67082170558046,37.24467887886425,35.67082170558046,36.98569107055664
2023-10-06,37.15502991249979,38.04157025086094,36.75658682328067,37.53355407714844
2023-10-09,37.77261905683215,37.77261905683215,36.00950164758153,37.21479797363281
2023-10-10,37.35425456470212,38.17106729386057,37.34429510209489,37.6032829284668
2023-10-11,37.533555363946654,37.58336027682266,36.1987631795648,37.07534408569336
2023-10-12,37.2944880878562,37.32437407678145,35.650903092082324,36.03938674926758
2023-10-13,36.268489837646484,36.61712801823013,35.63097785036714,36.268489837646484
2023-10-16,36.45775259550663,36.66693931849761,35.660862555143105,36.03938674926758
2023-10-17,35.9298101621548,38.0814149618337,35.840159803840216,37.523590087890625
2023-10-18,37.74273919289277,38.23083647060095,37.254645715055965,37.722816467285156
2023-10-19,37.53355196323871,38.85838076508717,36.76654421485447,38.19098663330078
2023-10-20,38.440019484190074,38.65916566654132,37.3442961721766,38.04157257080078
2023-10-23,37.633164341800885,38.51970469058185,36.91596525282852,38.12126159667969
2023-10-24,38.390213340765435,39.276753704805465,38.03161189017143,38.65916442871094
2023-10-25,39.10740971822769,39.61542967114239,38.579470841552926,39.097450256347656
2023-10-26,38.848422028281085,39.11737309830755,37.28452431728611,38.20094680786133
2023-10-27,38.45993874109289,38.67908490367905,37.66304878605827,37.7825813293457
2023-10-30,38.10133993506349,38.549591753097324,36.99565338387048,37.71285629272461
2023-10-31,39.625390233431325,41.34866597672897,38.84842298959812,40.750999450683594
2023-11-01,41.298863523723774,41.52796916566998,40.16329477674202,40.89045715332031
2023-11-02,41.30882570773988,42.94245114669853,41.19925262100244,42.673500061035156
2023-11-03,42.68346044006381,42.85280170498644,41.597696611606565,41.78696060180664
2023-11-06,42.09575149612014,42.16548293146596,40.55177645366894,40.651390075683594
2023-11-07,40.34259577545446,41.35863197689491,39.49590084085643,41.000030517578125
2023-11-08,40.930301453660064,41.21917526359662,39.924228549923626,40.292789459228516
2023-11-09,40.78088049027921,42.563924355991205,40.651388486529015,42.055908203125
2023-11-10,42.155522875008444,42.653579623342544,41.47816539328436,42.33482360839844
2023-11-13,42.34478363683985,44.17763264717772,42.34478363683985,43.56004333496094
2023-11-14,43.79910996175178,43.99832961344353,42.53404541417848,43.898719787597656
2023-11-15,43.94852488817285,44.06806123954384,42.79303342401904,43.00221633911133
2023-11-16,42.88268566209046,44.04814043973827,42.87272619897651,43.76922607421875
2023-11-17,44.07802044061979,44.8151460702142,43.819032613929004,44.426658630371094
2023-11-20,44.53623219085611,45.27335782826786,44.386817450751536,45.173744201660156
2023-11-21,45.12393573660684,45.65187841639525,43.97840761981713,44.59599685668945
2023-11-22,44.65576630283354,44.98448175447217,43.78914489423753,44.825103759765625
2023-11-24,45.13390201373041,45.54230837828309,44.72549564917774,44.9546012878418
2023-11-27,44.71553106576332,45.5323437707393,44.53623034517141,45.25343322753906
2023-11-28,45.30323902409996,45.42277157353993,44.55615394032548,45.0542106628418
2023-11-29,45.1420395239866,45.2418473356164,43.94437243538002,44.104061126708984
2023-11-30,44.06414163096578,46.00036748140151,43.96433381973999,45.83069610595703
2023-12-01,45.6310877365005,46.66906231407321,45.17197942305709,45.311710357666016
2023-12-04,46.359669500309856,46.47943507041091,45.62110690224922,45.87062072753906
2023-12-05,45.83069626542463,45.96044451683025,45.17197993815728,45.63108825683594
2023-12-06,45.58118192772521,46.08020955806481,44.513263103380766,44.80270004272461
2023-12-07,44.82266328531172,44.86258641098257,43.96433511978241,44.13400650024414
2023-12-08,44.263749140895776,45.191940834820585,44.15396626070052,45.00231170654297
2023-12-11,45.03225484477419,45.34165336371799,44.573150312621884,44.972373962402344
2023-12-12,44.872563961861744,45.880601915209276,44.59310970498696,45.83069610595703
2023-12-13,45.91054372261294,46.07023241805261,44.44340121575674,45.56122589111328
2023-12-14,45.9604437576885,46.48941563209176,44.024217932496875,46.12013244628906
2023-12-15,46.26984519248954,46.66906503567462,44.63303507868926,44.87256622314453
2023-12-18,45.28176690619517,46.85869607325539,45.28176690619517,46.249881744384766
2023-12-19,46.43951015268451,46.6491046513724,43.2457363580337,43.684879302978516
2023-12-20,43.674897469096436,43.68488015399345,42.55707661919264,42.58701705932617
2023-12-21,42.58701520507736,43.8246053761878,42.57703632789359,43.55513000488281
2023-12-22,43.8046468990693,44.40348236878499,43.4653079417474,43.53517150878906
2023-12-26,43.814628223185274,43.9343937904965,43.19583120964003,43.80464553833008
2023-12-27,43.75474489507937,44.16394741944294,43.485269504799135,43.53517150878906
2023-12-28,43.21579393421232,43.45532888255497,42.74671052992951,42.81657409667969
2023-12-29,42.87645481283965,43.48526915555216,42.776650805661355,43.01618194580078
2024-01-02,42.96627846784477,43.09602671854736,41.65882850519108,41.95824432373047
2024-01-03,41.489156383539864,42.23769782005879,41.08993276115166,41.42927169799805
2024-01-04,41.44923355732476,42.97626068773224,41.13983886466808,42.55707550048828
2024-01-05,42.547097304936145,43.03614225606579,42.11793323345903,42.1678352355957
2024-01-08,42.38741053687299,42.73672837495721,41.86842131509153,42.6269416809082
2024-01-09,42.38740970333152,45.0322539573503,42.10795163108076,44.64301300048828
2024-01-10,45.41151647349288,45.82071899711672,44.79272324912292,45.062198638916016
2024-01-11,45.24184808865309,46.599200083902616,44.812684009698444,46.56925964355469
2024-01-12,48.68513552390087,51.12039285295455,48.585331518435524,49.82291793823242
2024-01-16,50.032510865743035,50.98066411691989,48.745018676480115,48.864784240722656
2024-01-17,47.956557186600016,48.29589614643204,46.74891116762796,47.82680892944336
2024-01-18,48.186109163734905,48.45558455439373,46.36964880354181,47.71702575683594
2024-01-19,47.7270045314535,47.856752787551905,45.740876600298556,46.89862060546875
2024-01-22,46.87865931390483,47.28786184032745,45.930506004209825,46.09019470214844
2024-01-23,46.06025112761626,47.98649805705403,45.90056244054115,47.22797393798828
2024-01-24,47.69706179877758,48.71507862105658,47.148132167122476,47.347740173339844
2024-01-25,47.70704341146135,47.71702609671178,45.48138051047697,45.89058303833008
2024-01-26,45.84067997402349,46.53931944152342,45.381575452369944,46.26984405517578
2024-01-29,46.13011747951116,47.08824965989523,45.19194305484943,46.9984245300293
2024-01-30,46.998424269045415,48.10626626214711,46.45947349284262,47.80685043334961
2024-01-31,47.90665264029778,48.3557782702563,47.33776144477653,47.65713882446289
2024-02-01,49.81294008062417,51.23018059238152,49.26401042476671,50.46167755126953
2024-02-02,50.2321245964582,50.301988162208254,48.545408718918594,48.91468811035156
2024-02-05,48.61527284545591,48.6651748490989,47.22797658487526,48.2160530090332
2024-02-06,48.485525451581175,48.485525451581175,47.43756440235583,47.52738952636719
2024-02-07,47.40762478208393,48.2160509121461,47.02836271778923,47.9565544128418
2024-02-08,47.33776267249244,48.245992833395434,44.4633623734883,44.633033752441406
2024-02-09,44.01423495974038,44.97237089235027,43.5750920207832,43.97431564331055
2024-02-12,43.66491669029728,44.064140308662864,43.0660850700275,43.55513000488281
2024-02-13,43.06608720615058,43.215793215004304,41.46919646075938,41.778594970703125
2024-02-14,42.17781411311155,42.26763923986906,41.129856839126454,42.1678352355957
2024-02-15,42.2676380402949,42.9363370332403,41.72869110232413,42.23769760131836
2024-02-16,42.397388698497586,42.976262600146676,42.06803242919424,42.09797286987305
2024-02-20,42.20775975111333,42.62694115160941,40.980152183159156,41.38935470581055
2024-02-21,40.610867285228615,42.21773686799647,40.321434152459204,41.64884567260742
2024-02-22,41.74865478584504,42.52713669702847,40.76057836933786,40.97016906738281
2024-02-23,40.76057673255493,41.10989454860264,39.95215060605769,40.111839294433594
2024-02-26,39.962135781546245,41.2097049270195,39.662719948088444,40.79051971435547
2024-02-27,40.92026586505795,42.177813823757106,40.77055605239626,41.549041748046875
2024-02-28,41.41929533104807,41.46919733505139,40.29149176563447,40.68073272705078
2024-02-29,41.059993837735334,41.71871017389712,40.10186167736887,40.45117950439453
2024-03-01,40.60088971344876,42.497196297246376,40.58092815067124,41.88838195800781
2024-03-04,42.1478724669683,42.70678477382709,41.089932538468005,41.21968078613281
2024-03-05,41.109896737939586,41.89836134447025,40.700694214229046,40.780540466308594
2024-03-06,41.169779681308306,41.778594002123754,41.089933432614416,41.549041748046875
2024-03-07,41.61890499723259,44.00425645337992,41.58896075055952,43.98429489135742
2024-03-08,44.273732488774115,44.38351917789266,40.620850344415786,41.149818420410156
2024-03-11,40.800502483988275,41.21968389024047,40.22162857179746,40.69071578979492
2024-03-12,40.88034360906228,42.06803183630035,40.58092778465761,41.87839889526367
2024-03-13,42.01812436267771,42.656882918672444,39.05390286896209,39.493045806884766
2024-03-14,39.23355584530795,40.25157272457219,38.9441188899009,39.872310638427734
2024-03-15,40.00205648966432,41.678785817118815,39.70263686702874,41.030052185058594
2024-03-18,41.31949000611787,42.21773747138555,40.8204623674318,41.8684196472168
2024-03-19,41.479179698172196,41.56900482759231,40.28151257499694,41.0799560546875
2024-03-20,40.84042121316885,42.14787503206069,40.73063832784043,41.89836120605469
2024-03-21,42.357463687861575,42.91637600176063,41.91832074590573,42.55707550048828
2024-03-22,42.5570769740431,43.34554156721623,42.25766114837497,43.10600662231445
2024-03-25,43.33555909022942,44.11404480943751,41.84845883245277,41.88838195800781
2024-03-26,42.097973694485525,42.62694179565956,41.239645510277825,42.01812744140625
2024-03-27,42.038088891509894,42.64690324412428,41.71871149461036,42.6269416809082
2024-03-28,42.66686469571625,43.704843136563646,42.557078001954466,43.235755920410156
2024-04-01,44.41345994102763,46.79881145004407,44.143984558669295,46.65908432006836
2024-04-02,46.1700359693306,47.59725533642225,45.62110632212892,47.587276458740234
2024-04-03,47.76692800444407,49.88280420706441,47.647162432633564,49.763038635253906
2024-04-04,49.4336758926356,50.331927151058245,48.12622593649436,48.265953063964844
2024-04-05,48.33581786840697,49.98261061535958,47.7070419713714,49.11429977416992
2024-04-08,49.164199830018255,49.164199830018255,47.09822577171368,48.65519332885742
2024-04-09,49.273989136641006,49.40373739178883,46.848714451007254,47.80685043334961
2024-04-10,47.24793565535125,49.25402503129252,46.92855828014944,49.064395904541016
2024-04-11,49.214108863752884,50.830957405073846,48.34579800004149,50.37185287475586
2024-04-12,51.00062256740554,52.53762859072362,49.064396722072544,49.493560791015625
2024-04-15,49.70315365846945,50.691230090212834,47.80685085452637,48.22603225708008
2024-04-16,47.677101565510476,48.705097293840176,46.18001863348294,48.096282958984375
2024-04-17,48.49550719222396,49.56342605892645,47.88669284989699,48.31585693359375
2024-04-18,48.37574027576237,49.18416260981826,47.74696438805766,48.07632064819336
2024-04-19,47.81682914658333,48.80490556622111,47.62720001069596,48.0064582824707
2024-04-22,47.477490460365715,47.86673141938125,46.57923916473076,47.198036193847656
2024-04-23,47.10820961691335,48.82486209642541,46.91857667850631,48.585330963134766
2024-04-24,48.62525326022106,49.42369670306569,48.006456260647646,48.6651725769043
2024-04-25,48.53542784072776,49.68318909308469,47.78688640373378,49.064395904541016
2024-04-26,49.283972568741305,49.553447960927244,48.19609212204054,49.2540283203125
2024-04-29,49.56342563123473,50.5015962347689,48.32583539438139,49.323890686035156
2024-04-30,48.02641910024195,49.04443594467994,45.01229169195192,45.541263580322266
2024-05-01,47.57729204957543,48.106263922243116,46.53931748071677,46.82875061035156
2024-05-02,46.95850147583826,48.84482539862871,46.82875321977153,48.325836181640625
2024-05-03,48.84482502440559,48.99453484235704,47.42758832552148,48.31585693359375
2024-05-06,48.63523328375947,50.85091722123919,48.61527172130808,50.631343841552734
2024-05-07,51.429787277163044,52.69731793759316,50.89084032036371,51.64936065673828
2024-05-08,51.000624522008785,51.54955798514509,49.862842084378705,50.46167755126953
2024-05-09,50.76109096256712,52.17832759952148,50.721167838554095,52.12842559814453
2024-05-10,52.63743615004034,53.06659640965302,50.401790689785834,50.81099319458008
2024-05-13,50.751108835938766,50.751108835938766,48.814882987362054,48.88474655151367
2024-05-14,49.064396053558106,50.06245130591468,48.9047073654722,49.8828010559082
2024-05-15,49.982608493969046,50.501593870931416,49.273986376531596,49.87282180786133
2024-05-16,49.782999079608985,50.14229959424443,49.27398874811583,49.733097076416016
2024-05-17,50.012549657507265,53.276190812606224,49.76303584265822,52.94683074951172
2024-05-20,53.805160071351835,54.43393596471126,53.18636686288314,53.89498519897461
2024-05-21,53.45584359479694,54.82317829886942,53.196347082991764,53.625511169433594
2024-05-22,53.35603356719528,53.475802940267464,51.7491639809578,52.03860092163086
2024-05-23,52.13841100470229,52.487728839855926,51.080471006798795,51.5894775390625
2024-05-24,51.89887503508564,53.79518160735605,51.6194207724567,52.8869514465332
2024-05-28,53.405937469348125,54.893041542707806,52.966794507626844,54.02473449707031
2024-05-29,53.40593767855221,54.54372392400863,52.56757107032471,54.23432540893555
2024-05-30,53.745273671241456,55.65155904579956,53.605546545453734,54.66348648071289
2024-05-31,54.753312564340966,56.13062989902909,54.513777625025284,55.40204620361328
2024-06-03,55.621620295926405,55.9709419282836,53.28617078850244,53.994789123535156
2024-06-04,53.13646590892909,53.66543400021435,51.649361834998906,53.515724182128906
2024-06-05,53.82512065729984,54.79323548108305,53.79518021772838,54.1744384765625
2024-06-06,54.1445005160535,55.621621916576515,53.9049655666784,55.36212921142578
2024-06-07,54.57366357540651,54.90301984140377,53.28617133723819,53.2961540222168
2024-06-10,53.395957865528786,54.134520453263995,53.17638448401423,53.49576187133789
2024-06-11,52.84702692310084,52.876967362653616,50.062451826332435,50.71118927001953
2024-06-12,51.49964993857809,52.53762832364181,51.000622308137295,52.338016510009766
2024-06-13,52.377942299598615,53.68539612850747,52.25817672823623,52.81708526611328
2024-06-14,52.477750183021286,52.89693158697135,51.60943931950379,51.799072265625
2024-06-17,51.399848728550786,51.94877839040963,50.79103437716449,51.19025802612305
2024-06-18,50.90082056756579,52.70730204068213,50.860897441609005,52.298099517822266
2024-06-20,51.89887297686637,52.53762772741707,50.940740851040324,52.118446350097656
2024-06-21,51.85895225993773,52.04858520281248,50.52155801117357,51.46971130371094
2024-06-24,51.75914799405116,52.118448507931525,50.162257244280525,50.3419075012207
2024-06-25,50.13231712413893,50.39181363350081,49.094338701249015,49.94268798828125
2024-06-26,49.513521682665235,50.671265623203375,49.46361968149901,50.39181137084961
2024-06-27,50.81099443498048,51.73918615512284,50.441715045365605,51.659339904785156
2024-06-28,52.208273055371286,52.21825193296634,48.71507957617747,49.10432052612305
2024-07-01,49.58338657677697,50.58144185600794,49.34385163455889,50.122337341308594
2024-07-02,50.08241498112581,50.301988364238596,49.014496120624386,49.6332893371582
2024-07-03,50.20218104009985,50.99064564416942,49.92272677325144,50.46167755126953
2024-07-05,50.56148090677821,50.65130603528958,48.984555526252684,49.83290100097656
2024-07-08,49.70315371061337,49.73309795888352,48.1661476184129,48.63523483276367
2024-07-09,48.555390668350036,49.8229175176304,48.29589416468476,48.89472961425781
2024-07-10,50.08241524649267,53.69537436558245,49.90276498795374,53.61553192138672
2024-07-11,53.61553192138672,54.104576886192525,53.106521586433445,53.61553192138672
2024-07-12,53.74527511046911,53.74527511046911,52.65739470691733,52.767181396484375
2024-07-15,52.008659663482014,53.106518915081196,51.87891141500183,52.118446350097656
2024-07-16,52.23821449818195,52.32803962737662,50.80101623834602,51.27009963989258
2024-07-17,50.44171496398293,50.60140365712189,46.83873477980147,47.377685546875
2024-07-18,48.23601373279833,48.23601373279833,46.060252907761566,46.35966873168945
2024-07-19,46.01034620518398,46.98844371553572,45.73089194924273,46.5393180847168
2024-07-22,47.0383479993292,47.7769067993692,46.54929922042794,47.51741409301758
2024-07-23,47.208013872289825,47.56731438141528,46.459472414038046,47.26789855957031
2024-07-24,46.89862101167188,47.35772554365331,46.040292830058576,46.399593353271484
2024-07-25,45.68098959208896,45.76083203290308,43.48526726416012,44.49330520629883
2024-07-26,45.34165056765628,45.60114325891635,44.59310912593703,45.102115631103516
2024-07-29,45.05221597779561,45.36161449378503,44.064143355306186,44.55318832397461
2024-07-30,44.21384736534522,44.75279812081835,43.56511372911603,44.193885803222656
2024-07-31,44.912486286084174,45.88060109769115,43.54515165852363,45.40153503417969
2024-08-01,44.26374956781573,44.35357469413541,40.54100387883996,40.94022750854492
2024-08-02,39.9721114634708,39.98209414791258,37.69654674240338,37.95603942871094
2024-08-05,35.92998821268932,37.3771690549339,35.36109703723736,36.82823944091797
2024-08-06,37.52687714553735,38.91417718804364,36.568744986898324,38.105751037597656
2024-08-07,39.562912085819356,40.44120182924357,38.0059482307479,38.035888671875
2024-08-08,38.65467880456224,39.43316066973218,37.86621425496373,39.0738639831543
2024-08-09,39.5229893155454,39.752545390517646,38.874255639180504,39.473087310791016
2024-08-12,39.85234744905842,40.71067559501864,38.31534141128214,39.013980865478516
2024-08-13,39.37328242616548,39.37328242616548,38.32532512049969,39.14373016357422
2024-08-14,39.71262201674874,40.40127881554456,39.503031313716825,39.77250289916992
2024-08-15,40.35137341416494,41.02006859343403,40.03199604387544,40.70069122314453
2024-08-16,40.431219304647705,40.58092912543578,39.68267781526514,40.181705474853516
2024-08-19,40.52104216786447,41.61890524188325,40.451178604014395,41.13983917236328
2024-08-20,41.15980289426487,41.818519250329224,40.86038325373472,41.299530029296875
2024-08-21,41.54904114689007,41.86841852248728,41.19971952482656,41.3294677734375
2024-08-22,41.43925722985134,41.93828488848547,40.1118418303907,40.28151321411133
2024-08-23,42.567060882858904,43.405427503200606,41.76861358174955,42.527137756347656
2024-08-26,43.455326605790425,44.36355673323652,42.05804772943705,42.2476806640625
2024-08-27,41.419295939833034,42.43731282703493,40.77055845641806,41.818519592285156
2024-08-28,41.11987761166829,41.52908011735256,40.281511038159216,40.630828857421875
2024-08-29,40.85040414217724,40.98015239851308,40.1417857858364,40.17172622680664
2024-08-30,40.31145251400668,40.79051859585871,40.071921376720056,40.76057815551758
2024-09-03,39.92221033305473,40.10186058413577,37.60672243831985,37.876197814941406
2024-09-04,37.80633533367878,39.7425612196377,37.77639108612232,38.924156188964844
2024-09-05,39.07386672552203,39.15370917016127,37.846255349594024,38.02590560913086
2024-09-06,37.75643340105028,37.99596453827508,35.82020370420948,36.88812255859375
2024-09-09,37.41709361846745,37.67658631256994,36.76835617229318,36.96796798706055
2024-09-10,37.16758156553573,37.63666497412789,36.78831948020853,37.626686096191406
2024-09-11,37.876197446218505,40.181702633850094,37.786372321552435,39.90224838256836
2024-09-12,40.30147371702876,41.20970387955687,40.151763900465724,40.66077423095703
2024-09-13,40.84042062112364,41.00011312244018,39.602834194150745,40.25157165527344
2024-09-16,40.44119905937286,40.67075130927571,39.86232518870416,40.51106262207031
2024-09-17,40.97016772795157,41.0999159779999,40.061937592170594,40.22162628173828
2024-09-18,40.22162681225227,40.97016826833865,39.72259917486135,40.03199768066406
2024-09-19,41.379372721904545,41.56900566967674,40.620852352652484,41.00011444091797
2024-09-20,43.4054257028458,44.86258549455668,43.16589076099256,44.313655853271484
2024-09-23,45.35162996284845,46.7389299821228,44.78273876522834,45.930503845214844
2024-09-24,47.2279762819692,47.38766497696985,46.18999786082555,46.679046630859375
2024-09-25,46.60918317620642,47.996479431206765,46.44949448082391,47.49745178222656
2024-09-26,48.245991731859135,49.18416231168965,47.547352283897446,47.96653747558594
2024-09-27,48.14618855291425,48.55539106687231,47.52739153588207,47.88669204711914
2024-09-30,47.886691450480846,48.2360130797329,47.30782137302806,47.667118072509766
2024-10-01,47.976515158431305,48.82486059086751,47.54735109996726,48.545406341552734
2024-10-02,48.625255764890646,49.66323039041504,48.43562281994305,49.34385299682617
2024-10-03,49.90276568611027,50.092394825097095,49.194147327114436,49.86284255981445
2024-10-04,50.0824137378503,52.09848583950655,49.45363785190475,51.73918533325195
2024-10-07,51.399845943200624,52.218250952665414,50.53153893213993,51.31999969482422
2024-10-08,50.1822194264744,51.81902951455477,50.10237698200354,51.47969436645508
2024-10-09,50.910796299402904,50.910796299402904,49.633286805959955,50.48163604736328
2024-10-10,50.0824128719732,50.58144049819272,49.81293749694122,50.39181137084961
2024-10-11,49.792977527679255,51.50963383511191,49.792977527679255,51.25013732910156
2024-10-14,51.25013805765266,52.05856422009888,50.93076066669883,51.779109954833984
2024-10-15,51.93879609496749,52.34799859494961,50.02252803624442,51.60943603515625
2024-10-16,53.27619358501856,55.86115699366339,52.94683350478466,55.67152404785156
2024-10-17,55.44197070404233,57.438081287858644,54.942943058088254,56.559791564941406
2024-10-18,56.839250468630745,58.53594525119622,56.04080698485842,57.907169342041016
2024-10-21,58.3862355088261,58.60580889488083,57.308333948861616,57.8073616027832
2024-10-22,57.03886183634396,57.497966359940506,55.20243993467896,56.56977462768555
2024-10-23,56.08072404115958,56.14060872775618,53.196344930800336,53.974830627441406
2024-10-24,54.8032135237496,55.102629336739554,53.076578401319615,53.74527359008789
2024-10-25,53.69537316468111,54.763292006956924,53.35603421806121,53.685394287109375
2024-10-28,53.156424312200286,55.64158371756885,52.9468336101501,55.06270980834961
2024-10-29,54.89303873126109,55.362125916930125,54.25428398064373,54.66348648071289
2024-10-30,54.453896770885464,54.62356433888372,53.48578194298412,53.875022888183594
2024-10-31,53.3161096037409,53.595567662565806,51.21021622529364,52.118446350097656
2024-11-01,52.93685422010853,53.56562632017636,52.15836849430066,52.39790344238281
2024-11-04,51.14035460814916,51.6493611295859,50.06245307012486,51.05052947998047
2024-11-05,51.489672726827145,51.87891368199805,50.86089682609325,51.16031265258789
2024-11-06,52.49770498063723,52.49770498063723,50.681244717986466,51.110408782958984
2024-11-07,51.69926239967655,54.37405083691975,51.11040963609065,53.47580337524414
2024-11-08,53.645470199547724,54.00477070214184,51.73918480614332,52.43782424926758
2024-11-11,52.64741683916305,52.64741683916305,50.81099494309825,51.978721618652344
2024-11-12,51.499651059896564,54.56368047293482,51.23017948399648,54.3041877746582
2024-11-13,55.5317952816331,55.89109579231975,52.278136737497135,52.87696838378906
2024-11-14,52.64741716411199,53.984811420666844,52.6074940382975,53.006717681884766
2024-11-15,52.48772734299619,56.36018289657817,51.609437630298686,53.485782623291016
2024-11-18,54.25428427659669,57.19854804060807,53.95486846152134,55.791290283203125
2024-11-19,56.070745624474476,57.727517227808484,55.471913982702176,57.3482551574707
2024-11-20,58.256487123431526,59.12479798056811,56.579753905395236,57.49796676635742
2024-11-21,58.625768498217845,60.86141018097924,57.90716748226232,60.81150817871094
2024-11-22,60.04300502950319,60.40230553669714,58.52596055872803,59.99310302734375
2024-11-25,60.382345573362585,60.661799838678675,57.787403319567616,57.99699401855469
2024-11-26,57.61773191249935,58.79543746904528,56.998938693607386,58.50600051879883
2024-11-27,58.68000030517578,58.91999816894531,57.619998931884766,57.810001373291016
2024-11-29,58.59000015258789,60.54999923706055,58.29999923706055,59.45000076293945
2024-12-02,60.099998474121094,61.04999923706055,58.16999816894531,58.83000183105469
2024-12-03,58.83000183105469,59.63999938964844,57.7400016784668,59.38999938964844
2024-12-04,60.04999923706055,60.709999084472656,58.77000045776367,59.61000061035156
2024-12-05,59.5,61.41999816894531,59.25,61.13999938964844
2024-12-06,61.5,62.54999923706055,60.66999816894531,61.060001373291016
2024-12-09,61.66999816894531,61.900001525878906,57.33000183105469,57.52000045776367
2024-12-10,56.91999816894531,57.5,55.779998779296875,56.41999816894531
2024-12-11,56.66999816894531,57.900001525878906,56.04999923706055,57.810001373291016
2024-12-12,57.0,57.380001068115234,55.36000061035156,56.0
2024-12-13,55.83000183105469,56.25,54.2599983215332,54.290000915527344
2024-12-16,54.08000183105469,54.720001220703125,53.2400016784668,54.189998626708984
2024-12-17,53.150001525878906,53.66999816894531,52.349998474121094,53.41999816894531
2024-12-18,53.66999816894531,54.77000045776367,51.70000076293945,51.93000030517578
2024-12-19,52.599998474121094,53.290000915527344,51.7599983215332,52.90999984741211
2024-12-20,51.790000915527344,53.43000030517578,51.599998474121094,52.439998626708984
2024-12-23,52.130001068115234,53.29999923706055,52.130001068115234,53.13999938964844
2024-12-24,53.38999938964844,53.41999816894531,51.86000061035156,52.619998931884766
2024-12-26,52.58000183105469,53.0,51.52000045776367,52.560001373291016
2024-12-27,52.38999938964844,52.75,51.439998626708984,52.4900016784668
2024-12-30,51.77000045776367,52.45000076293945,51.20000076293945,51.33000183105469
2024-12-31,51.599998474121094,51.79999923706055,50.849998474121094,51.38999938964844
2025-01-02,51.27000045776367,52.790000915527344,51.0099983215332,52.15999984741211
2025-01-03,52.7599983215332,53.13999938964844,51.779998779296875,53.119998931884766
2025-01-06,54.18000030517578,56.15999984741211,53.95000076293945,54.810001373291016
2025-01-07,55.599998474121094,55.599998474121094,51.310001373291016,51.58000183105469
2025-01-08,51.619998931884766,51.619998931884766,49.54999923706055,51.380001068115234
2025-01-10,50.900001525878906,51.380001068115234,49.029998779296875,49.2400016784668
2025-01-13,48.63999938964844,49.790000915527344,48.18000030517578,48.79999923706055
2025-01-14,49.369998931884766,50.279998779296875,49.029998779296875,49.060001373291016
2025-01-15,50.470001220703125,50.47999954223633,49.65999984741211,49.66999816894531
2025-01-16,50.2400016784668,50.459999084472656,48.779998779296875,49.5099983215332
2025-01-17,49.52000045776367,52.59000015258789,49.209999084472656,51.630001068115234
2025-01-21,52.20000076293945,53.619998931884766,52.04999923706055,53.560001373291016
2025-01-22,54.709999084472656,57.22999954223633,54.09000015258789,56.31999969482422
2025-01-23,56.25,57.22999954223633,55.5,56.86000061035156
2025-01-24,57.54999923706055,58.33000183105469,55.209999084472656,56.0
2025-01-27,51.36000061035156,51.90999984741211,47.369998931884766,47.5099983215332
2025-01-28,48.099998474121094,48.66999816894531,46.540000915527344,48.599998474121094
2025-01-29,48.720001220703125,50.25,48.5099983215332,50.06999969482422
2025-01-30,51.11000061035156,51.63999938964844,49.970001220703125,50.29999923706055
2025-01-31,50.790000915527344,51.33000183105469,48.65999984741211,49.439998626708984
2025-02-03,47.439998626708984,48.560001373291016,46.880001068115234,47.45000076293945
2025-02-04,48.40999984741211,50.810001373291016,48.40999984741211,50.31999969482422
2025-02-05,50.25,50.97999954223633,49.599998474121094,50.349998474121094
2025-02-06,50.72999954223633,50.849998474121094,48.18000030517578,48.70000076293945
2025-02-07,48.900001525878906,50.720001220703125,48.79999923706055,49.93000030517578
2025-02-10,50.5,51.25,50.11000061035156,50.36000061035156
2025-02-11,50.13999938964844,50.54999923706055,49.5,49.849998474121094
2025-02-12,49.20000076293945,51.0099983215332,48.970001220703125,49.630001068115234
2025-02-13,49.459999084472656,49.97999954223633,48.52000045776367,49.08000183105469
2025-02-14,49.290000915527344,49.369998931884766,46.72999954223633,47.189998626708984
2025-02-18,47.29999923706055,48.060001373291016,46.119998931884766,47.91999816894531
2025-02-19,46.93000030517578,47.470001220703125,45.90999984741211,46.54999923706055
2025-02-20,48.5,48.810001373291016,46.08000183105469,46.540000915527344
2025-02-21,46.41999816894531,46.4900016784668,43.08000183105469,43.47999954223633
2025-02-24,43.61000061035156,44.13999938964844,42.36000061035156,43.279998779296875
2025-02-25,43.349998474121094,43.90999984741211,42.86000061035156,43.59000015258789
2025-02-26,44.66999816894531,45.5099983215332,44.06999969482422,44.720001220703125
2025-02-27,45.63999938964844,46.25,43.189998626708984,43.47999954223633
2025-02-28,42.900001525878906,44.08000183105469,42.400001525878906,44.040000915527344
2025-03-03,44.63999938964844,44.75,40.70000076293945,41.11000061035156
2025-03-04,40.040000915527344,42.77000045776367,39.310001373291016,41.88999938964844
2025-03-05,42.54999923706055,43.13999938964844,41.93000030517578,42.9900016784668
2025-03-06,41.95000076293945,43.470001220703125,41.63999938964844,42.130001068115234
2025-03-07,42.349998474121094,42.349998474121094,40.720001220703125,41.83000183105469
2025-03-10,40.86000061035156,41.45000076293945,40.0,40.63999938964844
2025-03-11,40.689998626708984,42.47999954223633,40.31999969482422,41.72999954223633
2025-03-12,43.52000045776367,43.84000015258789,42.150001525878906,42.599998474121094
2025-03-13,42.380001068115234,43.11000061035156,41.41999816894531,41.810001373291016
2025-03-14,42.540000915527344,43.130001068115234,42.15999984741211,42.470001220703125
2025-03-17,42.56999969482422,43.68000030517578,42.54999923706055,43.33000183105469
2025-03-18,43.20000076293945,43.47999954223633,42.380001068115234,43.09000015258789
2025-03-19,43.540000915527344,44.34000015258789,43.38999938964844,44.189998626708984
2025-03-20,43.65999984741211,45.810001373291016,43.65999984741211,44.849998474121094
2025-03-21,44.63999938964844,45.02000045776367,44.02000045776367,44.529998779296875
2025-03-24,45.36000061035156,46.209999084472656,45.060001373291016,45.7400016784668
2025-03-25,45.540000915527344,45.869998931884766,44.04999923706055,44.47999954223633
2025-03-26,44.45000076293945,44.61000061035156,42.970001220703125,43.25
2025-03-27,42.939998626708984,43.33000183105469,42.189998626708984,42.630001068115234
2025-03-28,42.279998779296875,43.25,41.619998931884766,41.83000183105469
2025-03-31,40.5,41.38999938964844,40.439998626708984,41.15999984741211
2025-04-01,41.849998474121094,42.290000915527344,40.5,41.79999923706055
2025-04-02,41.02000045776367,42.630001068115234,41.02000045776367,42.470001220703125
2025-04-03,40.720001220703125,41.810001373291016,40.43000030517578,40.90999984741211
2025-04-04,39.619998931884766,40.0099983215332,36.43000030517578,37.83000183105469
2025-04-07,36.0,39.27000045776367,35.0,37.15999984741211
2025-04-08,38.790000915527344,38.970001220703125,36.0099983215332,36.68000030517578
2025-04-09,36.4900016784668,41.040000915527344,36.029998779296875,40.04999923706055
2025-04-10,38.849998474121094,39.84000015258789,37.77000045776367,38.68000030517578
2025-04-11,38.59000015258789,41.38999938964844,38.59000015258789,40.84000015258789
2025-04-14,41.939998626708984,42.040000915527344,40.529998779296875,41.310001373291016
2025-04-15,41.380001068115234,41.970001220703125,40.790000915527344,40.810001373291016
2025-04-16,40.439998626708984,42.04999923706055,40.439998626708984,41.279998779296875
2025-04-17,41.2400016784668,41.689998626708984,40.83000183105469,41.18000030517578
2025-04-21,41.220001220703125,41.40999984741211,38.97999954223633,39.61000061035156
2025-04-22,40.189998626708984,40.72999954223633,39.88999938964844,40.18000030517578
2025-04-23,41.599998474121094,42.58000183105469,41.29999923706055,41.970001220703125
2025-04-24,42.22999954223633,43.97999954223633,42.099998474121094,43.88999938964844
2025-04-25,43.45000076293945,44.18000030517578,43.209999084472656,43.9900016784668
2025-04-28,43.849998474121094,45.459999084472656,43.7400016784668,45.31999969482422
2025-04-29,45.31999969482422,45.97999954223633,44.84000015258789,45.41999816894531
2025-04-30,44.81999969482422,45.43000030517578,43.83000183105469,45.150001525878906
2025-05-01,46.0,46.529998779296875,44.52000045776367,45.5099983215332
2025-05-02,46.5,47.7400016784668,46.25,47.0099983215332
2025-05-05,46.77000045776367,46.79999923706055,45.779998779296875,46.40999984741211
2025-05-06,45.4900016784668,48.47999954223633,45.41999816894531,48.150001525878906
2025-05-07,48.0,49.970001220703125,47.869998931884766,49.7400016784668
2025-05-08,50.40999984741211,50.970001220703125,49.150001525878906,49.2400016784668
2025-05-09,49.40999984741211,50.939998626708984,48.810001373291016,50.72999954223633
2025-05-12,52.45000076293945,52.599998474121094,50.70000076293945,51.15999984741211
2025-05-13,51.099998474121094,52.47999954223633,51.09000015258789,51.959999084472656
2025-05-14,52.060001373291016,53.47999954223633,51.81999969482422,53.29999923706055
2025-05-15,52.77000045776367,52.90999984741211,51.099998474121094,51.59000015258789
2025-05-16,51.459999084472656,51.65999984741211,50.70000076293945,51.27000045776367
2025-05-19,50.29999923706055,51.34000015258789,50.029998779296875,51.18000030517578
2025-05-20,51.70000076293945,52.61000061035156,51.459999084472656,52.400001525878906
2025-05-21,52.119998931884766,53.220001220703125,51.84000015258789,52.16999816894531
2025-05-22,51.900001525878906,53.29999923706055,51.70000076293945,52.810001373291016
2025-05-23,56.06999969482422,58.75,55.11000061035156,58.689998626708984
2025-05-27,60.650001525878906,62.27000045776367,59.810001373291016,60.470001220703125
2025-05-28,60.380001068115234,61.25,60.08000183105469,60.40999984741211
2025-05-29,60.88999938964844,61.18000030517578,58.5099983215332,59.150001525878906
2025-05-30,58.43000030517578,58.91999816894531,57.630001068115234,58.529998779296875
2025-06-02,58.79999923706055,59.220001220703125,58.18000030517578,58.18000030517578
2025-06-03,60.709999084472656,60.970001220703125,58.90999984741211,59.68000030517578
2025-06-04,59.34000015258789,60.06999969482422,59.099998474121094,59.95000076293945
2025-06-05,59.970001220703125,60.349998474121094,59.099998474121094,60.029998779296875
2025-06-06,60.029998779296875,60.540000915527344,59.25,60.41999816894531
2025-06-09,63.20000076293945,68.12000274658203,63.16999816894531,66.91000366210938
2025-06-10,66.62999725341797,66.79000091552734,62.59000015258789,63.83000183105469
2025-06-11,64.51000213623047,67.41000366210938,64.19000244140625,66.33000183105469
2025-06-12,65.5,67.25,65.44000244140625,66.13999938964844
2025-06-13,65.54000091552734,66.80000305175781,64.83999633789062,66.66000366210938
2025-06-16,68.80000305175781,71.30999755859375,68.2699966430664,69.36000061035156
2025-06-17,69.77999877929688,69.91999816894531,68.55999755859375,69.25
2025-06-18,69.3499984741211,70.30000305175781,68.86000061035156,69.66999816894531
2025-06-20,69.87999725341797,69.97000122070312,67.76000213623047,68.2699966430664
2025-06-23,67.66000366210938,70.58000183105469,67.5999984741211,69.72000122070312
2025-06-24,70.11000061035156,72.79000091552734,69.95999908447266,72.33999633789062
2025-06-25,72.0999984741211,72.66999816894531,71.08999633789062,71.43000030517578
2025-06-26,72.6500015258789,75.01000213623047,71.81999969482422,74.45999908447266
2025-06-27,74.72000122070312,75.41999816894531,72.36000061035156,73.2699966430664
2025-06-30,74.0,74.41999816894531,72.5,74.2300033569336
2025-07-01,73.56999969482422,73.94000244140625,71.26000213623047,71.66999816894531
2025-07-02,71.45999908447266,72.30999755859375,70.68000030517578,71.66000366210938
2025-07-03,72.0,73.5,71.23999786376953,73.44999694824219
2025-07-07,72.63999938964844,75.20999908447266,71.66000366210938,75.19000244140625
2025-07-08,74.5999984741211,75.16000366210938,70.38999938964844,71.94000244140625
2025-07-09,71.72000122070312,72.48999786376953,70.70999908447266,71.55000305175781
2025-07-10,71.87000274658203,71.87000274658203,69.31999969482422,70.81999969482422
2025-07-11,70.6500015258789,72.8499984741211,70.41999816894531,72.69999694824219
2025-07-14,72.30999755859375,75.41000366210938,72.0,75.13999938964844
2025-07-15,76.05000305175781,76.55999755859375,73.62999725341797,75.80000305175781
2025-07-16,76.2699966430664,76.75,74.51000213623047,76.19000244140625
2025-07-17,76.0,78.51000213623047,75.41000366210938,77.91000366210938
2025-07-18,78.52999877929688,80.05000305175781,77.37999725341797,78.97000122070312
2025-07-21,79.29000091552734,79.3499984741211,76.20999908447266,77.08000183105469
2025-07-22,76.5999984741211,78.36000061035156,75.44999694824219,77.9000015258789
2025-07-23,77.5,79.9000015258789,77.44000244140625,79.1500015258789
2025-07-24,79.1500015258789,80.05999755859375,78.87000274658203,79.91999816894531
2025-07-25,79.52999877929688,79.91999816894531,77.70999908447266,79.5999984741211
2025-07-28,79.87999725341797,79.9000015258789,77.9000015258789,79.13999938964844
2025-07-29,79.16999816894531,80.31999969482422,78.18000030517578,78.69000244140625
2025-07-30,77.80999755859375,79.05000305175781,76.80000305175781,77.75
2025-07-31,79.94999694824219,80.05999755859375,73.86000061035156,74.93000030517578
2025-08-01,72.91000366210938,73.62999725341797,70.81999969482422,72.93000030517578
2025-08-04,73.51000213623047,75.37999725341797,73.0,75.26000213623047
2025-08-05,75.5999984741211,76.56999969482422,73.68000030517578,74.58999633789062
2025-08-06,75.44000244140625,77.55999755859375,74.83999633789062,76.55000305175781
2025-08-07,76.87999725341797,76.87999725341797,75.12999725341797,76.37000274658203
2025-08-08,76.75,78.70999908447266,76.69999694824219,76.91999816894531
2025-08-11,76.51000213623047,78.19000244140625,74.73999786376953,77.66999816894531
2025-08-12,77.66000366210938,78.87000274658203,76.95999908447266,78.43000030517578
2025-08-13,78.48999786376953,78.95999908447266,73.5999984741211,75.5999984741211
2025-08-14,75.5,77.1500015258789,75.18000030517578,75.55000305175781
2025-08-15,75.30000305175781,75.61000061035156,73.36000061035156,75.5999984741211
2025-08-18,75.41999816894531,76.94999694824219,74.80000305175781,76.81999969482422
2025-08-19,76.4800033569336,76.81999969482422,73.29000091552734,73.81999969482422
2025-08-20,72.66000366210938,73.08999633789062,68.95999908447266,70.47000122070312
2025-08-21,70.79000091552734,71.5199966430664,70.47000122070312,71.43000030517578
2025-08-22,73.63999938964844,75.58000183105469,72.75,74.91000366210938
2025-08-25,75.16000366210938,75.95999908447266,74.44999694824219,74.97000122070312
2025-08-26,74.83000183105469,77.31999969482422,74.6500015258789,76.51000213623047
2025-08-27,76.44999694824219,76.44999694824219,75.08999633789062,75.27999877929688
2025-08-28,75.52999877929688,79.41999816894531,75.47000122070312,78.62999725341797
2025-08-29,80.98999786376953,83.0199966430664,76.2699966430664,77.38999938964844
2025-09-02,74.41000366210938,75.69000244140625,73.19999694824219,75.41999816894531
2025-09-03,76.0,77.66999816894531,75.41999816894531,77.16999816894531
2025-09-04,76.93000030517578,77.95999908447266,75.7300033569336,76.30999755859375
2025-09-05,77.02999877929688,77.79000091552734,74.62999725341797,75.8499984741211
2025-09-08,76.76000213623047,77.47000122070312,74.98999786376953,77.23999786376953
2025-09-09,77.95999908447266,79.54000091552734,77.01000213623047,77.38999938964844
2025-09-10,78.16999816894531,81.58000183105469,77.98999786376953,79.47000122070312
2025-09-11,79.4000015258789,81.38999938964844,78.69000244140625,79.88999938964844
2025-09-12,79.4800033569336,79.75,77.52999877929688,78.11000061035156
2025-09-15,78.4800033569336,86.37000274658203,78.22000122070312,86.31999969482422
2025-09-16,86.33000183105469,86.33000183105469,79.70999908447266,80.2300033569336
2025-09-17,81.8499984741211,82.33999633789062,80.30999755859375,81.80999755859375
2025-09-18,82.69999694824219,83.30000305175781,81.33999633789062,82.61000061035156
2025-09-19,83.0,86.83999633789062,82.4000015258789,86.18000030517578
2025-09-22,86.80000305175781,87.1500015258789,82.94999694824219,86.30999755859375
2025-09-23,86.70999908447266,88.44999694824219,85.12999725341797,86.88999938964844
2025-09-24,87.77999877929688,89.12999725341797,82.94999694824219,83.08999633789062
2025-09-25,80.4000015258789,86.45999908447266,79.30000305175781,85.66000366210938
2025-09-26,85.66000366210938,88.0,84.77999877929688,85.58000183105469
2025-09-29,87.2300033569336,87.66999816894531,83.93000030517578,84.45999908447266
2025-09-30,83.6500015258789,84.5999984741211,82.52999877929688,83.86000061035156
2025-10-01,83.08999633789062,84.41000366210938,82.38999938964844,83.48999786376953
2025-10-02,84.29000091552734,85.76000213623047,82.72000122070312,84.19999694824219
2025-10-03,84.5999984741211,86.0,83.52999877929688,84.16999816894531
2025-10-06,86.37999725341797,88.6500015258789,85.1500015258789,85.30999755859375
2025-10-07,86.16999816894531,89.02999877929688,84.5199966430664,86.44999694824219
2025-10-08,87.16999816894531,88.4800033569336,85.13999938964844,86.20999908447266
2025-10-09,87.1500015258789,87.87000274658203,85.7699966430664,86.7300033569336
2025-10-10,87.41000366210938,91.58000183105469,86.3499984741211,86.6500015258789
2025-10-13,90.0,94.36000061035156,89.7300033569336,92.1500015258789
2025-10-14,89.69999694824219,95.9800033569336,87.27999877929688,93.19000244140625
2025-10-15,96.0,97.79000091552734,90.27999877929688,93.45999908447266
2025-10-16,94.25,95.97000122070312,90.4000015258789,91.12999725341797
2025-10-17,87.79000091552734,89.52999877929688,85.0,86.58999633789062
2025-10-20,87.6500015258789,87.69999694824219,84.79000091552734,85.9000015258789
